2 0.06796875 0.68046875 0.0609375 0.0484375
0 0.07265625 0.234375 0.0265625 0.040625
1 0.23515625 0.16171875 0.078125 0.053125
1 0.25625 0.525 0.0671875 0.059375
4 0.153125 0.56953125 0.0609375 0.0484375
4 0.128125 0.9453125 0.096875 0.109375
0 0.26171875 0.75 0.0625 0.0953125
0 0.50703125 0.440625 0.040625 0.0609375
4 0.5484375 0.4375 0.0609375 0.05625
2 0.47890625 0.575 0.0921875 0.0875
4 0.7234375 0.86484375 0.053125 0.065625
4 0.3078125 0.54296875 0.04375 0.0453125
4 0.34453125 0.5015625 0.0453125 0.0421875
0 0.1828125 0.46171875 0.0359375 0.0578125
4 0.3703125 0.303125 0.040625 0.0375