2 0.565625 0.13515625 0.1 0.1640625
2 0.66015625 0.09921875 0.059375 0.0796875
2 0.74140625 0.19375 0.0921875 0.096875
4 0.7796875 0.671875 0.053125 0.0625
4 0.890625 0.77265625 0.040625 0.0546875
2 0.86171875 0.6546875 0.078125 0.1078125
2 0.803125 0.81796875 0.08125 0.1046875
2 0.81328125 0.709375 0.0453125 0.0609375
2 0.94609375 0.634375 0.1078125 0.128125
2 0.79453125 0.63203125 0.059375 0.059375
2 0.86171875 0.5609375 0.0671875 0.065625
2 0.84765625 0.72890625 0.034375 0.0296875
2 0.7578125 0.9515625 0.0328125 0.025
1 0.70390625 0.65703125 0.01875 0.034375
2 0.5453125 0.271875 0.0296875 0.0328125
2 0.9125 0.42890625 0.08125 0.103125
2 0.81484375 0.48203125 0.103125 0.0953125
2 0.75859375 0.41015625 0.1 0.0796875
2 0.85078125 0.38671875 0.05625 0.0640625
2 0.93359375 0.2640625 0.0484375 0.0390625
2 0.725 0.6390625 0.05625 0.0671875
2 0.93359375 0.13984375 0.0265625 0.04375
2 0.85546875 0.7578125 0.0421875 0.0328125
2 0.94765625 0.3484375 0.075 0.0734375