2 0.1828125 0.534375 0.04375 0.0421875
0 0.22109375 0.53125 0.0265625 0.025
0 0.36015625 0.65859375 0.034375 0.03125
0 0.48984375 0.48203125 0.0296875 0.040625
0 0.55859375 0.53359375 0.025 0.0265625
0 0.57890625 0.43984375 0.028125 0.0390625
4 0.509375 0.559375 0.040625 0.0265625
2 0.65546875 0.590625 0.05625 0.0640625
4 0.5984375 0.4578125 0.021875 0.0265625
1 0.7671875 0.18359375 0.059375 0.03125
1 0.790625 0.4078125 0.046875 0.0359375
4 0.95625 0.46640625 0.025 0.0265625
0 0.9421875 0.2640625 0.021875 0.0265625