4 0.6046875 0.48125 0.0203125 0.0265625
4 0.50234375 0.4859375 0.028125 0.03125
4 0.421875 0.434375 0.0296875 0.034375
4 0.3265625 0.52109375 0.025 0.0375
4 0.2484375 0.471875 0.0375 0.05
4 0.203125 0.4875 0.0453125 0.0796875
4 0.2671875 0.4203125 0.0453125 0.0734375
4 0.28515625 0.44765625 0.0515625 0.040625
4 0.30625 0.55625 0.0296875 0.028125
4 0.6328125 0.01640625 0.021875 0.0078125
0 0.6125 0.04765625 0.021875 0.028125
0 0.64296875 0.04453125 0.0265625 0.01875
1 0.64375 0.12109375 0.0234375 0.0390625
4 0.53515625 0.14375 0.0265625 0.01875
0 0.528125 0.1875 0.028125 0.028125
0 0.53671875 0.21953125 0.025 0.03125
4 0.53984375 0.25234375 0.0359375 0.04375
0 0.51875 0.27890625 0.0375 0.0234375
0 0.425 0.2859375 0.0375 0.0265625
2 0.5515625 0.21171875 0.034375 0.03125
0 0.52734375 0.396875 0.0265625 0.034375
0 0.5453125 0.3953125 0.025 0.03125
0 0.67734375 0.471875 0.0171875 0.0171875
2 0.35234375 0.60390625 0.034375 0.0484375
1 0.46171875 0.61171875 0.0453125 0.0484375
1 0.43359375 0.73046875 0.046875 0.065625
4 0.44453125 0.65078125 0.021875 0.025
0 0.5765625 0.6375 0.021875 0.021875