4 0.5859375 0.91328125 0.046875 0.0421875
4 0.42421875 0.84609375 0.0359375 0.0296875
4 0.82578125 0.5828125 0.08125 0.09375
4 0.7390625 0.60859375 0.065625 0.0578125
2 0.3984375 0.51953125 0.0484375 0.0484375
4 0.48359375 0.484375 0.065625 0.06875
4 0.46640625 0.54921875 0.05 0.034375
4 0.59296875 0.3875 0.0578125 0.034375
2 0.48515625 0.57890625 0.0609375 0.0546875
1 0.45859375 0.60078125 0.05625 0.0546875
1 0.409375 0.65625 0.0765625 0.06875
1 0.35703125 0.2890625 0.0671875 0.084375
0 0.68203125 0.49140625 0.071875 0.0546875
0 0.4828125 0.76015625 0.04375 0.025
0 0.70390625 0.86484375 0.05625 0.0609375
0 0.66953125 0.9546875 0.046875 0.04375
0 0.65078125 0.70390625 0.0609375 0.0375
0 0.528125 0.6109375 0.0421875 0.0453125
0 0.7578125 0.5640625 0.065625 0.046875