1 0.725 0.028125 0.115625 0.05625
2 0.178125 0.8296875 0.053125 0.0546875
2 0.23125 0.7640625 0.03125 0.0390625
2 0.28984375 0.90625 0.053125 0.08125
2 0.39453125 0.71796875 0.053125 0.0546875
2 0.2109375 0.59375 0.0203125 0.0421875
2 0.20390625 0.5515625 0.0203125 0.0359375
2 0.2328125 0.5296875 0.015625 0.034375
2 0.1953125 0.72265625 0.0171875 0.0171875
4 0.7859375 0.846875 0.1 0.18125
2 0.79375 0.95078125 0.0828125 0.04375
4 0.725 0.8953125 0.0625 0.078125
4 0.31015625 0.7671875 0.0296875 0.0265625
3 0.73828125 0.33046875 0.0703125 0.15625
2 0.94765625 0.9625 0.1046875 0.034375