0 0.709375 0.7046875 0.059375 0.05625
0 0.79375 0.61328125 0.0421875 0.0515625
0 0.54921875 0.75234375 0.0375 0.0609375
0 0.434375 0.51953125 0.034375 0.040625
0 0.446875 0.084375 0.0171875 0.0125
4 0.2890625 0.8125 0.0375 0.0515625
4 0.2578125 0.7015625 0.021875 0.0359375
4 0.3140625 0.6296875 0.0359375 0.0359375
2 0.50703125 0.74921875 0.05625 0.090625
1 0.62265625 0.6390625 0.05 0.0421875
2 0.7671875 0.68515625 0.06875 0.0796875
4 0.82265625 0.59765625 0.0578125 0.046875
1 0.60390625 0.31015625 0.0640625 0.053125
4 0.5390625 0.1296875 0.0140625 0.0125
1 0.46875 0.05625 0.0375 0.01875