2 0.10546875 0.403125 0.2109375 0.196875
2 0.203125 0.240625 0.0984375 0.0671875
2 0.2671875 0.3078125 0.0546875 0.0671875
2 0.378125 0.4671875 0.0625 0.05625
2 0.69921875 0.40546875 0.1890625 0.109375
2 0.5046875 0.4578125 0.05625 0.04375
2 0.571875 0.45703125 0.1078125 0.0796875
2 0.6078125 0.55390625 0.071875 0.05625
2 0.46875 0.76796875 0.0765625 0.0765625
2 0.8734375 0.50078125 0.0671875 0.0578125
2 0.8578125 0.29765625 0.0375 0.046875
2 0.896875 0.20703125 0.0703125 0.0578125
4 0.93359375 0.40234375 0.059375 0.046875
2 0.9640625 0.73671875 0.0359375 0.0296875
2 0.8046875 0.3640625 0.0671875 0.0390625