0 0.30703125 0.30546875 0.0140625 0.015625
0 0.30546875 0.3265625 0.0125 0.0203125
0 0.3828125 0.35 0.015625 0.025
0 0.39765625 0.41328125 0.01875 0.021875
0 0.51953125 0.3546875 0.0125 0.0234375
0 0.48671875 0.32890625 0.0171875 0.015625
1 0.5171875 0.41953125 0.03125 0.0296875
4 0.45546875 0.315625 0.01875 0.015625
2 0.56484375 0.47421875 0.025 0.04375
0 0.54765625 0.50546875 0.021875 0.0296875
0 0.50390625 0.49453125 0.015625 0.034375
0 0.48515625 0.5078125 0.0171875 0.034375
0 0.55 0.55 0.0203125 0.0375
0 0.54609375 0.6140625 0.01875 0.021875
0 0.58828125 0.64140625 0.025 0.0421875
4 0.53203125 0.58046875 0.015625 0.025
4 0.58359375 0.534375 0.040625 0.028125
4 0.6015625 0.51328125 0.0453125 0.0125
4 0.66015625 0.521875 0.015625 0.034375
4 0.66484375 0.42890625 0.025 0.034375
4 0.69140625 0.4453125 0.015625 0.0203125
1 0.6421875 0.41484375 0.0359375 0.03125
0 0.74296875 0.41015625 0.0125 0.0203125
4 0.7734375 0.51953125 0.028125 0.0265625
4 0.69921875 0.603125 0.025 0.028125
0 0.7875 0.628125 0.025 0.040625
2 0.81640625 0.63125 0.0546875 0.053125
1 0.97421875 0.61484375 0.0515625 0.0609375
4 0.59453125 0.7671875 0.0421875 0.06875
4 0.6796875 0.7984375 0.0359375 0.075
4 0.58046875 0.83515625 0.0421875 0.075
4 0.6125 0.97734375 0.04375 0.040625
4 0.80546875 0.74453125 0.025 0.028125
1 0.615625 0.81875 0.0515625 0.0578125