2 0.278125 0.53984375 0.3328125 0.3765625
2 0.109375 0.25625 0.103125 0.09375
2 0.11484375 0.1171875 0.0796875 0.0765625
2 0.3375 0.25234375 0.234375 0.1859375
2 0.50390625 0.484375 0.140625 0.1203125
2 0.4265625 0.43828125 0.109375 0.140625
2 0.45234375 0.353125 0.084375 0.0765625
2 0.1140625 0.71171875 0.228125 0.3859375
2 0.203125 0.50546875 0.040625 0.05
2 0.553125 0.578125 0.1109375 0.0921875
2 0.67421875 0.6359375 0.078125 0.0875
2 0.63203125 0.740625 0.0546875 0.1046875
2 0.5859375 0.73828125 0.0671875 0.09375
2 0.540625 0.8859375 0.175 0.228125
2 0.8171875 0.7765625 0.0734375 0.0765625
2 0.73125 0.778125 0.0328125 0.0390625
2 0.859375 0.92890625 0.075 0.10625
2 0.86875 0.86171875 0.0375 0.0375
2 0.90546875 0.91875 0.0296875 0.0765625
4 0.66875 0.90234375 0.15625 0.1953125
1 0.57109375 0.88515625 0.109375 0.1671875
2 0.8125 0.16796875 0.0640625 0.059375
4 0.68125 0.084375 0.025 0.0234375
2 0.33515625 0.01796875 0.0296875 0.0265625