2 0.421875 0.81796875 0.046875 0.0484375
0 0.43125 0.78046875 0.0265625 0.0296875
0 0.5984375 0.69453125 0.034375 0.0375
0 0.47734375 0.51328125 0.0421875 0.034375
0 0.5484375 0.46640625 0.0296875 0.0265625
0 0.46796875 0.415625 0.040625 0.03125
4 0.55625 0.52109375 0.03125 0.04375
2 0.6359375 0.3953125 0.0703125 0.0625
4 0.4921875 0.403125 0.028125 0.025
1 0.29375 0.153125 0.0375 0.0625
1 0.509375 0.20625 0.040625 0.05
4 0.62109375 0.07109375 0.0296875 0.0265625
0 0.428125 0.01640625 0.028125 0.025