2 0.934375 0.2359375 0.075 0.0609375
2 0.93671875 0.53515625 0.1265625 0.1234375
2 0.634375 0.57578125 0.0984375 0.0890625
2 0.4515625 0.8140625 0.08125 0.053125
2 0.440625 0.6609375 0.071875 0.075
2 0.37265625 0.6734375 0.0875 0.1125
2 0.5640625 0.43203125 0.109375 0.103125
2 0.48984375 0.3609375 0.1828125 0.1390625
2 0.28359375 0.25859375 0.0984375 0.10625
2 0.33828125 0.4375 0.278125 0.1546875
2 0.23359375 0.56015625 0.2140625 0.221875
4 0.1078125 0.44609375 0.215625 0.2359375
4 0.0421875 0.85234375 0.084375 0.0671875
2 0.01171875 0.875 0.0234375 0.040625