2 0.17734375 0.1859375 0.071875 0.0875
2 0.04375 0.33203125 0.08125 0.08125
2 0.1796875 0.2765625 0.096875 0.0765625
2 0.38515625 0.67265625 0.09375 0.1015625
2 0.24296875 0.946875 0.121875 0.090625
2 0.275 0.871875 0.0765625 0.078125
2 0.75546875 0.38984375 0.065625 0.071875
2 0.7296875 0.1890625 0.0734375 0.1140625
2 0.6859375 0.221875 0.034375 0.04375
2 0.46953125 0.04140625 0.0890625 0.0828125
2 0.46953125 0.3453125 0.1390625 0.1671875
2 0.52109375 0.75390625 0.1015625 0.1171875
2 0.58671875 0.84453125 0.134375 0.1953125
2 0.48046875 0.92421875 0.1328125 0.1515625
2 0.11484375 0.8359375 0.090625 0.1296875