2 0.6171875 0.6390625 0.0734375 0.05
4 0.3953125 0.39765625 0.0578125 0.078125
4 0.32265625 0.33828125 0.0890625 0.0984375
2 0.5390625 0.34296875 0.0859375 0.0828125
2 0.53046875 0.28984375 0.090625 0.0984375
2 0.46796875 0.37734375 0.065625 0.0890625
2 0.48046875 0.21171875 0.0734375 0.1015625
1 0.29140625 0.7875 0.05625 0.059375
4 0.19453125 0.7546875 0.0390625 0.04375
4 0.8421875 0.6828125 0.215625 0.2
4 0.48359375 0.0375 0.0984375 0.075
2 0.6296875 0.384375 0.040625 0.0515625
2 0.871875 0.31796875 0.04375 0.0640625
2 0.22890625 0.4328125 0.0421875 0.046875
4 0.40625 0.121875 0.0703125 0.1265625
4 0.6734375 0.54765625 0.046875 0.0546875