4 0.2609375 0.696875 0.0640625 0.06875
2 0.39375 0.87890625 0.165625 0.1546875
2 0.10078125 0.840625 0.1328125 0.10625
2 0.6859375 0.825 0.1109375 0.096875
2 0.69296875 0.9078125 0.084375 0.05625
2 0.62109375 0.7921875 0.1171875 0.0859375
2 0.4890625 0.76171875 0.0953125 0.075
2 0.559375 0.75 0.0796875 0.0828125
4 0.63984375 0.740625 0.078125 0.040625
1 0.3140625 0.53359375 0.05 0.0421875
2 0.3375 0.5890625 0.0609375 0.065625
2 0.2796875 0.58046875 0.0640625 0.065625
2 0.32421875 0.70625 0.096875 0.0578125
4 0.0359375 0.6890625 0.071875 0.08125
2 0.0703125 0.40234375 0.0390625 0.034375
2 0.10390625 0.584375 0.178125 0.1140625
4 0.5234375 0.921875 0.115625 0.0859375
2 0.55234375 0.871875 0.05625 0.04375
2 0.3015625 0.7671875 0.0390625 0.05
2 0.30625 0.909375 0.046875 0.0390625
2 0.1359375 0.7234375 0.1390625 0.11875
2 0.03984375 0.475 0.0796875 0.075
2 0.20390625 0.57734375 0.1375 0.128125
2 0.62578125 0.6296875 0.0390625 0.0234375
2 0.29453125 0.83984375 0.0703125 0.08125