2 0.6078125 0.6734375 0.3453125 0.290625
2 0.3859375 0.92890625 0.0828125 0.09375
2 0.24921875 0.9640625 0.0703125 0.071875
2 0.31015625 0.70703125 0.1578125 0.2203125
2 0.48203125 0.47109375 0.1046875 0.13125
2 0.46171875 0.56171875 0.1328125 0.090625
2 0.37109375 0.5640625 0.0671875 0.0796875
2 0.83125 0.82421875 0.3375 0.2796875
2 0.5984375 0.75703125 0.046875 0.0359375
2 0.559375 0.39453125 0.078125 0.1046875
2 0.5765625 0.25859375 0.0828125 0.0703125
2 0.69140625 0.265625 0.1046875 0.0390625
2 0.70390625 0.3125 0.090625 0.05625
2 0.865625 0.30859375 0.2234375 0.1453125
2 0.66796875 0.07578125 0.0703125 0.0640625
2 0.696875 0.1578125 0.0375 0.028125
2 0.80234375 0.0078125 0.1015625 0.015625
2 0.73515625 0.00703125 0.0328125 0.0140625
4 0.8375 0.17890625 0.1828125 0.1328125
1 0.85078125 0.28046875 0.1625 0.0859375
2 0.07734375 0.271875 0.05 0.059375
4 0.0375 0.4265625 0.0203125 0.021875
2 0.08203125 0.78359375 0.025 0.0265625