2 0.46796875 0.32265625 0.08125 0.1640625
2 0.59296875 0.359375 0.090625 0.134375
2 0.540625 0.3046875 0.0609375 0.0984375
2 0.52421875 0.2671875 0.059375 0.1
2 0.70234375 0.52421875 0.0890625 0.084375
2 0.9078125 0.43984375 0.103125 0.09375
2 0.95546875 0.68359375 0.0703125 0.0734375
2 0.48125 0.5734375 0.0234375 0.0265625
1 0.5 0.59609375 0.0140625 0.0234375
2 0.52890625 0.51328125 0.0296875 0.0390625
2 0.56796875 0.55 0.059375 0.05625
2 0.353125 0.49375 0.04375 0.0953125
2 0.3703125 0.4203125 0.0265625 0.0265625
4 0.38359375 0.45078125 0.0140625 0.0171875
2 0.56171875 0.84296875 0.05 0.0734375
2 0.51484375 0.79140625 0.0546875 0.0375
2 0.75 0.82890625 0.059375 0.040625
4 0.22578125 0.95078125 0.01875 0.0203125
2 0.10859375 0.5609375 0.0125 0.0125
4 0.3 0.51328125 0.0171875 0.01875