0 0.79921875 0.47109375 0.0078125 0.015625
1 0.81171875 0.44609375 0.015625 0.0359375
4 0.725 0.39609375 0.009375 0.0078125
1 0.515625 0.40234375 0.0421875 0.046875
1 0.24140625 0.47265625 0.04375 0.053125
0 0.134375 0.415625 0.053125 0.046875
0 0.16484375 0.58515625 0.0515625 0.0296875
2 0.16796875 0.6171875 0.08125 0.04375
4 0.2953125 0.84375 0.0390625 0.01875
4 0.3390625 0.76875 0.0203125 0.034375
0 0.378125 0.61640625 0.0390625 0.025
4 0.2015625 0.83984375 0.0375 0.0375
2 0.1453125 0.3515625 0.0484375 0.05625
4 0.2015625 0.2796875 0.04375 0.05
0 0.1953125 0.30625 0.0453125 0.0359375