4 0.575 0.81484375 0.0921875 0.0953125
4 0.52578125 0.728125 0.053125 0.0984375
4 0.29921875 0.55703125 0.046875 0.05625
4 0.31015625 0.3671875 0.03125 0.0359375
4 0.7390625 0.58203125 0.0484375 0.0578125
0 0.5640625 0.58671875 0.0375 0.0625
0 0.70234375 0.68359375 0.0578125 0.05
0 0.60390625 0.734375 0.046875 0.0546875
0 0.56796875 0.7296875 0.053125 0.0796875
0 0.36484375 0.628125 0.0546875 0.046875
0 0.26796875 0.634375 0.0390625 0.053125
0 0.19921875 0.6890625 0.05 0.065625
0 0.41328125 0.4109375 0.0375 0.0484375
0 0.5390625 0.47421875 0.0421875 0.04375
1 0.81015625 0.3375 0.096875 0.0734375
1 0.44609375 0.36875 0.071875 0.0765625
1 0.5890625 0.42734375 0.05 0.0484375
1 0.10625 0.43203125 0.05625 0.053125
2 0.54453125 0.36171875 0.0609375 0.0578125