0 0.375 0.6109375 0.0265625 0.0265625
0 0.09921875 0.3953125 0.05625 0.034375
0 0.16875 0.5484375 0.0546875 0.03125
0 0.1921875 0.2734375 0.05 0.0359375
4 0.21875 0.26015625 0.0390625 0.053125
4 0.2703125 0.81328125 0.0421875 0.0265625
4 0.3609375 0.77109375 0.0265625 0.0171875
4 0.3390625 0.796875 0.0265625 0.0171875
4 0.72578125 0.621875 0.053125 0.0390625
4 0.703125 0.47265625 0.0140625 0.0140625
1 0.7796875 0.5234375 0.0140625 0.034375
0 0.75546875 0.53828125 0.0109375 0.015625
1 0.521875 0.4328125 0.05 0.0453125
1 0.24375 0.44375 0.0546875 0.0515625
2 0.121875 0.5703125 0.071875 0.046875
2 0.11875 0.30546875 0.0625 0.0546875