0 0.52265625 0.6671875 0.0296875 0.0296875
3 0.22578125 0.9578125 0.0859375 0.040625
3 0.4484375 0.5328125 0.0265625 0.04375
3 0.4671875 0.490625 0.0484375 0.015625
3 0.35 0.43125 0.0390625 0.03125
3 0.23984375 0.559375 0.0328125 0.0296875
1 0.41484375 0.578125 0.0421875 0.0390625
1 0.39609375 0.7609375 0.0359375 0.0390625
1 0.27421875 0.74609375 0.0703125 0.0390625
2 0.5671875 0.44296875 0.0234375 0.028125
3 0.50859375 0.6109375 0.0234375 0.0171875
4 0.5625 0.6453125 0.01875 0.0234375
4 0.54765625 0.59765625 0.0125 0.0203125
4 0.578125 0.5359375 0.0203125 0.0234375
4 0.553125 0.54609375 0.01875 0.021875
0 0.35703125 0.15234375 0.025 0.0171875
2 0.2390625 0.64453125 0.0734375 0.05625