4 0.3609375 0.7875 0.0484375 0.0625
4 0.9578125 0.83515625 0.0234375 0.046875
4 0.9828125 0.11171875 0.034375 0.0578125
4 0.3578125 0.2421875 0.028125 0.0296875
2 0.42578125 0.46015625 0.0984375 0.0375
0 0.2546875 0.40625 0.0484375 0.0265625
0 0.5109375 0.54140625 0.0734375 0.0390625
0 0.51328125 0.68515625 0.075 0.0375
0 0.37109375 0.73515625 0.05 0.0296875
2 0.44296875 0.7390625 0.06875 0.075
1 0.01484375 0.653125 0.0296875 0.05
1 0.37265625 0.5375 0.053125 0.0515625
4 0.5328125 0.29375 0.0609375 0.0296875
4 0.31875 0.28125 0.028125 0.034375
0 0.74765625 0.54453125 0.05 0.0359375