4 0.79921875 0.62734375 0.2078125 0.271875
2 0.759375 0.85859375 0.078125 0.0890625
2 0.68046875 0.78359375 0.03125 0.0359375
2 0.471875 0.77109375 0.053125 0.0375
2 0.82109375 0.4046875 0.1046875 0.071875
2 0.73984375 0.45859375 0.109375 0.053125
2 0.68671875 0.47578125 0.103125 0.08125
1 0.990625 0.896875 0.01875 0.06875
4 0.93046875 0.89140625 0.0296875 0.0265625
4 0.92265625 0.27421875 0.05 0.05625
4 0.93515625 0.85234375 0.0578125 0.065625
4 0.92421875 0.9375 0.1015625 0.071875
4 0.71015625 0.94296875 0.0515625 0.0265625
2 0.95703125 0.27109375 0.0625 0.0921875