1 0.0859375 0.92421875 0.025 0.0578125
1 0.24296875 0.88984375 0.05 0.0828125
4 0.196875 0.94140625 0.0328125 0.028125
2 0.52734375 0.7421875 0.0453125 0.0640625
0 0.34921875 0.63046875 0.0515625 0.0375
0 0.334375 0.575 0.0421875 0.0359375
2 0.440625 0.48828125 0.0875 0.0578125
0 0.48203125 0.4421875 0.034375 0.021875
4 0.50234375 0.40234375 0.0515625 0.0421875
0 0.29296875 0.375 0.040625 0.034375
4 0.89609375 0.45625 0.1203125 0.0953125
4 0.86796875 0.37734375 0.0765625 0.053125
4 0.81484375 0.23359375 0.0671875 0.0546875
4 0.4671875 0.1515625 0.0453125 0.0453125
4 0.54453125 0.2125 0.0609375 0.0515625
4 0.56015625 0.1734375 0.040625 0.034375
4 0.48671875 0.08984375 0.0671875 0.046875
0 0.24375 0.17265625 0.053125 0.04375
0 0.1265625 0.08203125 0.0453125 0.034375
0 0.01953125 0.31015625 0.0375 0.0421875
4 0.1125 0.33984375 0.025 0.0203125
0 0.025 0.36953125 0.0375 0.028125
0 0.0375 0.3484375 0.0296875 0.0234375
4 0.06171875 0.4046875 0.0265625 0.0265625
1 0.040625 0.40703125 0.01875 0.03125