2 0.59375 0.96796875 0.0625 0.0546875
2 0.58203125 0.81640625 0.09375 0.11875
4 0.48828125 0.9359375 0.0265625 0.021875
2 0.5265625 0.60234375 0.1640625 0.19375
2 0.728125 0.5546875 0.3 0.25625
2 0.9015625 0.65703125 0.196875 0.2140625
4 0.7734375 0.6421875 0.0375 0.0296875
4 0.66484375 0.76328125 0.065625 0.0765625
2 0.59375 0.396875 0.1015625 0.128125
2 0.5890625 0.4703125 0.1203125 0.0921875
2 0.51171875 0.471875 0.08125 0.065625
2 0.64609375 0.3171875 0.0640625 0.06875
2 0.59140625 0.215625 0.08125 0.06875
2 0.73203125 0.2046875 0.0734375 0.0515625
2 0.85234375 0.19609375 0.1875 0.1609375
1 0.84140625 0.18359375 0.146875 0.096875
4 0.80703125 0.071875 0.1640625 0.14375
2 0.65546875 0.0828125 0.0328125 0.0296875
2 0.571875 0.040625 0.0453125 0.0640625
4 0.61328125 0.03359375 0.0625 0.0671875
2 0.6984375 0.1640625 0.0953125 0.0515625
4 0.5328125 0.09453125 0.0140625 0.0203125
2 0.12734375 0.2703125 0.04375 0.059375
4 0.153125 0.41015625 0.01875 0.0234375