0 0.19453125 0.6328125 0.0484375 0.028125
0 0.39453125 0.65703125 0.0359375 0.0265625
0 0.871875 0.53671875 0.0125 0.015625
0 0.178125 0.4421875 0.0515625 0.0328125
4 0.23203125 0.9109375 0.0515625 0.034375
4 0.3578125 0.83828125 0.034375 0.034375
4 0.3203125 0.928125 0.0328125 0.0171875
0 0.2484375 0.3046875 0.046875 0.04375
4 0.25078125 0.27890625 0.0265625 0.0515625
2 0.1921875 0.359375 0.0515625 0.05625
1 0.26484375 0.4875 0.053125 0.0640625
1 0.5640625 0.44453125 0.0515625 0.0453125
1 0.8875 0.51328125 0.015625 0.0375
4 0.78125 0.4703125 0.0125 0.0109375
2 0.1921875 0.66484375 0.0359375 0.0359375