0 0.9453125 0.534375 0.0359375 0.0390625
0 0.8125 0.69296875 0.0421875 0.0515625
0 0.63125 0.5421875 0.028125 0.0375
0 0.55625 0.49765625 0.028125 0.0453125
0 0.57109375 0.6 0.0265625 0.0375
0 0.14609375 0.421875 0.0203125 0.0328125
4 0.234375 0.12265625 0.0140625 0.0140625
4 0.203125 0.60546875 0.01875 0.0328125
1 0.2921875 0.296875 0.0625 0.0390625
1 0.31328125 0.52421875 0.0484375 0.04375
2 0.48515625 0.69609375 0.05625 0.05625
4 0.51171875 0.53984375 0.025 0.025
4 0.6109375 0.628125 0.0421875 0.0296875
4 0.59921875 0.5625 0.0375 0.034375
2 0.9796875 0.5328125 0.040625 0.065625