2 0.29140625 0.11875 0.1265625 0.2359375
2 0.3671875 0.25078125 0.065625 0.10625
2 0.42265625 0.19609375 0.109375 0.159375
2 0.4828125 0.06171875 0.215625 0.121875
2 0.49921875 0.225 0.090625 0.159375
2 0.5875 0.26640625 0.075 0.121875
2 0.8734375 0.1609375 0.2125 0.1921875
1 0.84765625 0.140625 0.1625 0.1265625
2 0.7703125 0.2609375 0.075 0.08125
2 0.78359375 0.35234375 0.109375 0.0671875
4 0.91484375 0.36640625 0.16875 0.2
2 0.77109375 0.4546875 0.0421875 0.0421875
2 0.56875 0.390625 0.0953125 0.071875
2 0.6546875 0.6125 0.071875 0.071875
2 0.80703125 0.6578125 0.103125 0.1046875
2 0.85546875 0.80234375 0.23125 0.1734375
4 0.740625 0.5578125 0.071875 0.0859375
2 0.5890625 0.5734375 0.01875 0.0265625
4 0.82734375 0.4015625 0.01875 0.0171875
2 0.07265625 0.8953125 0.0484375 0.0890625
2 0.02265625 0.690625 0.01875 0.03125
2 0.14375 0.1953125 0.015625 0.0265625
2 0.10703125 0.1359375 0.03125 0.040625