0 0.49453125 0.0296875 0.0078125 0.0125
0 0.33359375 0.14375 0.0140625 0.015625
4 0.47578125 0.128125 0.0203125 0.0171875
4 0.34296875 0.46875 0.0375 0.034375
4 0.38359375 0.57734375 0.0359375 0.0546875
4 0.40078125 0.575 0.0390625 0.046875
4 0.3265625 0.64140625 0.0390625 0.0859375
4 0.40390625 0.69765625 0.0390625 0.0765625
4 0.6046875 0.68203125 0.0625 0.075
4 0.5953125 0.571875 0.0578125 0.0515625
0 0.4046875 0.33203125 0.03125 0.034375
0 0.44296875 0.31015625 0.034375 0.028125
0 0.83671875 0.2859375 0.0265625 0.01875
0 0.8109375 0.2828125 0.028125 0.0296875
0 0.775 0.3546875 0.025 0.0265625
0 0.70625 0.396875 0.0171875 0.0328125
0 0.73984375 0.29609375 0.0265625 0.0296875
0 0.65078125 0.43359375 0.0265625 0.0421875
0 0.66171875 0.46875 0.034375 0.0359375
4 0.834375 0.19609375 0.0203125 0.01875
1 0.784375 0.278125 0.0375 0.03125
4 0.725 0.33125 0.0234375 0.0234375
2 0.62578125 0.3671875 0.0359375 0.0515625
0 0.5984375 0.38203125 0.0140625 0.025
0 0.68828125 0.47890625 0.0171875 0.028125
4 0.58828125 0.528125 0.0375 0.040625
4 0.7765625 0.43046875 0.053125 0.0421875
4 0.446875 0.83359375 0.04375 0.059375
1 0.303125 0.29921875 0.0484375 0.046875
1 0.2453125 0.2171875 0.05 0.0453125
4 0.26171875 0.3171875 0.040625 0.028125
4 0.2453125 0.50625 0.03125 0.04375