4 0.07734375 0.41640625 0.1546875 0.1546875
4 0.43984375 0.5734375 0.0828125 0.1453125
4 0.33828125 0.75390625 0.0671875 0.1140625
4 0.48359375 0.503125 0.05625 0.0671875
2 0.3875 0.19296875 0.06875 0.0875
2 0.4078125 0.40859375 0.071875 0.059375
2 0.25390625 0.34609375 0.1078125 0.1015625
2 0.4734375 0.4390625 0.0578125 0.0625
2 0.77265625 0.41796875 0.0328125 0.0421875
2 0.8140625 0.3984375 0.040625 0.0671875
2 0.2703125 0.5625 0.1078125 0.14375
2 0.02734375 0.45234375 0.0546875 0.0578125
2 0.15078125 0.49453125 0.1109375 0.0328125
3 0.5359375 0.94375 0.065625 0.1125
2 0.69296875 0.57890625 0.034375 0.0421875
2 0.72109375 0.3453125 0.05 0.08125
4 0.525 0.2984375 0.04375 0.0390625
4 0.4390625 0.2453125 0.0578125 0.08125
4 0.30859375 0.29296875 0.071875 0.090625
4 0.29296875 0.5453125 0.0625 0.0734375
4 0.1921875 0.51953125 0.04375 0.053125
4 0.21796875 0.4578125 0.0578125 0.0625
4 0.2953125 0.4609375 0.028125 0.0296875
4 0.10390625 0.13515625 0.1625 0.134375
4 0.46484375 0.37734375 0.021875 0.021875
4 0.3078125 0.34296875 0.0375 0.0546875
4 0.7171875 0.47265625 0.028125 0.0328125
2 0.23203125 0.2703125 0.090625 0.0796875
4 0.41953125 0.33203125 0.065625 0.08125
4 0.71875 0.1828125 0.0234375 0.05