3 0.25 0.22734375 0.03125 0.0671875
2 0.3671875 0.3421875 0.0828125 0.0890625
2 0.38046875 0.42265625 0.065625 0.075
4 0.571875 0.3625 0.071875 0.109375
2 0.85234375 0.53046875 0.1171875 0.109375
2 0.7421875 0.6015625 0.14375 0.15625
2 0.97109375 0.53359375 0.0578125 0.2078125
2 0.765625 0.95 0.184375 0.1
2 0.7515625 0.78515625 0.1484375 0.2046875
4 0.88671875 0.79921875 0.0671875 0.0796875
4 0.94140625 0.91015625 0.0796875 0.090625
4 0.90859375 0.60390625 0.0453125 0.0484375
1 0.9328125 0.67734375 0.121875 0.1125
1 0.878125 0.58515625 0.0296875 0.0484375
1 0.79921875 0.890625 0.0359375 0.04375