2 0.73984375 0.39765625 0.109375 0.1234375
2 0.5921875 0.3375 0.065625 0.0875
2 0.615625 0.26171875 0.06875 0.1125
2 0.671875 0.14375 0.1578125 0.178125
1 0.60078125 0.0828125 0.084375 0.0921875
2 0.58828125 0.15703125 0.028125 0.0546875
2 0.5671875 0.18046875 0.025 0.0703125
2 0.4703125 0.48046875 0.034375 0.034375
2 0.47265625 0.16171875 0.03125 0.0546875
2 0.83359375 0.3703125 0.0546875 0.0703125
2 0.8765625 0.44296875 0.1078125 0.0953125
4 0.625 0.5890625 0.01875 0.021875
4 0.7546875 0.01328125 0.078125 0.0265625
2 0.68828125 0.35390625 0.0609375 0.06875