0 0.184375 0.6203125 0.0421875 0.0234375
0 0.465625 0.4890625 0.0625 0.0390625
0 0.4703125 0.33203125 0.08125 0.040625
0 0.33125 0.2859375 0.0546875 0.03125
1 0.3390625 0.48359375 0.0609375 0.0546875
4 0.3203125 0.23359375 0.0390625 0.05
4 0.90546875 0.1765625 0.140625 0.0640625
4 0.26171875 0.734375 0.0484375 0.0359375
4 0.31484375 0.784375 0.0296875 0.025
4 0.478125 0.72578125 0.0734375 0.03125
2 0.36953125 0.57109375 0.0609375 0.03125
4 0.93203125 0.9328125 0.0890625 0.0609375
2 0.39765625 0.28046875 0.059375 0.0703125
0 0.7 0.48046875 0.065625 0.0484375