4 0.98828125 0.5921875 0.0109375 0.025
4 0.80546875 0.278125 0.0375 0.0265625
4 0.596875 0.26796875 0.0484375 0.0421875
4 0.3734375 0.29140625 0.0890625 0.0625
4 0.2578125 0.33046875 0.1140625 0.0671875
4 0.1296875 0.41953125 0.0671875 0.0703125
4 0.25234375 0.7015625 0.0640625 0.0953125
4 0.4015625 0.69765625 0.071875 0.0625
4 0.68359375 0.88046875 0.0265625 0.0265625
0 0.6578125 0.8328125 0.0328125 0.0421875
0 0.596875 0.809375 0.05 0.040625
0 0.56015625 0.7921875 0.046875 0.04375
0 0.65703125 0.7046875 0.0265625 0.0265625
0 0.6890625 0.9484375 0.0296875 0.0265625
0 0.71015625 0.92109375 0.0234375 0.025
0 0.73828125 0.98828125 0.0359375 0.0234375
4 0.8421875 0.99140625 0.021875 0.0171875
1 0.7625 0.95 0.0375 0.0453125
4 0.625 0.9375 0.0578125 0.040625
0 0.98125 0.43671875 0.021875 0.0203125
4 0.93515625 0.43125 0.0203125 0.0171875
1 0.925 0.3015625 0.065625 0.0640625
1 0.78984375 0.33203125 0.06875 0.075
0 0.753125 0.48046875 0.0359375 0.0453125
0 0.71015625 0.4640625 0.03125 0.04375
4 0.578125 0.38515625 0.0515625 0.053125
4 0.421875 0.3734375 0.0609375 0.05625
4 0.39765625 0.3765625 0.0546875 0.053125
2 0.58359375 0.31796875 0.0671875 0.08125
4 0.47109375 0.71328125 0.0578125 0.0421875
2 0.678125 0.71796875 0.0515625 0.0515625