4 0.2921875 0.34140625 0.0328125 0.0328125
4 0.45859375 0.2625 0.05 0.0421875
4 0.68828125 0.40703125 0.0859375 0.0515625
4 0.68984375 0.4984375 0.140625 0.0921875
1 0.4890625 0.83203125 0.0703125 0.0875
1 0.371875 0.46796875 0.08125 0.0765625
1 0.48203125 0.5875 0.0578125 0.053125
1 0.25625 0.13046875 0.0515625 0.0546875
0 0.39453125 0.41953125 0.0421875 0.040625
0 0.503125 0.5125 0.0375 0.0421875
0 0.5484375 0.30859375 0.046875 0.0515625
0 0.51953125 0.209375 0.053125 0.034375
0 0.540625 0.12265625 0.071875 0.0484375
0 0.7078125 0.45078125 0.0703125 0.0515625
0 0.72265625 0.48125 0.05625 0.0484375
0 0.734375 0.5890625 0.059375 0.059375
4 0.65078125 0.67578125 0.040625 0.0265625
2 0.4 0.5609375 0.0578125 0.05625