2 0.18046875 0.528125 0.04375 0.040625
0 0.21796875 0.52578125 0.0265625 0.0234375
0 0.3515625 0.65703125 0.0328125 0.0296875
0 0.48515625 0.48671875 0.0296875 0.0390625
0 0.55234375 0.53984375 0.0234375 0.0265625
0 0.575 0.44765625 0.025 0.0359375
4 0.50234375 0.5640625 0.040625 0.025
2 0.6453125 0.6 0.0546875 0.0625
4 0.59375 0.4671875 0.0203125 0.0265625
1 0.76953125 0.2015625 0.0578125 0.028125
1 0.7859375 0.4234375 0.0453125 0.034375
4 0.94765625 0.4875 0.0234375 0.0265625
0 0.93984375 0.2875 0.0203125 0.0265625