2 0.79296875 0.43046875 0.234375 0.0953125
2 0.6453125 0.63671875 0.0828125 0.08125
4 0.5765625 0.67421875 0.021875 0.015625
4 0.56484375 0.91015625 0.0484375 0.1
4 0.859375 0.971875 0.0625 0.05625
4 0.54609375 0.81953125 0.0390625 0.0390625
2 0.63984375 0.45859375 0.040625 0.025
2 0.53125 0.40703125 0.0390625 0.0203125
4 0.50390625 0.4203125 0.0296875 0.025
2 0.4109375 0.4421875 0.109375 0.05625
2 0.38046875 0.56875 0.1546875 0.1109375
2 0.28359375 0.58828125 0.040625 0.0484375
4 0.2484375 0.5609375 0.0703125 0.0546875
4 0.29296875 0.43125 0.0375 0.0265625
2 0.25390625 0.7828125 0.08125 0.065625
2 0.16796875 0.78515625 0.084375 0.0625
4 0.27109375 0.95078125 0.06875 0.0578125
2 0.03125 0.8890625 0.0625 0.071875
2 0.403125 0.840625 0.0953125 0.0828125