4 0.48515625 0.82421875 0.0875 0.090625
4 0.50703125 0.72265625 0.0421875 0.1015625
4 0.67578125 0.48046875 0.0421875 0.053125
4 0.60390625 0.29609375 0.0296875 0.0359375
4 0.24765625 0.64609375 0.0453125 0.0546875
0 0.42265625 0.5953125 0.0296875 0.0609375
0 0.31640625 0.73515625 0.053125 0.0453125
0 0.43046875 0.753125 0.0421875 0.0515625
0 0.4640625 0.7375 0.046875 0.078125
0 0.6328125 0.57265625 0.05 0.0453125
0 0.73046875 0.546875 0.0328125 0.0515625
0 0.8171875 0.57890625 0.0421875 0.065625
0 0.515625 0.37265625 0.0328125 0.046875
0 0.41171875 0.47578125 0.040625 0.04375
1 0.09921875 0.42734375 0.09375 0.065625
1 0.46953125 0.3421875 0.0671875 0.0734375
1 0.346875 0.4453125 0.046875 0.046875
1 0.8265625 0.29453125 0.0515625 0.0484375
2 0.36953125 0.365625 0.0578125 0.053125