2 0.18671875 0.6953125 0.159375 0.1078125
2 0.19375 0.79140625 0.078125 0.0609375
2 0.3078125 0.8234375 0.0953125 0.0921875
4 0.734375 0.66484375 0.0625 0.053125
4 0.86484375 0.7203125 0.0546875 0.0421875
2 0.75234375 0.74296875 0.10625 0.08125
2 0.86796875 0.6265625 0.1015625 0.0828125
2 0.7796875 0.678125 0.0609375 0.046875
2 0.76953125 0.825 0.1265625 0.1125
2 0.70546875 0.69375 0.059375 0.059375
2 0.6703125 0.7796875 0.065625 0.0671875
2 0.81015625 0.7 0.03125 0.0359375
2 0.98125 0.3859375 0.0140625 0.015625
2 0.9765625 0.5328125 0.0453125 0.0375
1 0.68984375 0.60625 0.0328125 0.0203125
2 0.29609375 0.6234375 0.0328125 0.0296875
2 0.57734375 0.8765625 0.1 0.0828125
2 0.58359375 0.77109375 0.096875 0.1046875
2 0.5 0.7515625 0.0828125 0.1
2 0.51640625 0.83984375 0.0640625 0.0578125
2 0.44453125 0.96015625 0.0375 0.046875
2 0.51640625 0.98984375 0.0671875 0.0203125
2 0.6828125 0.63125 0.065625 0.05625
2 0.83828125 0.69609375 0.0328125 0.0390625
2 0.52578125 0.95 0.0796875 0.1