4 0.55546875 0.209375 0.053125 0.0640625
4 0.7171875 0.7265625 0.0296875 0.0296875
2 0.58984375 0.53984375 0.096875 0.0453125
0 0.76796875 0.540625 0.05 0.0296875
0 0.48515625 0.4875 0.0734375 0.04375
0 0.43984375 0.3515625 0.0765625 0.0421875
0 0.5609375 0.26171875 0.0515625 0.0328125
2 0.4921875 0.2796875 0.075 0.0796875
1 0.934375 0.23359375 0.053125 0.053125
1 0.61796875 0.45078125 0.05625 0.0546875
4 0.53671875 0.72890625 0.0625 0.034375
4 0.74296875 0.67890625 0.03125 0.0359375
0 0.2578125 0.55234375 0.0515625 0.0390625