2 0.2328125 0.53671875 0.1453125 0.165625
2 0.125 0.45546875 0.0609375 0.0625
2 0.12890625 0.51875 0.0296875 0.0609375
2 0.17265625 0.68046875 0.0578125 0.06875
2 0.2421875 0.70703125 0.1625 0.284375
4 0.16015625 0.921875 0.2734375 0.15625
2 0.0328125 0.365625 0.065625 0.1625
2 0.3734375 0.38984375 0.0328125 0.0265625
2 0.0375 0.790625 0.0390625 0.0484375
2 0.06328125 0.76484375 0.028125 0.0296875
4 0.965625 0.41484375 0.0296875 0.0515625
1 0.9578125 0.3421875 0.0484375 0.025
1 0.88203125 0.38515625 0.0328125 0.01875
1 0.8234375 0.34375 0.0265625 0.01875
2 0.8453125 0.55625 0.0609375 0.0828125