1 0.525 0.74375 0.0546875 0.0796875
1 0.66953125 0.459375 0.0546875 0.05
1 0.653125 0.36484375 0.0375 0.0375
1 0.9296875 0.20390625 0.0203125 0.025
1 0.7796875 0.31875 0.025 0.0171875
0 0.5046875 0.6 0.0375 0.025
0 0.53671875 0.3953125 0.0390625 0.034375
0 0.55234375 0.37265625 0.0390625 0.0234375
0 0.56796875 0.38046875 0.025 0.034375
0 0.55078125 0.3359375 0.0375 0.0390625
0 0.6671875 0.2171875 0.0234375 0.025
0 0.7375 0.20546875 0.0265625 0.021875
0 0.7375 0.3515625 0.03125 0.021875
0 0.4890625 0.43203125 0.0234375 0.028125
0 0.46796875 0.40859375 0.0375 0.0359375
0 0.66171875 0.54375 0.0265625 0.0203125
4 0.56875 0.61953125 0.0359375 0.03125
4 0.43515625 0.58671875 0.034375 0.025
4 0.65390625 0.4921875 0.0375 0.03125
4 0.7859375 0.25859375 0.0203125 0.015625
2 0.53046875 0.61015625 0.0328125 0.0421875
4 0.38671875 0.4734375 0.0578125 0.034375
4 0.29375 0.43515625 0.046875 0.0453125
4 0.38515625 0.36015625 0.0578125 0.05
4 0.53125 0.43515625 0.040625 0.034375
4 0.56328125 0.4375 0.034375 0.0453125
4 0.50234375 0.44765625 0.021875 0.01875
0 0.753125 0.09140625 0.028125 0.0234375
2 0.59375 0.42265625 0.0421875 0.04375