2 0.9234375 0.734375 0.1421875 0.134375
2 0.5421875 0.50078125 0.240625 0.065625
2 0.303125 0.64375 0.0953125 0.0546875
2 0.39609375 0.73984375 0.078125 0.0625
2 0.44375 0.67578125 0.0265625 0.0265625
2 0.478125 0.6484375 0.11875 0.090625
2 0.52421875 0.709375 0.0859375 0.0546875
2 0.18984375 0.915625 0.2015625 0.153125
2 0.33046875 0.8171875 0.23125 0.134375
2 0.3453125 0.92578125 0.125 0.0828125
2 0.23515625 0.76953125 0.0671875 0.0609375
2 0.278125 0.59140625 0.0234375 0.0625
2 0.284375 0.51171875 0.134375 0.0765625
2 0.02109375 0.6484375 0.0421875 0.0375
2 0.60859375 0.8015625 0.075 0.05625
2 0.52578125 0.86484375 0.0578125 0.040625
2 0.46953125 0.76796875 0.0265625 0.0265625
2 0.67578125 0.72734375 0.09375 0.08125
1 0.65625 0.678125 0.0390625 0.0234375
2 0.61171875 0.69609375 0.0328125 0.0359375
4 0.8234375 0.70390625 0.109375 0.084375
2 0.7984375 0.61171875 0.1328125 0.0671875
2 0.921875 0.65078125 0.0421875 0.0265625
2 0.3578125 0.02734375 0.071875 0.025
2 0.5171875 0.765625 0.0265625 0.034375