4 0.15625 0.58671875 0.0375 0.040625
4 0.35546875 0.553125 0.040625 0.0484375
4 0.4390625 0.5734375 0.0484375 0.025
4 0.4671875 0.59453125 0.0359375 0.025
2 0.5 0.63984375 0.0328125 0.040625
1 0.63046875 0.6125 0.04375 0.034375
4 0.62265625 0.6390625 0.021875 0.01875
1 0.59375 0.715625 0.040625 0.05625
0 0.68203125 0.60859375 0.0125 0.021875
0 0.56171875 0.4765625 0.0265625 0.025
0 0.5796875 0.3859375 0.025 0.021875
0 0.6703125 0.38125 0.01875 0.021875
0 0.596875 0.31953125 0.0203125 0.0265625
0 0.60625 0.30390625 0.025 0.0171875
0 0.659375 0.16484375 0.021875 0.021875
0 0.621875 0.16796875 0.01875 0.025
0 0.68203125 0.35234375 0.0125 0.021875
4 0.64921875 0.1703125 0.0109375 0.015625
1 0.67265625 0.23203125 0.025 0.028125
4 0.54921875 0.2125 0.025 0.0125
4 0.64140625 0.31484375 0.04375 0.025
1 0.9234375 0.0578125 0.009375 0.015625
2 0.63515625 0.290625 0.0390625 0.0375
0 0.6171875 0.315625 0.0140625 0.015625
0 0.74921875 0.5125 0.0125 0.0109375
4 0.69296875 0.5125 0.01875 0.0171875
4 0.6484375 0.50546875 0.01875 0.01875
4 0.63125 0.45546875 0.01875 0.01875
4 0.6265625 0.44921875 0.01875 0.021875
4 0.575 0.465625 0.0125 0.034375
4 0.5828125 0.51484375 0.0203125 0.0296875
4 0.53515625 0.56640625 0.015625 0.015625