2 0.6109375 0.84140625 0.05 0.0953125
2 0.3671875 0.621875 0.0703125 0.1078125
2 0.3421875 0.7921875 0.0890625 0.0671875
2 0.45625 0.7703125 0.128125 0.1171875
2 0.415625 0.8421875 0.0515625 0.08125
2 0.44296875 0.9125 0.065625 0.0625
2 0.57265625 0.6125 0.0796875 0.0828125
2 0.665625 0.5390625 0.06875 0.046875
2 0.64296875 0.440625 0.1421875 0.0703125
2 0.1453125 0.6671875 0.05 0.059375
1 0.12578125 0.56640625 0.034375 0.0140625
4 0.1 0.65078125 0.0625 0.05625
2 0.1203125 0.8265625 0.1171875 0.10625
2 0.2078125 0.740625 0.0625 0.0625
2 0.11796875 0.73203125 0.0890625 0.0625
2 0.046875 0.7296875 0.0734375 0.0625
2 0.05625 0.68203125 0.0234375 0.0359375
2 0.05625 0.6484375 0.05625 0.04375
2 0.2953125 0.6921875 0.0984375 0.090625
2 0.38828125 0.7296875 0.0578125 0.040625
2 0.5359375 0.728125 0.046875 0.053125
2 0.7640625 0.44140625 0.0875 0.0578125
2 0.51484375 0.425 0.0328125 0.0328125
2 0.94921875 0.7984375 0.1015625 0.0875
2 0.10390625 0.9921875 0.1546875 0.015625
2 0.31328125 0.9546875 0.1328125 0.090625
2 0.121875 0.60546875 0.096875 0.0703125
4 0.05 0.765625 0.0296875 0.0296875