2 0.1484375 0.13671875 0.1171875 0.125
1 0.18125 0.05234375 0.028125 0.0265625
2 0.134375 0.02734375 0.034375 0.03125
2 0.03359375 0.7484375 0.053125 0.0890625
2 0.59765625 0.31484375 0.0375 0.0796875
2 0.1484375 0.80703125 0.04375 0.021875
1 0.059375 0.85625 0.0171875 0.0109375
1 0.8265625 0.7375 0.00625 0.01875
1 0.709375 0.25703125 0.009375 0.015625
1 0.57890625 0.1046875 0.009375 0.01875
1 0.2609375 0.16875 0.040625 0.046875
4 0.5015625 0.41875 0.015625 0.025
4 0.03046875 0.33828125 0.0609375 0.1453125
2 0.0421875 0.103125 0.0484375 0.0421875