4 0.5734375 0.46015625 0.0609375 0.134375
2 0.58125 0.1921875 0.0640625 0.0765625
2 0.92578125 0.49140625 0.1484375 0.2234375
2 0.94140625 0.66328125 0.1171875 0.1828125
2 0.91484375 0.30078125 0.075 0.1015625
4 0.56328125 0.3765625 0.04375 0.0609375
4 0.44375 0.915625 0.0359375 0.08125
4 0.7859375 0.41640625 0.028125 0.04375
4 0.59453125 0.0703125 0.0546875 0.0796875
0 0.2953125 0.3890625 0.0171875 0.021875
3 0.35390625 0.50625 0.0359375 0.075
3 0.5609375 0.990625 0.05625 0.01875
1 0.39375 0.9546875 0.04375 0.0671875
2 0.29375 0.503125 0.03125 0.05
2 0.23828125 0.4921875 0.0203125 0.03125
2 0.2703125 0.2625 0.015625 0.053125
2 0.30625 0.2125 0.034375 0.0609375
2 0.64921875 0.2953125 0.0609375 0.0578125
2 0.5125 0.31328125 0.0421875 0.059375
2 0.6375 0.36484375 0.0796875 0.0640625
2 0.61953125 0.3953125 0.0421875 0.05625
2 0.61953125 0.31328125 0.059375 0.0671875
2 0.8046875 0.2734375 0.040625 0.0546875
2 0.76640625 0.5296875 0.0671875 0.0703125
2 0.85859375 0.45546875 0.025 0.103125
2 0.71796875 0.5015625 0.059375 0.0625
2 0.6078125 0.003125 0.05 0.00625
2 0.71015625 0.5484375 0.0265625 0.04375
2 0.64921875 0.1671875 0.05 0.04375
2 0.95625 0.09765625 0.075 0.190625
2 0.23828125 0.2484375 0.009375 0.01875
4 0.22890625 0.28515625 0.015625 0.0125
2 0.75546875 0.171875 0.06875 0.0703125
4 0.77890625 0.69921875 0.1171875 0.0859375
2 0.88046875 0.36875 0.04375 0.0359375