4 0.16796875 0.60234375 0.0390625 0.0421875
4 0.36875 0.55859375 0.0453125 0.0515625
4 0.45390625 0.575 0.0515625 0.0296875
4 0.48359375 0.59453125 0.0390625 0.0265625
2 0.51875 0.6390625 0.0359375 0.0421875
1 0.65 0.60390625 0.0453125 0.0359375
4 0.64375 0.63203125 0.025 0.0203125
1 0.61796875 0.7109375 0.0453125 0.059375
0 0.70234375 0.59765625 0.0140625 0.021875
0 0.5734375 0.4703125 0.028125 0.0265625
0 0.58671875 0.37734375 0.0265625 0.025
0 0.67734375 0.36796875 0.0203125 0.0234375
0 0.6 0.30859375 0.021875 0.028125
0 0.609375 0.2921875 0.0265625 0.0203125
0 0.65546875 0.1484375 0.025 0.025
0 0.61796875 0.153125 0.0203125 0.028125
0 0.6875 0.3375 0.0140625 0.021875
4 0.6453125 0.15546875 0.0125 0.015625
1 0.671875 0.215625 0.0265625 0.0296875
4 0.54609375 0.203125 0.025 0.0140625
4 0.6453125 0.30234375 0.046875 0.0265625
1 0.91796875 0.0265625 0.0109375 0.015625
2 0.6375 0.27734375 0.0421875 0.0390625
0 0.62109375 0.30390625 0.015625 0.015625
0 0.76484375 0.49609375 0.0125 0.0109375
4 0.7078125 0.49921875 0.0203125 0.01875
4 0.6625 0.49453125 0.0203125 0.0203125
4 0.64296875 0.4453125 0.0203125 0.021875
4 0.6375 0.4390625 0.0203125 0.0234375
4 0.5859375 0.4578125 0.0140625 0.034375
4 0.59609375 0.5078125 0.0234375 0.0328125
4 0.55078125 0.5625 0.01875 0.0171875