2 0.7171875 0.91796875 0.0578125 0.0484375
2 0.8828125 0.271875 0.1328125 0.171875
2 0.790625 0.296875 0.0796875 0.1015625
2 0.86015625 0.89375 0.0609375 0.0765625
2 0.47421875 0.67421875 0.0578125 0.071875
4 0.17890625 0.9171875 0.0265625 0.0375
4 0.325 0.44921875 0.03125 0.0578125
2 0.35078125 0.5484375 0.065625 0.090625
2 0.2546875 0.77109375 0.0453125 0.078125
2 0.27734375 0.765625 0.1109375 0.1828125
2 0.23125 0.80859375 0.03125 0.040625
2 0.1875 0.76796875 0.0515625 0.0828125
2 0.21953125 0.496875 0.0484375 0.078125