2 0.253125 0.2421875 0.0703125 0.1515625
2 0.271875 0.3703125 0.0265625 0.05
4 0.29765625 0.1109375 0.0390625 0.046875
2 0.41171875 0.125 0.0546875 0.1140625
2 0.71328125 0.08828125 0.05625 0.0734375
2 0.74765625 0.01875 0.0515625 0.0375
2 0.8015625 0.0421875 0.0390625 0.0609375
2 0.66875 0.18046875 0.075 0.11875
2 0.6203125 0.2609375 0.04375 0.0828125
2 0.684375 0.25390625 0.0578125 0.0703125
2 0.64921875 0.35 0.053125 0.075
2 0.7421875 0.4359375 0.1046875 0.09375
2 0.66640625 0.4171875 0.071875 0.08125
2 0.75859375 0.53828125 0.103125 0.1125
2 0.8578125 0.471875 0.0671875 0.0625
2 0.81796875 0.41640625 0.09375 0.109375
4 0.9109375 0.4390625 0.06875 0.0765625
4 0.90625 0.65234375 0.0984375 0.1328125
4 0.73359375 0.359375 0.103125 0.084375
4 0.72734375 0.20703125 0.0484375 0.0390625
2 0.928125 0.0484375 0.115625 0.096875
2 0.84375 0.83203125 0.0796875 0.0390625
2 0.73046875 0.928125 0.1484375 0.1328125
2 0.75 0.971875 0.1078125 0.0421875
2 0.8734375 0.9703125 0.0625 0.0359375
2 0.628125 0.05234375 0.11875 0.1046875
2 0.696875 0.30546875 0.0265625 0.028125
2 0.890625 0.5484375 0.053125 0.0703125
4 0.6015625 0.5609375 0.0671875 0.0828125
1 0.6078125 0.4171875 0.0328125 0.0296875
4 0.31171875 0.63828125 0.0296875 0.0328125
2 0.30390625 0.53203125 0.0296875 0.0390625