4 0.15078125 0.48671875 0.04375 0.046875
4 0.44453125 0.3640625 0.0328125 0.0328125
4 0.37734375 0.34140625 0.04375 0.025
4 0.5796875 0.31640625 0.025 0.0265625
4 0.6296875 0.4203125 0.021875 0.015625
4 0.64296875 0.43671875 0.0390625 0.034375
4 0.30234375 0.4484375 0.05625 0.034375
4 0.328125 0.53828125 0.0515625 0.0484375
4 0.29765625 0.55625 0.06875 0.0515625
4 0.49140625 0.5125 0.025 0.025
4 0.55 0.50546875 0.046875 0.0234375
4 0.57734375 0.49296875 0.0234375 0.0484375
4 0.56015625 0.4625 0.0453125 0.0234375
1 0.6484375 0.465625 0.0421875 0.040625
1 0.63203125 0.5484375 0.0328125 0.0359375
2 0.5953125 0.4984375 0.0375 0.040625
0 0.5484375 0.53046875 0.0359375 0.0328125
0 0.5703125 0.55234375 0.04375 0.0234375
0 0.57109375 0.5765625 0.040625 0.03125
0 0.5796875 0.540625 0.03125 0.0265625
0 0.71328125 0.57109375 0.0265625 0.0203125
0 0.64609375 0.38359375 0.01875 0.021875
0 0.43203125 0.51171875 0.034375 0.0359375
0 0.46484375 0.5203125 0.0375 0.025
0 0.6390625 0.69765625 0.025 0.025
0 0.71328125 0.7109375 0.034375 0.0203125
0 0.72578125 0.81796875 0.03125 0.021875
0 0.746875 0.83125 0.025 0.021875
4 0.7546875 0.659375 0.0203125 0.015625
4 0.7515625 0.609375 0.025 0.01875
1 0.88046875 0.7359375 0.015625 0.0234375
1 0.5125 0.18828125 0.059375 0.08125
2 0.509375 0.32265625 0.0390625 0.0390625
0 0.484375 0.328125 0.040625 0.025