4 0.10546875 0.6953125 0.0265625 0.04375
4 0.23984375 0.24375 0.03125 0.053125
4 0.5515625 0.32890625 0.0109375 0.0140625
4 0.6625 0.86015625 0.05 0.0375
1 0.55078125 0.509375 0.046875 0.0609375
1 0.478125 0.790625 0.0625 0.0640625
1 0.51484375 0.240625 0.0359375 0.0203125
0 0.4921875 0.26328125 0.0171875 0.0125
0 0.33125 0.65703125 0.028125 0.034375
0 0.359375 0.84609375 0.0328125 0.05625
0 0.50078125 0.9453125 0.034375 0.059375
2 0.5921875 0.94140625 0.0609375 0.06875
4 0.13125 0.63359375 0.025 0.0265625
4 0.165625 0.61328125 0.01875 0.0328125
0 0.6421875 0.87578125 0.040625 0.0515625
2 0.3234375 0.89609375 0.0515625 0.0734375