2 0.30078125 0.51875 0.209375 0.178125
2 0.13359375 0.7125 0.0859375 0.0625
2 0.04765625 0.625 0.0953125 0.134375
2 0.42734375 0.725 0.2625 0.3234375
2 0.38359375 0.93125 0.15625 0.1359375
2 0.56640625 0.5203125 0.121875 0.1109375
2 0.47265625 0.54140625 0.1 0.1203125
2 0.453125 0.4609375 0.0671875 0.0921875
2 0.75859375 0.48359375 0.0796875 0.0578125
2 0.6625 0.54921875 0.0765625 0.0703125
2 0.81328125 0.59609375 0.1109375 0.1171875
2 0.8484375 0.74375 0.18125 0.171875
1 0.86640625 0.72734375 0.109375 0.14375
2 0.93984375 0.43671875 0.059375 0.0296875
4 0.9328125 0.6828125 0.1296875 0.1265625
4 0.96328125 0.9875 0.0546875 0.025
2 0.91015625 0.51875 0.025 0.028125
2 0.153125 0.33828125 0.03125 0.021875
2 0.58203125 0.04765625 0.05 0.0421875
2 0.43671875 0.0859375 0.021875 0.01875
2 0.8234375 0.11328125 0.0296875 0.021875
4 0.946875 0.47109375 0.0734375 0.053125