2 0.56796875 0.053125 0.134375 0.1046875
2 0.73828125 0.04765625 0.1515625 0.090625
2 0.821875 0.1984375 0.0671875 0.1265625
2 0.8953125 0.21953125 0.0859375 0.0671875
2 0.74296875 0.11953125 0.0859375 0.0671875
2 0.76171875 0.21328125 0.0359375 0.08125
2 0.7125 0.27421875 0.096875 0.125
2 0.63515625 0.2921875 0.0703125 0.090625
2 0.68671875 0.3875 0.028125 0.025
4 0.66015625 0.403125 0.0859375 0.0890625
2 0.58515625 0.36953125 0.059375 0.0421875
2 0.6484375 0.471875 0.09375 0.0953125
2 0.70625 0.47109375 0.0921875 0.1015625
4 0.73984375 0.5421875 0.0484375 0.0609375
2 0.6921875 0.54609375 0.05 0.0515625
2 0.63359375 0.58515625 0.0671875 0.1296875
4 0.63046875 0.76796875 0.1 0.071875
2 0.415625 0.859375 0.0875 0.090625
2 0.490625 0.84140625 0.025 0.08125
2 0.40859375 0.93359375 0.0921875 0.11875
4 0.35546875 0.9265625 0.0296875 0.0765625
2 0.5078125 0.97578125 0.040625 0.0484375
2 0.4046875 0.98203125 0.05625 0.034375
1 0.521875 0.39140625 0.028125 0.025
2 0.31953125 0.0203125 0.0421875 0.040625
2 0.71640625 0.68125 0.09375 0.1609375
2 0.2578125 0.97734375 0.0265625 0.034375
4 0.58828125 0.975 0.0328125 0.05
4 0.459375 0.5828125 0.0328125 0.03125