1 0.090625 0.2375 0.0859375 0.05
4 0.03671875 0.1875 0.0296875 0.034375
2 0.24296875 0.54375 0.06875 0.046875
0 0.365625 0.35625 0.040625 0.0546875
0 0.425 0.340625 0.0390625 0.0453125
2 0.515625 0.45625 0.0609375 0.09375
0 0.5640625 0.50078125 0.0234375 0.0375
4 0.60625 0.52421875 0.04375 0.0546875
0 0.63984375 0.30078125 0.0375 0.0421875
4 0.54140625 0.93828125 0.1015625 0.1234375
4 0.62578125 0.9125 0.05625 0.08125
4 0.78125 0.86015625 0.0578125 0.071875
4 0.8734375 0.48984375 0.046875 0.046875
4 0.8078125 0.571875 0.053125 0.0640625
4 0.84921875 0.5890625 0.0375 0.0421875
4 0.93984375 0.5125 0.046875 0.0703125
0 0.85625 0.2515625 0.046875 0.05625
0 0.71328125 0.01484375 0.0453125 0.0296875
4 0.68046875 0.109375 0.0203125 0.025
0 0.65 0.0171875 0.03125 0.034375
0 0.67265625 0.028125 0.025 0.03125
4 0.6125 0.053125 0.028125 0.0265625
1 0.609375 0.03046875 0.0328125 0.01875