4 0.52890625 0.7078125 0.05 0.084375
2 0.48828125 0.375 0.0546875 0.053125
1 0.58203125 0.39140625 0.065625 0.071875
1 0.92890625 0.4265625 0.0578125 0.053125
1 0.43203125 0.43046875 0.05 0.0546875
1 0.2171875 0.36875 0.0875 0.0625
0 0.33828125 0.69453125 0.0515625 0.0484375
0 0.47734375 0.590625 0.0390625 0.0484375
0 0.44609375 0.7140625 0.0453125 0.0546875
0 0.48359375 0.71484375 0.0515625 0.071875
0 0.6140625 0.428125 0.040625 0.040625
0 0.4984375 0.48125 0.0421875 0.040625
0 0.665625 0.60625 0.0546875 0.0484375
0 0.83984375 0.66015625 0.04375 0.0703125
0 0.7640625 0.615625 0.0328125 0.0546875
4 0.740625 0.5390625 0.04375 0.05
4 0.7171875 0.3796875 0.0328125 0.0359375