2 0.340625 0.9640625 0.146875 0.05625
2 0.0875 0.80546875 0.090625 0.14375
2 0.03125 0.76953125 0.0625 0.0859375
2 0.15859375 0.90234375 0.1015625 0.084375
2 0.153125 0.8 0.0515625 0.0921875
2 0.2171875 0.74296875 0.125 0.1484375
2 0.3015625 0.7375 0.0890625 0.10625
2 0.26328125 0.62734375 0.034375 0.0296875
4 0.29296875 0.615625 0.10625 0.1078125
2 0.36796875 0.6640625 0.0703125 0.0546875
2 0.31875 0.54453125 0.115625 0.11875
2 0.25703125 0.53515625 0.1140625 0.121875
4 0.23203125 0.45390625 0.0609375 0.0734375
2 0.28359375 0.45703125 0.0609375 0.0609375
2 0.35234375 0.42578125 0.0953125 0.1484375
4 0.3859375 0.23203125 0.1171875 0.0921875
2 0.63125 0.17109375 0.109375 0.109375
2 0.54765625 0.1765625 0.0390625 0.090625
2 0.65 0.09296875 0.1171875 0.1421875
4 0.70625 0.109375 0.0453125 0.0875
2 0.55078125 0.03046875 0.0515625 0.0609375
2 0.6640625 0.04140625 0.0671875 0.0484375
1 0.43828125 0.65 0.0359375 0.03125
2 0.28046875 0.31015625 0.125 0.1859375
2 0.81796875 0.071875 0.034375 0.0421875
4 0.465625 0.02421875 0.04375 0.0484375
4 0.5375 0.4578125 0.0390625 0.0390625