2 0.79765625 0.621875 0.0984375 0.0546875
2 0.5921875 0.36796875 0.109375 0.0765625
2 0.76328125 0.35234375 0.0703125 0.0921875
2 0.734375 0.4640625 0.1234375 0.1328125
2 0.80859375 0.428125 0.0828125 0.0546875
2 0.87578125 0.4578125 0.065625 0.0671875
2 0.57265625 0.571875 0.0859375 0.08125
2 0.49375 0.66015625 0.05 0.071875
2 0.39765625 0.6328125 0.075 0.14375
2 0.6484375 0.14921875 0.0609375 0.053125
1 0.55 0.125 0.015625 0.034375
4 0.634375 0.1046875 0.059375 0.0640625
2 0.8078125 0.13359375 0.1109375 0.121875
2 0.71875 0.215625 0.065625 0.0640625
2 0.7140625 0.1265625 0.0671875 0.0921875
2 0.715625 0.05546875 0.065625 0.0765625
2 0.66796875 0.0625 0.0359375 0.025
2 0.634375 0.0609375 0.046875 0.059375
2 0.66640625 0.3 0.09375 0.1
2 0.69765625 0.3953125 0.04375 0.059375
2 0.6890625 0.5421875 0.05625 0.0484375
2 0.3921875 0.75234375 0.0609375 0.0890625
2 0.3890625 0.5046875 0.034375 0.034375
2 0.7359375 0.9515625 0.09375 0.096875
2 0.98046875 0.1265625 0.0390625 0.159375
2 0.9390625 0.33359375 0.121875 0.1390625
2 0.5890625 0.12421875 0.075 0.0984375
4 0.75078125 0.06015625 0.03125 0.03125