2 0.6609375 0.40078125 0.1765625 0.10625
2 0.66171875 0.53515625 0.1484375 0.109375
2 0.7 0.46640625 0.1078125 0.0765625
2 0.73046875 0.440625 0.109375 0.075
2 0.53203125 0.6921875 0.0984375 0.1015625
2 0.67734375 0.86796875 0.109375 0.1171875
2 0.45234375 0.9734375 0.0828125 0.053125
2 0.41796875 0.4890625 0.03125 0.028125
1 0.40078125 0.51484375 0.0265625 0.01875
2 0.49140625 0.51796875 0.0421875 0.0359375
2 0.46640625 0.5671875 0.0640625 0.0671875
2 0.45703125 0.33984375 0.1 0.0578125
2 0.53515625 0.33515625 0.0296875 0.0296875
4 0.50859375 0.35703125 0.01875 0.0171875
2 0.17734375 0.64921875 0.08125 0.0625
2 0.2140625 0.5875 0.0453125 0.059375
2 0.24765625 0.83125 0.05 0.0640625
2 0.31875 0.1203125 0.0140625 0.0140625
4 0.42265625 0.29296875 0.0203125 0.0203125