4 0.32265625 0.24140625 0.021875 0.03125
4 0.296875 0.1859375 0.034375 0.028125
4 0.25703125 0.2125 0.0609375 0.03125
0 0.37890625 0.396875 0.0359375 0.0328125
0 0.11015625 0.64609375 0.0609375 0.040625
0 0.1453125 0.4703125 0.0546875 0.034375
2 0.1046875 0.453125 0.08125 0.0609375
2 0.1515625 0.72734375 0.06875 0.0625
1 0.2625 0.571875 0.0703125 0.0640625
0 0.22734375 0.7578125 0.05625 0.0453125
0 0.7796875 0.41796875 0.0125 0.0171875
1 0.8 0.43515625 0.021875 0.0375
4 0.72734375 0.503125 0.01875 0.0125
1 0.540625 0.57265625 0.046875 0.046875
4 0.25390625 0.76875 0.0421875 0.05625