3 0.128125 0.13203125 0.0328125 0.053125
4 0.3890625 0.215625 0.059375 0.0703125
2 0.41875 0.275 0.0953125 0.109375
2 0.96484375 0.09453125 0.0703125 0.0640625
3 0.74296875 0.634375 0.121875 0.1828125
2 0.528125 0.70546875 0.103125 0.1328125
2 0.38203125 0.59375 0.075 0.059375
2 0.684375 0.43125 0.075 0.0890625
2 0.678125 0.59140625 0.04375 0.0453125
2 0.6609375 0.63203125 0.0421875 0.0484375
2 0.678125 0.859375 0.090625 0.075
2 0.765625 0.84296875 0.04375 0.0671875
2 0.86328125 0.82421875 0.0328125 0.0390625
2 0.88984375 0.646875 0.0609375 0.0578125
4 0.8234375 0.72109375 0.0453125 0.05625
4 0.63046875 0.52578125 0.1 0.1703125
4 0.54921875 0.49375 0.0375 0.0484375
2 0.7375 0.915625 0.26875 0.16875
2 0.91484375 0.86171875 0.0765625 0.078125
4 0.59296875 0.90703125 0.08125 0.134375
2 0.78828125 0.8015625 0.046875 0.03125
2 0.8578125 0.56484375 0.0453125 0.01875
2 0.21875 0.71796875 0.028125 0.028125