4 0.42265625 0.7890625 0.0203125 0.0296875
4 0.4140625 0.84921875 0.03125 0.025
4 0.36953125 0.83671875 0.0578125 0.0265625
0 0.43203125 0.62734375 0.0328125 0.03125
0 0.10703125 0.46953125 0.059375 0.034375
0 0.190625 0.625 0.0515625 0.0296875
2 0.15703125 0.653125 0.0765625 0.0546875
2 0.121875 0.38125 0.0640625 0.05625
1 0.27109375 0.496875 0.0640625 0.0578125
0 0.18515625 0.33203125 0.0515625 0.0390625
0 0.80234375 0.49140625 0.0109375 0.0171875
1 0.8171875 0.46953125 0.0171875 0.0359375
4 0.72890625 0.42734375 0.01875 0.0109375
1 0.5328125 0.415625 0.0453125 0.0453125
4 0.20625 0.31328125 0.0359375 0.053125