0 0.49609375 0.61484375 0.0328125 0.01875
0 0.38671875 0.44375 0.0359375 0.03125
0 0.40234375 0.421875 0.0296875 0.0203125
0 0.45078125 0.4 0.034375 0.03125
0 0.4734375 0.3859375 0.0296875 0.0203125
0 0.45625 0.371875 0.0359375 0.0203125
0 0.61953125 0.5234375 0.0125 0.0203125
4 0.58984375 0.49140625 0.0203125 0.0171875
4 0.5953125 0.46953125 0.040625 0.0296875
4 0.49296875 0.47265625 0.028125 0.034375
4 0.48984375 0.4359375 0.028125 0.0453125
4 0.46328125 0.42421875 0.034375 0.0203125
4 0.415625 0.4109375 0.0265625 0.015625
4 0.2921875 0.4328125 0.053125 0.040625
4 0.25546875 0.41875 0.06875 0.0484375
4 0.30078125 0.521875 0.059375 0.03125
4 0.5640625 0.6046875 0.025 0.025
4 0.4609375 0.5859375 0.0375 0.0296875
4 0.40859375 0.61796875 0.0421875 0.0234375
4 0.14375 0.503125 0.0390625 0.0421875
1 0.55078125 0.74375 0.0359375 0.075
1 0.753125 0.10625 0.01875 0.0234375
1 0.5640625 0.3609375 0.0390625 0.0375
1 0.59296875 0.44296875 0.034375 0.0375
2 0.5078125 0.42265625 0.046875 0.0328125
0 0.6046875 0.32109375 0.0234375 0.01875
0 0.56171875 0.18046875 0.0265625 0.01875
0 0.5109375 0.21171875 0.021875 0.0234375
0 0.56015625 0.07109375 0.0265625 0.01875
0 0.57890625 0.05546875 0.025 0.021875
4 0.63828125 0.27265625 0.0234375 0.0203125
4 0.6296875 0.22421875 0.0234375 0.0171875
0 0.4484375 0.3484375 0.0296875 0.01875