4 0.05859375 0.51640625 0.025 0.0515625
4 0.14375 0.41875 0.0265625 0.034375
4 0.2921875 0.5890625 0.0515625 0.0359375
4 0.46015625 0.115625 0.021875 0.0140625
1 0.39140625 0.03984375 0.0375 0.0140625
1 0.5015625 0.3171875 0.0484375 0.040625
0 0.37734375 0.05859375 0.015625 0.009375
0 0.2890625 0.43671875 0.025 0.0359375
0 0.3796875 0.65625 0.028125 0.05
0 0.53828125 0.73125 0.034375 0.053125
0 0.68515625 0.67265625 0.0421875 0.04375
4 0.134375 0.4640625 0.0171875 0.0265625
1 0.48984375 0.621875 0.053125 0.0515625
2 0.6546875 0.72421875 0.0609375 0.0375
2 0.35234375 0.7265625 0.0453125 0.075