4 0.37265625 0.91796875 0.053125 0.0328125
4 0.3015625 0.8046875 0.0390625 0.0328125
4 0.515625 0.70859375 0.0453125 0.059375
4 0.09765625 0.39921875 0.01875 0.025
1 0.00546875 0.44296875 0.0109375 0.0390625
1 0.309375 0.41953125 0.046875 0.0546875
0 0.015625 0.46328125 0.0109375 0.01875
0 0.36328125 0.665625 0.0390625 0.03125
0 0.60859375 0.64296875 0.0546875 0.0359375
0 0.73125 0.50859375 0.059375 0.0421875
0 0.71796875 0.34609375 0.0484375 0.0484375
4 0.34296875 0.828125 0.0296875 0.021875
1 0.6078125 0.5234375 0.059375 0.059375
2 0.759375 0.390625 0.046875 0.06875
2 0.66953125 0.69140625 0.0828125 0.059375