2 0.83828125 0.45 0.09375 0.04375
2 0.60859375 0.67890625 0.103125 0.065625
2 0.77578125 0.7125 0.0609375 0.084375
2 0.76015625 0.5984375 0.109375 0.121875
2 0.82890625 0.6421875 0.078125 0.0484375
2 0.89921875 0.61953125 0.059375 0.0609375
2 0.6109375 0.475 0.078125 0.0734375
2 0.5421875 0.3796875 0.04375 0.065625
2 0.44453125 0.396875 0.0609375 0.1375
2 0.6421875 0.90078125 0.05625 0.0453125
1 0.54140625 0.91484375 0.0125 0.0328125
4 0.6234375 0.94375 0.0515625 0.059375
2 0.79765625 0.93359375 0.1 0.1125
2 0.71796875 0.84296875 0.059375 0.0578125
2 0.7046875 0.93046875 0.05625 0.0859375
2 0.6984375 0.9828125 0.0578125 0.034375
2 0.65234375 0.9890625 0.034375 0.021875
2 0.61875 0.9796875 0.040625 0.040625
2 0.675 0.75390625 0.084375 0.0921875
2 0.71640625 0.66328125 0.0375 0.05625
2 0.721875 0.5171875 0.0515625 0.04375
2 0.45078125 0.278125 0.053125 0.084375
2 0.421875 0.52265625 0.03125 0.03125
2 0.81328125 0.08046875 0.0796875 0.1609375
2 0.978125 0.94140625 0.040625 0.1171875
2 0.946875 0.75 0.10625 0.1265625
2 0.58046875 0.9203125 0.065625 0.0921875
4 0.73359375 0.99296875 0.0265625 0.0140625