2 0.38046875 0.9328125 0.1515625 0.1234375
2 0.20078125 0.92421875 0.1671875 0.109375
2 0.128125 0.7578125 0.0828125 0.1375
2 0.05234375 0.72890625 0.09375 0.0796875
2 0.203125 0.84765625 0.09375 0.078125
2 0.19140625 0.74765625 0.046875 0.0890625
2 0.24921875 0.68828125 0.1125 0.1390625
2 0.33203125 0.6765625 0.08125 0.1
2 0.2875 0.571875 0.0328125 0.028125
4 0.315625 0.55859375 0.096875 0.1
2 0.39140625 0.6 0.0671875 0.05
2 0.33515625 0.48671875 0.10625 0.109375
2 0.275 0.4828125 0.10625 0.1140625
4 0.24453125 0.4046875 0.05625 0.0671875
2 0.2953125 0.4046875 0.05625 0.05625
2 0.36015625 0.36875 0.0828125 0.140625
4 0.3796875 0.17890625 0.1109375 0.084375
2 0.6140625 0.1015625 0.1 0.103125
2 0.53359375 0.1140625 0.034375 0.0875
2 0.625 0.04921875 0.103125 0.084375
4 0.68203125 0.04765625 0.0375 0.065625
1 0.46015625 0.5828125 0.0328125 0.028125
2 0.6375 0.98359375 0.05 0.0328125
2 0.28203125 0.26171875 0.1109375 0.175
4 0.5421875 0.38828125 0.0375 0.0375