0 0.371875 0.38984375 0.075 0.03125
0 0.34765625 0.26171875 0.0578125 0.0484375
0 0.35234375 0.309375 0.0390625 0.0421875
0 0.46796875 0.1609375 0.0578125 0.03125
0 0.47109375 0.01953125 0.0546875 0.0390625
0 0.63515625 0.184375 0.04375 0.0234375
0 0.5578125 0.325 0.0390625 0.0296875
0 0.42734375 0.36796875 0.0671875 0.040625
4 0.7078125 0.115625 0.0359375 0.0234375
4 0.59296875 0.01015625 0.0375 0.0140625
4 0.2875 0.27265625 0.0671875 0.0828125
4 0.46640625 0.30703125 0.0734375 0.0296875
4 0.51796875 0.3078125 0.0390625 0.053125
4 0.34140625 0.428125 0.078125 0.0625
4 0.23125 0.43046875 0.05 0.0515625
4 0.46484375 0.53828125 0.0390625 0.0375
4 0.58671875 0.43203125 0.0546875 0.053125
4 0.6 0.4125 0.0375 0.0296875
1 0.69140625 0.328125 0.0515625 0.0484375
1 0.61953125 0.3359375 0.0515625 0.0421875
1 0.646875 0.7171875 0.053125 0.078125
2 0.64765625 0.478125 0.0578125 0.04375
2 0.609375 0.3765625 0.06875 0.05625