4 0.51328125 0.84140625 0.0421875 0.040625
4 0.4109375 0.55546875 0.03125 0.028125
4 0.3859375 0.61796875 0.021875 0.0421875
4 0.371875 0.42421875 0.025 0.025
4 0.4734375 0.38125 0.0140625 0.0203125
4 0.490625 0.36953125 0.03125 0.0359375
4 0.48359375 0.6953125 0.03125 0.053125
4 0.571875 0.675 0.04375 0.0484375
4 0.58671875 0.7046875 0.0453125 0.0640625
4 0.5546875 0.51875 0.0234375 0.0234375
4 0.55078125 0.46171875 0.0203125 0.0453125
4 0.53984375 0.43515625 0.0453125 0.01875
4 0.51015625 0.45 0.0203125 0.04375
1 0.51796875 0.365625 0.0390625 0.040625
1 0.59609375 0.3859375 0.0328125 0.03125
2 0.546875 0.41796875 0.0375 0.0359375
0 0.575 0.46484375 0.0296875 0.034375
0 0.596875 0.44453125 0.0203125 0.0390625
0 0.6203125 0.4453125 0.0296875 0.0375
0 0.58671875 0.43515625 0.0234375 0.028125
0 0.621875 0.309375 0.01875 0.025
0 0.43984375 0.3640625 0.0203125 0.0171875
0 0.5515625 0.575 0.03125 0.03125
0 0.5609375 0.54375 0.0203125 0.034375
0 0.73984375 0.3875 0.021875 0.021875
0 0.75546875 0.31640625 0.01875 0.0328125
0 0.85859375 0.309375 0.01875 0.0265625
0 0.87109375 0.28984375 0.0203125 0.021875
4 0.709375 0.2734375 0.0140625 0.0203125
4 0.66015625 0.275 0.01875 0.021875
1 0.7875 0.15859375 0.0234375 0.015625
1 0.246875 0.48125 0.0765625 0.053125
2 0.37421875 0.4921875 0.0375 0.0375
0 0.37890625 0.515625 0.0234375 0.0375