1 0.38984375 0.31328125 0.0453125 0.0390625
1 0.41640625 0.4390625 0.034375 0.0328125
1 0.775 0.27578125 0.0546875 0.059375
4 0.515625 0.34140625 0.0296875 0.040625
4 0.496875 0.3234375 0.01875 0.040625
4 0.73828125 0.2859375 0.065625 0.0515625
4 0.80546875 0.2859375 0.0671875 0.0421875
4 0.75 0.1984375 0.0671875 0.0421875
4 0.4875 0.26796875 0.0359375 0.01875
4 0.46015625 0.171875 0.028125 0.0296875
4 0.65078125 0.0953125 0.034375 0.0296875
4 0.53046875 0.228125 0.0359375 0.03125
4 0.41796875 0.259375 0.0203125 0.0171875
4 0.4078125 0.290625 0.0375 0.03125
4 0.325 0.5140625 0.01875 0.01875
4 0.3328125 0.4828125 0.01875 0.01875
1 0.20703125 0.62109375 0.0140625 0.0171875
0 0.34296875 0.65625 0.021875 0.015625
0 0.36875 0.6546875 0.01875 0.0125
0 0.3671875 0.578125 0.0234375 0.0171875
0 0.43203125 0.55078125 0.025 0.021875
0 0.34765625 0.4484375 0.01875 0.015625
0 0.5 0.43203125 0.028125 0.0171875
0 0.51328125 0.44609375 0.03125 0.0203125
0 0.4984375 0.3828125 0.0296875 0.021875
0 0.53359375 0.371875 0.040625 0.0234375
0 0.61875 0.31484375 0.04375 0.03125
0 0.59921875 0.36640625 0.0296875 0.0234375
0 0.35 0.221875 0.021875 0.0140625
0 0.54140625 0.1375 0.0421875 0.034375
4 0.56328125 0.38515625 0.0296875 0.0203125
2 0.46953125 0.3765625 0.0484375 0.0375
2 0.54375 0.1078125 0.0546875 0.0546875
4 0.940625 0.2390625 0.04375 0.046875