2 0.38125 0.846875 0.2625 0.30625
2 0.28984375 0.63515625 0.209375 0.171875
2 0.0421875 0.70859375 0.078125 0.1015625
2 0.1015625 0.79609375 0.0890625 0.065625
2 0.528125 0.65546875 0.1203125 0.11875
2 0.42578125 0.60390625 0.0640625 0.0828125
2 0.309375 0.9140625 0.0265625 0.053125
2 0.3390625 0.98046875 0.0625 0.0390625
2 0.6046875 0.690625 0.0703125 0.0546875
2 0.74296875 0.64140625 0.071875 0.0515625
1 0.80078125 0.8984375 0.103125 0.146875
2 0.771875 0.9125 0.1703125 0.16875
2 0.72734375 0.77265625 0.0578125 0.0796875
2 0.765625 0.74453125 0.0484375 0.0953125
2 0.85859375 0.69296875 0.0234375 0.03125
4 0.86875 0.86015625 0.14375 0.159375
2 0.6078125 0.20546875 0.05 0.0421875
2 0.4609375 0.240625 0.0234375 0.0140625
2 0.84375 0.296875 0.028125 0.021875
2 0.16015625 0.45859375 0.028125 0.021875
4 0.04453125 0.48984375 0.040625 0.0421875
2 0.92734375 0.6265625 0.0625 0.0296875
4 0.91875 0.66953125 0.0734375 0.0546875
2 0.99765625 0.65546875 0.0046875 0.0234375