2 0.72109375 0.66875 0.1859375 0.09375
2 0.77578125 0.8390625 0.065625 0.05625
2 0.828125 0.75546875 0.1046875 0.0859375
2 0.8984375 0.78984375 0.053125 0.046875
2 0.54453125 0.69375 0.0546875 0.046875
2 0.35703125 0.565625 0.0671875 0.090625
2 0.203125 0.434375 0.0953125 0.059375
2 0.38828125 0.64609375 0.0390625 0.0265625
4 0.39921875 0.75703125 0.01875 0.0265625
2 0.60625 0.5171875 0.0328125 0.0390625
2 0.6359375 0.5921875 0.0609375 0.0359375
2 0.34140625 0.36875 0.0828125 0.0421875
2 0.02109375 0.41640625 0.0359375 0.0421875
2 0.2921875 0.81796875 0.05625 0.059375
2 0.41953125 0.86484375 0.0359375 0.025
2 0.28046875 0.73515625 0.046875 0.0140625
2 0.4265625 0.6359375 0.0328125 0.034375
4 0.51796875 0.58984375 0.05625 0.05
2 0.29921875 0.6828125 0.0703125 0.04375
2 0.59609375 0.43125 0.05625 0.059375