4 0.50703125 0.4984375 0.06875 0.1375
2 0.53828125 0.76953125 0.0671875 0.0796875
2 0.88984375 0.43203125 0.2203125 0.2390625
2 0.89140625 0.25703125 0.1859375 0.1953125
2 0.86640625 0.63046875 0.08125 0.1078125
4 0.5046875 0.584375 0.0484375 0.065625
4 0.33359375 0.05 0.040625 0.08125
4 0.7265625 0.525 0.03125 0.0453125
4 0.5625 0.89296875 0.059375 0.0828125
0 0.23125 0.5953125 0.01875 0.025
3 0.28046875 0.47109375 0.0390625 0.0765625
1 0.28125 0.03046875 0.0453125 0.0359375
2 0.21953125 0.48046875 0.0328125 0.0515625
2 0.1640625 0.49609375 0.021875 0.0328125
2 0.21640625 0.72578125 0.0171875 0.05625
2 0.2578125 0.7734375 0.0390625 0.0640625
2 0.59921875 0.66015625 0.0640625 0.0609375
2 0.45859375 0.653125 0.0453125 0.0625
2 0.5796875 0.58984375 0.084375 0.0671875
2 0.559375 0.56015625 0.0453125 0.0609375
2 0.56640625 0.64375 0.0640625 0.0703125
2 0.7578125 0.66796875 0.04375 0.059375
2 0.69609375 0.4109375 0.0703125 0.0765625
2 0.79609375 0.478125 0.0328125 0.1046875
2 0.64921875 0.44296875 0.0640625 0.0671875
2 0.5828125 0.9640625 0.0515625 0.0203125
2 0.6375 0.39609375 0.03125 0.0453125
2 0.609375 0.7890625 0.0546875 0.046875
2 0.94140625 0.83046875 0.1171875 0.2015625
2 0.18671875 0.74375 0.0109375 0.01875
4 0.17265625 0.70703125 0.0171875 0.0140625
2 0.71640625 0.775 0.0734375 0.0734375
4 0.69296875 0.23828125 0.125 0.0953125
2 0.8265625 0.5640625 0.046875 0.040625