2 0.11875 0.534375 0.2359375 0.2359375
2 0.13203125 0.37734375 0.171875 0.1625
2 0.09375 0.21953125 0.1265625 0.2015625
2 0.37109375 0.746875 0.0671875 0.059375
2 0.4171875 0.815625 0.071875 0.0875
0 0.69609375 0.7015625 0.0171875 0.01875
3 0.68671875 0.5984375 0.0359375 0.0703125
2 0.12265625 0.71640625 0.09375 0.10625
4 0.259375 0.6359375 0.0296875 0.04375
4 0.44921875 0.60078125 0.0625 0.1125
4 0.45546875 0.68984375 0.0484375 0.065625
4 0.54375 0.34921875 0.040625 0.06875
4 0.64921875 0.19296875 0.04375 0.0828125
1 0.70078125 0.1671875 0.0515625 0.0671875
1 0.571875 0.1046875 0.08125 0.1171875
2 0.23828125 0.8484375 0.075 0.0953125
2 0.33984375 0.56640625 0.08125 0.0640625
2 0.2046875 0.5984375 0.0515625 0.1078125
2 0.16171875 0.65546875 0.0359375 0.0421875
2 0.49453125 0.4265625 0.0671875 0.115625
2 0.3296875 0.50546875 0.046875 0.0796875
2 0.759375 0.6125 0.0203125 0.028125
2 0.70546875 0.8140625 0.0234375 0.0578125
2 0.73515625 0.7328125 0.01875 0.0359375
2 0.72109375 0.69375 0.025 0.0453125
2 0.22109375 0.75703125 0.0625 0.071875
2 0.35390625 0.97421875 0.0390625 0.01875
2 0.3984375 0.684375 0.0828125 0.0734375
2 0.29375 0.52890625 0.0515625 0.06875