2 0.40859375 0.27578125 0.203125 0.240625
2 0.38125 0.1765625 0.028125 0.0421875
2 0.43046875 0.21640625 0.0828125 0.1
2 0.465625 0.15625 0.03125 0.053125
2 0.49140625 0.03828125 0.04375 0.0546875
4 0.06640625 0.0859375 0.0234375 0.0609375
2 0.09765625 0.23203125 0.1359375 0.1171875
2 0.28515625 0.43984375 0.115625 0.159375
2 0.0328125 0.6734375 0.065625 0.10625
2 0.36796875 0.559375 0.121875 0.121875
2 0.403125 0.43828125 0.0921875 0.1015625
2 0.309375 0.85 0.059375 0.0703125
2 0.51953125 0.909375 0.0515625 0.1015625
4 0.53671875 0.625 0.0328125 0.0296875
4 0.48828125 0.6515625 0.0546875 0.0625
2 0.2578125 0.05 0.0546875 0.06875
2 0.16953125 0.09765625 0.1046875 0.121875
2 0.278125 0.30078125 0.0703125 0.1421875
2 0.30625 0.1875 0.075 0.1140625
2 0.50859375 0.06875 0.053125 0.065625
2 0.50625 0.01171875 0.0375 0.0234375
2 0.63125 0.45 0.0828125 0.1203125
2 0.578125 0.13359375 0.0953125 0.1265625
2 0.43515625 0.0390625 0.0390625 0.0734375
2 0.5390625 0.4953125 0.053125 0.0953125
4 0.1765625 0.00546875 0.04375 0.0109375
2 0.21328125 0.25078125 0.08125 0.0609375
2 0.4546875 0.57890625 0.103125 0.1140625
2 0.6296875 0.55078125 0.05 0.0484375
2 0.61484375 0.6890625 0.0265625 0.05
2 0.58125 0.51171875 0.0375 0.0625
2 0.528125 0.31875 0.0890625 0.121875
2 0.628125 0.34375 0.075 0.10625
2 0.43359375 0.71015625 0.0265625 0.0328125
2 0.60546875 0.596875 0.0203125 0.0296875
2 0.43671875 0.7015625 0.115625 0.1171875
2 0.45859375 0.81875 0.1140625 0.159375
2 0.5296875 0.67265625 0.0765625 0.090625