0 0.390625 0.79140625 0.0265625 0.0484375
0 0.36015625 0.5953125 0.025 0.0359375
0 0.4625 0.121875 0.015625 0.0109375
0 0.57890625 0.80078125 0.03125 0.05
4 0.115625 0.7640625 0.0328125 0.0515625
4 0.18359375 0.63828125 0.0328125 0.0328125
4 0.09609375 0.678125 0.0171875 0.0296875
0 0.7109375 0.72734375 0.0421875 0.04375
4 0.73671875 0.7234375 0.0484375 0.0234375
2 0.659375 0.78359375 0.053125 0.0484375
1 0.53125 0.7171875 0.0609375 0.0484375
1 0.56328125 0.42109375 0.0421875 0.0484375
1 0.484375 0.10546875 0.034375 0.0140625
4 0.5296875 0.20859375 0.009375 0.0125
2 0.359375 0.79453125 0.0359375 0.0359375