0 0.53203125 0.3234375 0.03125 0.025
3 0.37578125 0.13359375 0.053125 0.0765625
1 0.44453125 0.38828125 0.0453125 0.046875
1 0.39765625 0.34375 0.0375 0.0484375
1 0.290625 0.3953125 0.0703125 0.053125
3 0.45078125 0.50546875 0.05 0.0296875
3 0.51328125 0.4046875 0.01875 0.021875
3 0.2640625 0.52890625 0.034375 0.034375
3 0.40546875 0.63671875 0.0265625 0.034375
3 0.496875 0.53046875 0.03125 0.0453125
2 0.3546875 0.521875 0.0640625 0.05625
4 0.4875 0.44609375 0.028125 0.0328125
4 0.56171875 0.3125 0.01875 0.0421875
2 0.61484375 0.56796875 0.0234375 0.0328125
4 0.596875 0.39921875 0.0234375 0.0203125
4 0.61484375 0.390625 0.015625 0.021875
4 0.6234375 0.4109375 0.0140625 0.0140625
0 0.47109375 0.86640625 0.0203125 0.01875