4 0.7140625 0.3265625 0.084375 0.0984375
4 0.65 0.40703125 0.0609375 0.071875
2 0.43125 0.71875 0.0765625 0.0484375
2 0.4453125 0.4 0.0609375 0.0875
2 0.54296875 0.41484375 0.078125 0.0875
2 0.49765625 0.23515625 0.0703125 0.09375
2 0.45 0.33359375 0.0734375 0.084375
2 0.60390625 0.0796875 0.065625 0.06875
2 0.60859375 0.14296875 0.0390625 0.0640625
1 0.79296875 0.80703125 0.053125 0.065625
4 0.88984375 0.74609375 0.0375 0.0640625
2 0.1125 0.45 0.04375 0.0609375
2 0.37421875 0.45625 0.0453125 0.0484375
4 0.2125 0.80078125 0.165625 0.2265625
4 0.45625 0.04609375 0.125 0.0921875
4 0.3484375 0.6265625 0.0546875 0.05