2 0.61015625 0.50625 0.115625 0.1375
2 0.36640625 0.69609375 0.053125 0.0640625
2 0.259375 0.628125 0.034375 0.05625
2 0.42734375 0.58359375 0.046875 0.071875
2 0.39765625 0.98515625 0.0265625 0.0265625
2 0.44140625 0.996875 0.0296875 0.00625
2 0.42890625 0.95 0.015625 0.0171875
2 0.28359375 0.9296875 0.028125 0.0375
2 0.34296875 0.96640625 0.0265625 0.05
2 0.31875 0.99453125 0.025 0.0109375
4 0.8578125 0.18203125 0.0328125 0.05625
4 0.928125 0.19375 0.046875 0.0390625
2 0.415625 0.115625 0.0203125 0.0296875
2 0.428125 0.49296875 0.01875 0.0421875
2 0.46328125 0.3671875 0.0203125 0.025
2 0.4140625 0.47421875 0.0140625 0.0109375
2 0.521875 0.68515625 0.0125 0.0140625
2 0.53828125 0.49609375 0.01875 0.0265625