4 0.36484375 0.25390625 0.034375 0.034375
4 0.2734375 0.42109375 0.0484375 0.0546875
4 0.4109375 0.6671875 0.0578125 0.090625
4 0.50546875 0.67421875 0.1015625 0.1484375
1 0.86328125 0.48359375 0.0921875 0.075
1 0.490625 0.3421875 0.08125 0.0875
1 0.61015625 0.4640625 0.0546875 0.0625
1 0.14765625 0.20390625 0.059375 0.05625
0 0.440625 0.36328125 0.04375 0.0453125
0 0.53203125 0.48125 0.04375 0.0390625
0 0.31640625 0.5171875 0.0546875 0.05
0 0.215625 0.48125 0.0375 0.0578125
0 0.12421875 0.49921875 0.053125 0.075
0 0.45546875 0.690625 0.0578125 0.075
0 0.4859375 0.70703125 0.0515625 0.059375
0 0.59765625 0.72578125 0.0625 0.0625
4 0.69296875 0.64296875 0.03125 0.04375
2 0.58671875 0.3765625 0.059375 0.0625