2 0.94765625 0.75859375 0.0609375 0.075
2 0.68828125 0.90703125 0.1234375 0.1390625
2 0.50859375 0.65390625 0.0890625 0.096875
2 0.190625 0.9703125 0.04375 0.059375
2 0.21328125 0.6046875 0.053125 0.08125
2 0.34296875 0.5234375 0.075 0.0703125
2 0.3 0.4703125 0.1109375 0.0875
2 0.60234375 0.52578125 0.1 0.1078125
2 0.6296875 0.42578125 0.1390625 0.1828125
2 0.6234375 0.196875 0.10625 0.0984375
2 0.4921875 0.3296875 0.153125 0.2765625
2 0.33515625 0.29453125 0.21875 0.2125
4 0.375 0.13125 0.234375 0.215625
2 0.1359375 0.97109375 0.05625 0.053125