2 0.54609375 0.4734375 0.04375 0.04375
2 0.5203125 0.60390625 0.06875 0.0671875
1 0.503125 0.25703125 0.0734375 0.0703125
1 0.61796875 0.6234375 0.0734375 0.0546875
1 0.5375 0.65625 0.046875 0.046875
4 0.4453125 0.67421875 0.05 0.05625
4 0.39609375 0.6890625 0.08125 0.0390625
4 0.1765625 0.7640625 0.0625 0.090625
4 0.26953125 0.72265625 0.05625 0.0578125
4 0.0640625 0.57421875 0.0578125 0.0578125
4 0.1734375 0.5953125 0.0875 0.0640625
4 0.3109375 0.46015625 0.0484375 0.0390625
4 0.4953125 0.5671875 0.0640625 0.05625
0 0.59375 0.8 0.0390625 0.028125
0 0.44609375 0.8828125 0.0515625 0.0328125
4 0.6734375 0.84140625 0.0390625 0.034375
0 0.25546875 0.7828125 0.0453125 0.053125
0 0.24453125 0.721875 0.0640625 0.0453125
0 0.2875 0.67265625 0.0625 0.05
0 0.3375 0.65703125 0.0671875 0.040625
0 0.49375 0.66875 0.0453125 0.0359375