0 0.56640625 0.57421875 0.046875 0.028125
0 0.79765625 0.5125 0.0625 0.028125
0 0.7953125 0.346875 0.0453125 0.05
0 0.703125 0.24140625 0.0578125 0.034375
0 0.1375 0.47421875 0.015625 0.0140625
1 0.1109375 0.44609375 0.0203125 0.0375
1 0.39140625 0.3703125 0.0328125 0.0546875
4 0.209375 0.3953125 0.0125 0.009375
1 0.6734375 0.41953125 0.0640625 0.05
2 0.790625 0.284375 0.06875 0.0609375
4 0.6890625 0.21015625 0.0359375 0.053125
2 0.7828125 0.55234375 0.103125 0.04375
4 0.64765625 0.71640625 0.0265625 0.03125
4 0.79921875 0.77734375 0.0609375 0.03125
4 0.6953125 0.7859375 0.03125 0.0171875
4 0.06640625 0.9421875 0.0109375 0.0125