0 0.81328125 0.52265625 0.0078125 0.015625
1 0.82734375 0.49609375 0.0140625 0.0359375
4 0.73828125 0.43828125 0.009375 0.009375
1 0.51484375 0.43359375 0.04375 0.046875
1 0.21796875 0.4921875 0.0453125 0.053125
0 0.10703125 0.4265625 0.0546875 0.0484375
0 0.12890625 0.6078125 0.0546875 0.0296875
2 0.13125 0.64296875 0.0828125 0.04375
4 0.2546875 0.8921875 0.0390625 0.0171875
4 0.3046875 0.81328125 0.021875 0.034375
0 0.35546875 0.65390625 0.040625 0.0234375
4 0.15390625 0.88203125 0.0359375 0.0375
2 0.121875 0.3578125 0.05 0.059375
4 0.18671875 0.28515625 0.0453125 0.05
0 0.178125 0.3125 0.046875 0.0359375