0 0.24765625 0.5875 0.0375 0.01875
0 0.52578125 0.48671875 0.05625 0.0328125
0 0.54375 0.3375 0.0734375 0.0328125
0 0.41484375 0.28125 0.05 0.025
1 0.40703125 0.47109375 0.053125 0.0484375
1 0.02109375 0.31171875 0.0421875 0.0453125
4 0.409375 0.23125 0.0328125 0.0453125
4 0.95234375 0.22578125 0.0953125 0.05
4 0.31171875 0.70234375 0.04375 0.03125
4 0.3578125 0.7546875 0.028125 0.021875
4 0.51875 0.7125 0.0671875 0.025
2 0.428125 0.55703125 0.05625 0.025
4 0.9328125 0.94765625 0.08125 0.0515625
2 0.47890625 0.28203125 0.05 0.0625
0 0.75 0.49765625 0.059375 0.040625