2 0.659375 0.69140625 0.2 0.2375
2 0.71484375 0.77890625 0.0265625 0.0421875
2 0.65546875 0.7546875 0.08125 0.1
2 0.6390625 0.82265625 0.0296875 0.053125
2 0.64921875 0.94375 0.0421875 0.0546875
2 0.9515625 0.64296875 0.096875 0.1171875
2 0.7296875 0.496875 0.1140625 0.159375
2 0.91796875 0.19296875 0.0984375 0.103125
2 0.615625 0.40625 0.1203125 0.1203125
2 0.61796875 0.53359375 0.0921875 0.103125
2 0.58671875 0.11015625 0.0578125 0.0703125
2 0.36640625 0.11484375 0.05 0.1015625
4 0.43359375 0.39296875 0.034375 0.0296875
4 0.47265625 0.35390625 0.0546875 0.0625
4 0.93125 0.1140625 0.0515625 0.0953125
2 0.8703125 0.8640625 0.0546875 0.0703125
2 0.9421875 0.79296875 0.1046875 0.121875
2 0.77734375 0.62890625 0.06875 0.14375
2 0.78359375 0.7453125 0.0734375 0.1125
2 0.6234375 0.91953125 0.0515625 0.065625
2 0.64296875 0.97421875 0.0375 0.025
2 0.39453125 0.5890625 0.0796875 0.11875
2 0.5390625 0.878125 0.09375 0.125
2 0.703125 0.9265625 0.0375 0.0734375
2 0.4703125 0.51875 0.0515625 0.0953125
4 0.9671875 0.8984375 0.0421875 0.0453125
2 0.8546875 0.6578125 0.08125 0.0609375
2 0.52578125 0.41328125 0.1046875 0.1140625
2 0.36640625 0.49296875 0.0484375 0.0484375
2 0.3390625 0.35546875 0.025 0.0484375
2 0.42421875 0.51484375 0.0375 0.0625
2 0.53203125 0.6859375 0.0890625 0.121875
2 0.42890625 0.68984375 0.075 0.1078125
2 0.5078125 0.28125 0.0265625 0.0328125
2 0.37578125 0.440625 0.01875 0.0296875
2 0.5078125 0.28984375 0.1140625 0.115625
2 0.45234375 0.18515625 0.1125 0.159375
2 0.4265625 0.34609375 0.075 0.0890625