2 0.446875 0.334375 0.1140625 0.1828125
2 0.571875 0.396875 0.1171875 0.1546875
2 0.5265625 0.3296875 0.0828125 0.1125
2 0.515625 0.2875 0.0796875 0.1140625
2 0.65703125 0.590625 0.10625 0.103125
2 0.8875 0.540625 0.125 0.115625
2 0.89765625 0.80625 0.0953125 0.090625
2 0.4140625 0.60078125 0.03125 0.0328125
1 0.4296875 0.62890625 0.021875 0.028125
2 0.47578125 0.546875 0.0375 0.0453125
2 0.51015625 0.59296875 0.071875 0.06875
2 0.29453125 0.49375 0.0625 0.1046875
2 0.32578125 0.41953125 0.0328125 0.0328125
4 0.334375 0.4546875 0.0171875 0.01875
2 0.4484375 0.89921875 0.0640625 0.084375
2 0.409375 0.83671875 0.0640625 0.05
2 0.65078125 0.9203125 0.0671875 0.053125
2 0.025 0.51953125 0.0140625 0.015625
4 0.23515625 0.50390625 0.0234375 0.0234375