2 0.86953125 0.73359375 0.19375 0.2078125
2 0.9265625 0.62265625 0.146875 0.2671875
2 0.77265625 0.60703125 0.084375 0.0609375
2 0.8375 0.5875 0.1203125 0.090625
2 0.8046875 0.5109375 0.125 0.1375
2 0.79921875 0.4125 0.08125 0.08125
1 0.90859375 0.21875 0.1171875 0.1125
2 0.91171875 0.23671875 0.128125 0.1671875
2 0.83671875 0.284375 0.075 0.06875
2 0.72578125 0.34453125 0.06875 0.071875
2 0.6390625 0.20390625 0.0390625 0.05625
2 0.72265625 0.2078125 0.03125 0.0265625
4 0.6640625 0.1859375 0.0515625 0.0625
4 0.85859375 0.16640625 0.1421875 0.1484375
2 0.653125 0.1078125 0.0875 0.0765625
2 0.60703125 0.05546875 0.0890625 0.1109375
2 0.9765625 0.915625 0.046875 0.034375
2 0.7453125 0.87421875 0.0265625 0.0328125
2 0.3859375 0.54765625 0.04375 0.0484375
2 0.44921875 0.665625 0.01875 0.01875
2 0.38203125 0.34296875 0.021875 0.028125