2 0.125 0.50703125 0.0890625 0.0703125
2 0.146875 0.78203125 0.0890625 0.075
2 0.38984375 0.51953125 0.084375 0.1
2 0.38671875 0.596875 0.0625 0.05625
2 0.275 0.3875 0.1125 0.1546875
2 0.190625 0.27421875 0.08125 0.05625
2 0.10546875 0.16953125 0.084375 0.065625
2 0.5703125 0.278125 0.0546875 0.0609375
2 0.59453125 0.2328125 0.046875 0.0734375
2 0.61640625 0.034375 0.05 0.04375
2 0.65078125 0.371875 0.0375 0.0625
4 0.71484375 0.47578125 0.0375 0.0453125
2 0.67109375 0.6078125 0.0296875 0.021875
2 0.81796875 0.65234375 0.0453125 0.0796875
4 0.446875 0.81796875 0.0453125 0.0421875
2 0.090625 0.91875 0.14375 0.075