0 0.60625 0.06484375 0.0359375 0.0328125
0 0.721875 0.22265625 0.0484375 0.0390625
0 0.5421875 0.35390625 0.0359375 0.025
0 0.484375 0.4125 0.0421875 0.0265625
0 0.58046875 0.42265625 0.0328125 0.025
0 0.31953125 0.77265625 0.0296875 0.01875
0 0.10390625 0.92421875 0.0234375 0.0140625
4 0.065625 0.621875 0.0140625 0.0125
4 0.5015625 0.76171875 0.0296875 0.015625
1 0.23984375 0.609375 0.034375 0.059375
1 0.453125 0.6421875 0.0390625 0.04375
2 0.65 0.5234375 0.0515625 0.0515625
4 0.51328125 0.4640625 0.021875 0.0203125
4 0.61640625 0.39296875 0.028125 0.040625
4 0.553125 0.3875 0.03125 0.034375
2 0.6140625 0.028125 0.059375 0.04375