2 0.92109375 0.6140625 0.084375 0.0703125
2 0.84296875 0.79140625 0.0796875 0.08125
2 0.8390625 0.64921875 0.075 0.0953125
2 0.40390625 0.62265625 0.1 0.090625
2 0.21484375 0.85859375 0.0890625 0.11875
2 0.26953125 0.80078125 0.0765625 0.075
2 0.509375 0.17890625 0.06875 0.0640625
2 0.6984375 0.12265625 0.1125 0.0734375
2 0.68671875 0.17421875 0.0421875 0.0328125
2 0.93359375 0.2953125 0.0796875 0.0828125
2 0.6625 0.415625 0.1640625 0.1375
2 0.27578125 0.5328125 0.115625 0.0984375
2 0.16953125 0.51015625 0.190625 0.1328125
2 0.1140625 0.64609375 0.2015625 0.1375
2 0.953125 0.84765625 0.09375 0.1046875
2 0.83828125 0.9171875 0.0640625 0.0546875
2 0.36484375 0.92890625 0.1265625 0.0875
2 0.7421875 0.915625 0.1140625 0.059375