4 0.4140625 0.803125 0.021875 0.03125
4 0.40703125 0.86484375 0.034375 0.025
4 0.3609375 0.85234375 0.0609375 0.0296875
0 0.4203125 0.634375 0.034375 0.03125
0 0.08046875 0.4765625 0.0609375 0.0359375
0 0.1703125 0.63671875 0.05625 0.0328125
2 0.1359375 0.665625 0.08125 0.059375
2 0.09453125 0.384375 0.06875 0.0609375
1 0.25234375 0.5015625 0.06875 0.0609375
0 0.16015625 0.33203125 0.0546875 0.04375
0 0.803125 0.4875 0.0109375 0.0171875
1 0.81796875 0.4640625 0.0203125 0.0359375
4 0.72578125 0.42109375 0.0203125 0.0109375
1 0.521875 0.41328125 0.0453125 0.0453125
4 0.18125 0.3125 0.040625 0.05625