4 0.10546875 0.3671875 0.01875 0.025
4 0.39296875 0.1859375 0.034375 0.0265625
4 0.5703125 0.265625 0.0453125 0.040625
4 0.74609375 0.37890625 0.084375 0.0609375
4 0.82421875 0.46015625 0.1078125 0.06875
4 0.89296875 0.58828125 0.0640625 0.0671875
4 0.67265625 0.76953125 0.0640625 0.0890625
4 0.5515625 0.70390625 0.06875 0.0609375
4 0.23984375 0.7359375 0.0234375 0.025
0 0.28203125 0.7078125 0.0296875 0.0390625
0 0.3421875 0.7125 0.046875 0.040625
0 0.37890625 0.71484375 0.0453125 0.0421875
0 0.33671875 0.6015625 0.025 0.0265625
0 0.20703125 0.78984375 0.0296875 0.0265625
0 0.20078125 0.7578125 0.021875 0.021875
0 0.1484375 0.803125 0.034375 0.0265625
0 0.14921875 0.82578125 0.0328125 0.0265625
4 0.06015625 0.76640625 0.021875 0.0265625
1 0.14609375 0.7609375 0.0375 0.04375
4 0.26484375 0.80703125 0.05625 0.040625
0 0.18046875 0.2421875 0.01875 0.01875
4 0.22109375 0.25703125 0.01875 0.015625
1 0.284375 0.1546875 0.0625 0.0609375
1 0.38359375 0.2375 0.0671875 0.071875
0 0.35078125 0.375 0.034375 0.04375
0 0.39296875 0.3796875 0.0296875 0.040625
4 0.53671875 0.36953125 0.05 0.0515625
4 0.67109375 0.42578125 0.05625 0.0546875
4 0.6890625 0.4390625 0.053125 0.05
2 0.56015625 0.3125 0.065625 0.0765625
4 0.4859375 0.6875 0.05625 0.040625
2 0.31328125 0.603125 0.05 0.05