4 0.5640625 0.53984375 0.0359375 0.04375
4 0.571875 0.6015625 0.025 0.03125
4 0.73515625 0.71796875 0.0203125 0.0359375
4 0.74375 0.4828125 0.025 0.0359375
4 0.67265625 0.62734375 0.0234375 0.028125
4 0.321875 0.54609375 0.0140625 0.0140625
1 0.27109375 0.0046875 0.0109375 0.009375
1 0.36328125 0.021875 0.0171875 0.0203125
0 0.29375 0.27109375 0.0109375 0.0109375
4 0.425 0.94140625 0.0171875 0.01875
0 0.528125 0.54609375 0.021875 0.021875
2 0.4765625 0.6265625 0.021875 0.028125
0 0.67890625 0.73125 0.0359375 0.0265625