4 0.103125 0.6015625 0.0453125 0.0484375
4 0.31875 0.53828125 0.053125 0.0578125
4 0.4140625 0.54921875 0.05625 0.034375
4 0.44765625 0.56875 0.04375 0.0328125
2 0.490625 0.6140625 0.0421875 0.0484375
1 0.63125 0.565625 0.053125 0.0453125
4 0.62578125 0.59609375 0.028125 0.025
1 0.60390625 0.68515625 0.0546875 0.06875
0 0.68671875 0.5546875 0.0171875 0.025
0 0.53671875 0.425 0.03125 0.03125
0 0.54375 0.3234375 0.03125 0.028125
0 0.64296875 0.30546875 0.025 0.0265625
0 0.553125 0.24609375 0.025 0.0328125
0 0.56171875 0.22890625 0.0296875 0.021875
0 0.6015625 0.0671875 0.028125 0.028125
0 0.56015625 0.0765625 0.025 0.03125
0 0.6515625 0.27109375 0.0171875 0.0265625
4 0.59140625 0.075 0.0140625 0.0203125
1 0.625 0.13984375 0.0296875 0.034375
4 0.48671875 0.1359375 0.0296875 0.0171875
4 0.60234375 0.2359375 0.053125 0.0328125
2 0.5921875 0.21015625 0.0484375 0.0453125
0 0.57578125 0.23984375 0.0171875 0.01875
0 0.74765625 0.4390625 0.015625 0.0140625
4 0.68515625 0.446875 0.021875 0.0203125
4 0.6359375 0.44453125 0.0234375 0.0234375
4 0.61015625 0.39296875 0.021875 0.0234375
4 0.60390625 0.3859375 0.025 0.0265625
4 0.54921875 0.41171875 0.01875 0.0390625
4 0.5640625 0.4640625 0.0265625 0.0375
4 0.51875 0.52734375 0.0203125 0.0171875