4 0.621875 0.15546875 0.05 0.034375
4 0.5859375 0.21796875 0.0375 0.0328125
4 0.75078125 0.69140625 0.040625 0.0546875
4 0.24375 0.5875 0.0171875 0.0109375
1 0.14375 0.5484375 0.0171875 0.034375
1 0.44765625 0.59296875 0.0453125 0.04375
1 0.68203125 0.5140625 0.059375 0.059375
0 0.82890625 0.5375 0.065625 0.0359375
0 0.74140625 0.3875 0.065625 0.0296875
2 0.78515625 0.35546875 0.1046875 0.0578125
2 0.82421875 0.61875 0.071875 0.0625
0 0.76640625 0.6703125 0.0515625 0.04375
0 0.55859375 0.38359375 0.028125 0.0296875