0 0.13984375 0.21484375 0.01875 0.01875
4 0.08203125 0.35546875 0.0203125 0.021875
4 0.4703125 0.3203125 0.040625 0.0421875
4 0.5703125 0.39453125 0.059375 0.040625
4 0.56328125 0.4109375 0.053125 0.0453125
4 0.65234375 0.35390625 0.0921875 0.0484375
4 0.68828125 0.45 0.0828125 0.046875
4 0.61328125 0.65234375 0.0828125 0.0734375
4 0.503125 0.61015625 0.059375 0.0640625
0 0.31171875 0.34296875 0.0390625 0.0359375
0 0.27890625 0.37578125 0.03125 0.0375
0 0.1375 0.7734375 0.0203125 0.028125
0 0.14140625 0.74609375 0.0328125 0.0328125
0 0.2265625 0.73046875 0.0328125 0.0296875
0 0.290625 0.671875 0.034375 0.0203125
0 0.1765625 0.67578125 0.0328125 0.0296875
0 0.34375 0.62578125 0.046875 0.0328125
0 0.37734375 0.6484375 0.0390625 0.0390625
4 0.04609375 0.74453125 0.021875 0.025
1 0.1453125 0.71640625 0.034375 0.0421875
4 0.21640625 0.671875 0.0265625 0.025
2 0.28359375 0.58046875 0.05625 0.0421875
0 0.30703125 0.55703125 0.0265625 0.015625
0 0.3796875 0.67734375 0.0296875 0.0203125
4 0.459375 0.58984375 0.046875 0.0421875
4 0.303125 0.7546875 0.05 0.059375
4 0.815625 0.534375 0.065625 0.05
1 0.3078125 0.2296875 0.053125 0.0546875
1 0.2421875 0.14609375 0.0515625 0.0546875
4 0.3390625 0.1921875 0.034375 0.0453125
4 0.53828125 0.23125 0.0484375 0.0359375