0 0.3984375 0.65703125 0.0359375 0.075
0 0.2703125 0.671875 0.0515625 0.059375
0 0.3171875 0.67109375 0.0453125 0.0421875
0 0.17890625 0.54609375 0.034375 0.059375
0 0.03359375 0.53125 0.05625 0.059375
0 0.21328125 0.3828125 0.025 0.0421875
0 0.34609375 0.46875 0.0328125 0.040625
0 0.38046875 0.60078125 0.0453125 0.0703125
4 0.1515625 0.30703125 0.025 0.0359375
4 0.02890625 0.41171875 0.0359375 0.040625
4 0.27734375 0.73125 0.0859375 0.071875
4 0.3234375 0.55859375 0.034375 0.071875
4 0.32734375 0.50703125 0.053125 0.040625
4 0.434375 0.690625 0.06875 0.08125
4 0.42890625 0.7984375 0.0515625 0.0515625
4 0.55078125 0.575 0.0390625 0.0421875
4 0.4546875 0.44765625 0.0546875 0.05625
4 0.4359375 0.4328125 0.0328125 0.0375
1 0.35859375 0.3375 0.0515625 0.0546875
1 0.36171875 0.40859375 0.04375 0.0546875
1 0.73984375 0.4078125 0.0796875 0.0578125
2 0.50390625 0.39140625 0.046875 0.059375
2 0.40078125 0.421875 0.059375 0.0703125