4 0.2734375 0.6125 0.06875 0.0359375
4 0.353125 0.63671875 0.0296875 0.0359375
4 0.321875 0.51484375 0.025 0.0203125
4 0.32421875 0.49453125 0.0453125 0.034375
4 0.44921875 0.48671875 0.0375 0.040625
4 0.6640625 0.490625 0.046875 0.0515625
4 0.69765625 0.484375 0.0609375 0.0546875
4 0.65546875 0.59375 0.0640625 0.0375
4 0.796875 0.60859375 0.0421875 0.04375
4 0.52890625 0.4859375 0.025 0.0234375
4 0.47265625 0.4671875 0.0484375 0.025
4 0.4390625 0.46640625 0.028125 0.05
1 0.36875 0.7765625 0.0671875 0.08125
2 0.43125 0.65234375 0.0453125 0.0453125
0 0.46640625 0.653125 0.040625 0.0265625
4 0.55234375 0.67265625 0.0375 0.0265625
1 0.3265625 0.46328125 0.0484375 0.0484375
1 0.3765625 0.38203125 0.03125 0.0375
2 0.41328125 0.44609375 0.0390625 0.04375
0 0.48828125 0.4390625 0.0359375 0.0359375
0 0.4515625 0.4109375 0.0375 0.034375
0 0.475 0.4109375 0.0421875 0.0265625
0 0.48671875 0.378125 0.0375 0.0375
0 0.55078125 0.48125 0.0296875 0.0265625
0 0.328125 0.3453125 0.021875 0.0171875
0 0.5734375 0.48828125 0.0328125 0.0359375
0 0.38203125 0.209375 0.0296875 0.021875
0 0.4234375 0.2390625 0.021875 0.025
0 0.41953125 0.103125 0.028125 0.025
0 0.4046875 0.0828125 0.0265625 0.0203125
1 0.22734375 0.1171875 0.0171875 0.025
4 0.328125 0.24375 0.01875 0.015625
4 0.30625 0.296875 0.025 0.0203125
0 0.29140625 0.5421875 0.0203125 0.0203125