2 0.315625 0.61875 0.29375 0.34375
2 0.06015625 0.42578125 0.09375 0.0828125
2 0.02578125 0.3 0.0515625 0.071875
2 0.26484375 0.33984375 0.2171875 0.1625
2 0.4984375 0.4875 0.1296875 0.10625
2 0.41171875 0.47421875 0.09375 0.13125
2 0.40390625 0.38828125 0.078125 0.06875
2 0.1875 0.83671875 0.284375 0.3265625
2 0.23515625 0.61640625 0.0375 0.0484375
2 0.57578125 0.5546875 0.103125 0.08125
2 0.70546875 0.56171875 0.0703125 0.08125
2 0.70625 0.67109375 0.0421875 0.1
2 0.6625 0.6859375 0.0578125 0.0890625
2 0.678125 0.8390625 0.1515625 0.21875
2 0.884375 0.63671875 0.0640625 0.0703125
2 0.8078125 0.66953125 0.028125 0.0375
2 0.97265625 0.7578125 0.0546875 0.1
2 0.96171875 0.69453125 0.0328125 0.0328125
4 0.7984375 0.80390625 0.1359375 0.1796875
1 0.703125 0.8234375 0.0921875 0.1578125
2 0.66015625 0.09140625 0.059375 0.05
4 0.51171875 0.06484375 0.021875 0.021875
2 0.1765625 0.13046875 0.028125 0.025