4 0.68984375 0.81015625 0.0390625 0.021875
2 0.70078125 0.87109375 0.025 0.0328125
2 0.75546875 0.8796875 0.01875 0.0234375
1 0.64609375 0.778125 0.0265625 0.0265625
4 0.67890625 0.7640625 0.0125 0.0171875
4 0.51328125 0.98125 0.0859375 0.0375
1 0.57578125 0.9890625 0.0234375 0.015625
1 0.31015625 0.89453125 0.00625 0.003125
1 0.32578125 0.878125 0.05 0.0421875
3 0.26328125 0.83828125 0.10625 0.046875
4 0.74921875 0.82734375 0.0203125 0.0296875
3 0.584375 0.5375 0.0296875 0.0296875
0 0.6109375 0.69296875 0.0140625 0.0140625
3 0.525 0.7 0.0203125 0.0453125
3 0.46640625 0.6640625 0.021875 0.021875
1 0.4765625 0.63203125 0.0328125 0.0453125