2 0.62421875 0.16875 0.1109375 0.246875
2 0.41640625 0.3328125 0.090625 0.090625
4 0.38203125 0.40625 0.0171875 0.0234375
4 0.13671875 0.43125 0.1046875 0.0546875
4 0.04296875 0.13046875 0.0859375 0.0734375
4 0.23203125 0.446875 0.040625 0.0421875
2 0.60234375 0.32890625 0.028125 0.04375
2 0.6625 0.43984375 0.0234375 0.04375
4 0.65 0.4671875 0.028125 0.03125
2 0.63203125 0.565625 0.065625 0.115625
2 0.50234375 0.60390625 0.121875 0.1640625
2 0.4875 0.70625 0.053125 0.0453125
4 0.5171875 0.7421875 0.0609375 0.0765625
4 0.65 0.6890625 0.028125 0.040625
2 0.28515625 0.74921875 0.0703125 0.0875
2 0.28828125 0.8375 0.06875 0.0890625
4 0.10859375 0.740625 0.065625 0.0734375
2 0.18671875 0.97578125 0.0796875 0.0484375
2 0.21796875 0.59609375 0.0921875 0.103125
2 0.0296875 0.5828125 0.053125 0.0609375