2 0.39140625 0.2828125 0.1796875 0.1640625
2 0.4515625 0.1640625 0.06875 0.0671875
2 0.390625 0.17890625 0.0609375 0.0375
2 0.24140625 0.2484375 0.0765625 0.0671875
2 0.228125 0.3203125 0.2953125 0.2015625
4 0.05078125 0.26484375 0.1015625 0.3109375
2 0.51875 0.0515625 0.16875 0.103125
2 0.5578125 0.39375 0.03125 0.034375
2 0.11171875 0.1328125 0.053125 0.0515625
2 0.14140625 0.1578125 0.0328125 0.03125
4 0.6359375 0.9703125 0.0515625 0.0328125
1 0.703125 0.946875 0.0296875 0.0390625
1 0.65 0.884375 0.025 0.034375
1 0.6796875 0.82109375 0.0234375 0.028125
2 0.478125 0.87890625 0.0890625 0.0734375