0 0.61328125 0.46640625 0.034375 0.025
0 0.72578125 0.4765625 0.04375 0.0375
0 0.7765625 0.46484375 0.05625 0.0375
0 0.775 0.39921875 0.0421875 0.0453125
0 0.83046875 0.46015625 0.0609375 0.0296875
0 0.646875 0.23671875 0.0390625 0.0265625
0 0.59921875 0.16484375 0.040625 0.0328125
0 0.5140625 0.30078125 0.0390625 0.028125
0 0.60390625 0.56796875 0.040625 0.0203125
2 0.5609375 0.66171875 0.0671875 0.0578125
4 0.7921875 0.72265625 0.05625 0.0359375
4 0.925 0.61953125 0.0890625 0.053125
4 0.909375 0.4515625 0.08125 0.0625
4 0.82578125 0.4921875 0.0359375 0.0484375
4 0.653125 0.48984375 0.0390625 0.0546875
4 0.6890625 0.48671875 0.04375 0.0359375
4 0.54609375 0.1359375 0.0375 0.0359375
4 0.471875 0.25 0.028125 0.03125
1 0.58203125 0.4375 0.0359375 0.04375
1 0.49296875 0.48515625 0.0640625 0.0671875
1 0.44296875 0.0484375 0.0421875 0.04375
0 0.6 0.0546875 0.028125 0.0375
0 0.59921875 0.01796875 0.0359375 0.0234375
1 0.57109375 0.86875 0.0734375 0.0765625
4 0.5921875 0.53984375 0.0546875 0.046875
2 0.59296875 0.49921875 0.0453125 0.0421875