4 0.77421875 0.35859375 0.0171875 0.034375
2 0.8296875 0.3625 0.028125 0.0203125
2 0.84921875 0.31640625 0.01875 0.0140625
1 0.7375 0.390625 0.021875 0.0234375
4 0.73203125 0.35859375 0.015625 0.0109375
4 0.88984375 0.55078125 0.0296875 0.0734375
1 0.9109375 0.4984375 0.0234375 0.021875
1 0.76484375 0.70859375 0.0015625 0.0046875
1 0.75546875 0.690625 0.0328125 0.040625
3 0.70625 0.73671875 0.0296875 0.09375
4 0.80234375 0.3109375 0.0234375 0.015625
3 0.5140625 0.3921875 0.0234375 0.025
0 0.65546875 0.40234375 0.0109375 0.0125
3 0.64296875 0.47890625 0.0390625 0.0140625
3 0.59921875 0.521875 0.01875 0.0203125
1 0.5734375 0.50625 0.0390625 0.0234375
1 0.934375 0.9453125 0.0609375 0.0984375