2 0.85 0.23203125 0.2484375 0.1484375
2 0.72265625 0.31953125 0.1140625 0.0765625
2 0.7828125 0.37109375 0.1703125 0.125
2 0.92578125 0.41796875 0.1484375 0.2296875
2 0.7609375 0.45078125 0.1703125 0.10625
2 0.7265625 0.54296875 0.1296875 0.0859375
2 0.85859375 0.821875 0.2125 0.23125
1 0.8765625 0.79375 0.1421875 0.175
2 0.7484375 0.7265625 0.0875 0.0828125
2 0.65703125 0.7484375 0.078125 0.1171875
4 0.65546875 0.8921875 0.21875 0.2078125
2 0.553125 0.74453125 0.046875 0.0453125
2 0.6 0.53515625 0.0796875 0.103125
2 0.38359375 0.64140625 0.0796875 0.0796875
2 0.35234375 0.7984375 0.115625 0.115625
2 0.21015625 0.859375 0.1953125 0.2484375
4 0.446875 0.72265625 0.09375 0.08125
2 0.41796875 0.571875 0.028125 0.0203125
4 0.61171875 0.796875 0.01875 0.0203125
2 0.04765625 0.07890625 0.0953125 0.0578125
2 0.76015625 0.08984375 0.0296875 0.01875
2 0.815625 0.04765625 0.0453125 0.034375