4 0.371875 0.31640625 0.0390625 0.040625
4 0.48125 0.5328125 0.034375 0.034375
4 0.46953125 0.51640625 0.0484375 0.0390625
0 0.45546875 0.50546875 0.0421875 0.0328125
0 0.453125 0.2375 0.0296875 0.0296875
0 0.66171875 0.3140625 0.0390625 0.0359375
2 0.44453125 0.2015625 0.053125 0.0484375
4 0.56015625 0.5078125 0.034375 0.04375
2 0.63046875 0.62890625 0.075 0.0625
0 0.5390625 0.56015625 0.0359375 0.03125
0 0.43671875 0.5984375 0.0421875 0.03125
4 0.46484375 0.61640625 0.03125 0.025
1 0.45859375 0.81953125 0.040625 0.0484375
4 0.5484375 0.94921875 0.0296875 0.03125
0 0.3796875 0.9890625 0.028125 0.021875
1 0.26875 0.83515625 0.0375 0.065625