2 0.54609375 0.5125 0.0375 0.0375
2 0.49765625 0.38984375 0.0609375 0.05625
1 0.54140625 0.7328125 0.0640625 0.0609375
1 0.58984375 0.35390625 0.065625 0.04375
1 0.50625 0.3359375 0.0390625 0.040625
4 0.41328125 0.3328125 0.0421875 0.05
4 0.36171875 0.32734375 0.078125 0.0265625
4 0.13359375 0.29140625 0.0484375 0.0828125
4 0.23203125 0.31640625 0.0484375 0.0515625
4 0.05625 0.496875 0.05 0.0515625
4 0.16015625 0.45703125 0.0796875 0.0515625
4 0.31796875 0.56640625 0.04375 0.03125
4 0.48046875 0.4296875 0.05625 0.0484375
0 0.5359375 0.184375 0.0359375 0.0203125
0 0.37734375 0.12890625 0.046875 0.0265625
0 0.36640625 0.0046875 0.0515625 0.009375
4 0.60703125 0.13046875 0.034375 0.028125
0 0.20859375 0.259375 0.0390625 0.046875
0 0.20859375 0.321875 0.059375 0.0359375
0 0.25859375 0.3625 0.05625 0.0421875
0 0.309375 0.36875 0.0625 0.03125
0 0.46171875 0.3296875 0.040625 0.028125