0 0.43984375 0.42109375 0.0484375 0.03125
0 0.20546875 0.4703125 0.0640625 0.03125
0 0.19921875 0.6359375 0.0484375 0.0515625
0 0.2859375 0.74609375 0.059375 0.0375
0 0.86328125 0.54296875 0.015625 0.015625
1 0.8890625 0.57265625 0.021875 0.0390625
1 0.60390625 0.63359375 0.0359375 0.05625
4 0.78828125 0.61875 0.0125 0.009375
1 0.32578125 0.56953125 0.0671875 0.053125
2 0.20078125 0.69921875 0.071875 0.0640625
4 0.29921875 0.778125 0.0390625 0.0546875
2 0.22265625 0.43125 0.1046875 0.0484375
4 0.36640625 0.275 0.028125 0.0328125
4 0.21875 0.20625 0.0625 0.034375
4 0.3234375 0.203125 0.0328125 0.01875
4 0.95859375 0.0796875 0.0109375 0.0125