2 0.8375 0.6484375 0.325 0.3125
2 0.6375 0.77109375 0.20625 0.2421875
2 0.82734375 0.93515625 0.075 0.0640625
2 0.6328125 0.5140625 0.1390625 0.1421875
2 0.58828125 0.62890625 0.0953125 0.078125
2 0.9328125 0.71953125 0.059375 0.03125
2 0.98828125 0.67890625 0.0234375 0.0703125
2 0.66171875 0.4296875 0.065625 0.08125
2 0.59296875 0.2875 0.0625 0.08125
1 0.8609375 0.196875 0.16875 0.125
2 0.8796875 0.22578125 0.2 0.1984375
2 0.73515625 0.2890625 0.090625 0.071875
2 0.70078125 0.2515625 0.1046875 0.0625
2 0.63515625 0.15859375 0.0359375 0.028125
4 0.8125 0.12890625 0.1828125 0.16875
2 0.14296875 0.4796875 0.05 0.0578125
2 0.19765625 0.63203125 0.01875 0.0265625
2 0.2140625 0.21875 0.028125 0.034375
2 0.46328125 0.9296875 0.0265625 0.034375
2 0.5578125 0.0921875 0.0390625 0.06875
4 0.603125 0.096875 0.065625 0.084375
2 0.61953125 0.0046875 0.0390625 0.009375
2 0.578125 0.009375 0.028125 0.01875