4 0.33984375 0.2484375 0.028125 0.03125
4 0.2125 0.21328125 0.053125 0.0375
4 0.2875 0.17890625 0.0328125 0.021875
4 0.30703125 0.82109375 0.0359375 0.053125
4 0.803125 0.534375 0.0125 0.0125
1 0.8921875 0.475 0.015625 0.0359375
0 0.86328125 0.4578125 0.0109375 0.0171875
0 0.396875 0.41953125 0.03125 0.0265625
0 0.1859375 0.49375 0.0578125 0.03125
2 0.184375 0.46171875 0.0359375 0.040625
1 0.2984375 0.60859375 0.053125 0.0625
0 0.196875 0.68046875 0.059375 0.0375
2 0.2265625 0.75703125 0.046875 0.0609375
0 0.2875 0.8015625 0.0515625 0.0453125
1 0.5921875 0.59765625 0.0546875 0.04375