0 0.04140625 0.39921875 0.0125 0.0078125
0 0.18828125 0.26875 0.015625 0.0140625
4 0.14140625 0.40234375 0.0171875 0.0203125
4 0.50078125 0.35078125 0.0359375 0.0375
4 0.596875 0.4140625 0.053125 0.0375
4 0.59140625 0.43046875 0.046875 0.0390625
4 0.671875 0.37265625 0.084375 0.040625
4 0.70859375 0.46015625 0.075 0.0390625
4 0.64921875 0.65234375 0.075 0.0640625
4 0.54453125 0.61796875 0.053125 0.0578125
0 0.35390625 0.37890625 0.034375 0.03125
0 0.325 0.41171875 0.028125 0.034375
0 0.2125 0.7875 0.01875 0.0265625
0 0.215625 0.76171875 0.0296875 0.028125
0 0.29375 0.74375 0.028125 0.025
0 0.35078125 0.6859375 0.0328125 0.0171875
0 0.24453125 0.69609375 0.03125 0.0265625
0 0.39765625 0.63984375 0.04375 0.0265625
0 0.42890625 0.659375 0.0359375 0.034375
4 0.1265625 0.76484375 0.0203125 0.021875
1 0.21796875 0.73515625 0.0328125 0.0375
4 0.28203125 0.68984375 0.025 0.025
2 0.3390625 0.6015625 0.0515625 0.0375
0 0.359375 0.57890625 0.025 0.0125
0 0.43359375 0.68671875 0.028125 0.0171875
4 0.503125 0.60078125 0.0421875 0.0390625
4 0.36640625 0.7625 0.04375 0.0546875
4 0.83125 0.53203125 0.0609375 0.04375
1 0.3453125 0.27421875 0.046875 0.0484375
1 0.2796875 0.19921875 0.0453125 0.05
4 0.37265625 0.23828125 0.0296875 0.040625
4 0.55859375 0.2640625 0.04375 0.03125