2 0.69296875 0.30078125 0.2203125 0.25625
2 0.75703125 0.21328125 0.0296875 0.04375
2 0.69375 0.23359375 0.0890625 0.10625
2 0.68203125 0.1625 0.0359375 0.0578125
2 0.6984375 0.04765625 0.04375 0.0390625
2 0.96875 0.3703125 0.0625 0.121875
2 0.7515625 0.50625 0.128125 0.1703125
2 0.91015625 0.83125 0.078125 0.1078125
2 0.6265625 0.59140625 0.13125 0.1296875
2 0.63828125 0.46015625 0.1015625 0.1109375
2 0.575 0.896875 0.065625 0.0765625
2 0.3484375 0.87578125 0.059375 0.10625
4 0.4375 0.5921875 0.0359375 0.03125
4 0.475 0.6359375 0.0578125 0.0671875
2 0.9234375 0.1375 0.059375 0.0734375
2 0.9671875 0.21484375 0.065625 0.1328125
2 0.8109375 0.37265625 0.08125 0.1484375
2 0.82578125 0.253125 0.0828125 0.1203125
2 0.67265625 0.06171875 0.0546875 0.06875
2 0.41171875 0.38671875 0.090625 0.128125
2 0.58125 0.0984375 0.1046875 0.1359375
2 0.753125 0.06953125 0.0421875 0.0578125
2 0.48515625 0.465625 0.059375 0.1015625
2 0.8921875 0.3484375 0.0875 0.06875
2 0.534375 0.578125 0.1140625 0.1234375
2 0.37578125 0.484375 0.0515625 0.0515625
2 0.3375 0.625 0.0296875 0.0515625
2 0.4359375 0.465625 0.04375 0.065625
2 0.56171875 0.29765625 0.0984375 0.1296875
2 0.45390625 0.28515625 0.0828125 0.1140625
2 0.50625 0.7140625 0.028125 0.034375
2 0.38125 0.53984375 0.0234375 0.03125
2 0.50703125 0.7046875 0.1234375 0.1265625
2 0.4421875 0.809375 0.1265625 0.1703125
2 0.4265625 0.640625 0.08125 0.096875