0 0.03203125 0.71796875 0.0421875 0.0265625
0 0.2078125 0.68125 0.046875 0.0359375
0 0.12734375 0.8046875 0.0453125 0.0375
0 0.6265625 0.22578125 0.0171875 0.0140625
0 0.659375 0.23828125 0.0140625 0.0109375
0 0.7390625 0.375 0.0109375 0.009375
0 0.44921875 0.35 0.0234375 0.0171875
4 0.2796875 0.29296875 0.0265625 0.0234375
2 0.028125 0.621875 0.05625 0.05625
4 0.0921875 0.77734375 0.0453125 0.046875
4 0.10390625 0.79609375 0.053125 0.0515625
1 0.48984375 0.525 0.0328125 0.0578125
1 0.27890625 0.48046875 0.0421875 0.04375
4 0.6359375 0.11640625 0.0203125 0.0140625
4 0.715625 0.03671875 0.0109375 0.0125
4 0.7546875 0.08984375 0.0078125 0.009375
1 0.784375 0.27265625 0.00625 0.025
4 0.61953125 0.1921875 0.0078125 0.0125