0 0.2484375 0.61328125 0.0484375 0.0515625
0 0.30546875 0.71875 0.046875 0.0359375
0 0.25546875 0.45234375 0.05625 0.03125
0 0.503125 0.42109375 0.0375 0.0328125
0 0.89609375 0.56875 0.0109375 0.0171875
4 0.28203125 0.196875 0.05 0.034375
4 0.3921875 0.20234375 0.0328125 0.01875
4 0.440625 0.27734375 0.03125 0.03125
2 0.27109375 0.4140625 0.0859375 0.046875
1 0.3359375 0.55546875 0.0390625 0.046875
2 0.2484375 0.671875 0.071875 0.0625
4 0.31015625 0.75 0.04375 0.0546875
1 0.640625 0.64140625 0.046875 0.0578125
4 0.82578125 0.63828125 0.0109375 0.0125
1 0.91484375 0.5984375 0.0140625 0.0359375