0 0.70625 0.45625 0.071875 0.0359375
0 0.75390625 0.3421875 0.059375 0.0515625
0 0.740625 0.384375 0.040625 0.0453125
0 0.6625 0.22421875 0.05625 0.0359375
0 0.6875 0.0859375 0.0578125 0.0578125
0 0.64609375 0.0234375 0.0359375 0.0171875
0 0.50234375 0.2125 0.04375 0.025
0 0.54609375 0.35859375 0.040625 0.0328125
0 0.66015625 0.425 0.0671875 0.0453125
4 0.4484375 0.1359375 0.0359375 0.0234375
4 0.57734375 0.05 0.0390625 0.0359375
4 0.80703125 0.3640625 0.0703125 0.0828125
4 0.63515625 0.3609375 0.0703125 0.0359375
4 0.58671875 0.35078125 0.0421875 0.0546875
4 0.72734375 0.49765625 0.0796875 0.06875
4 0.828125 0.521875 0.05 0.053125
4 0.58984375 0.57578125 0.0421875 0.0390625
4 0.4984375 0.453125 0.05625 0.0546875
4 0.4890625 0.43203125 0.0375 0.03125
1 0.42265625 0.33515625 0.053125 0.05
1 0.48671875 0.35703125 0.0515625 0.04375
1 0.38671875 0.70625 0.0578125 0.0765625
2 0.4328125 0.4828125 0.0578125 0.046875
2 0.48828125 0.396875 0.0703125 0.059375