0 0.2921875 0.7078125 0.0296875 0.05625
0 0.428125 0.70078125 0.04375 0.0328125
0 0.46015625 0.690625 0.0546875 0.046875
0 0.51171875 0.5609375 0.0375 0.0234375
0 0.45625 0.50234375 0.03125 0.025
0 0.74765625 0.77890625 0.0375 0.06875
1 0.6328125 0.5140625 0.0515625 0.0390625
1 0.80234375 0.4609375 0.065625 0.0453125
1 0.42578125 0.47421875 0.0828125 0.0578125
1 0.1421875 0.478125 0.05 0.0421875
4 0.32890625 0.4453125 0.025 0.0328125
4 0.38125 0.6 0.03125 0.0375
4 0.48046875 0.7515625 0.0609375 0.0765625
2 0.4859375 0.47109375 0.0390625 0.05