2 0.72890625 0.4375 0.071875 0.096875
2 0.825 0.8203125 0.0734375 0.0859375
4 0.80078125 0.62578125 0.053125 0.071875
2 0.8203125 0.16484375 0.05 0.059375
2 0.59921875 0.54140625 0.1109375 0.2046875
2 0.90390625 0.5828125 0.1796875 0.2578125
2 0.7234375 0.865625 0.1203125 0.209375
2 0.79296875 0.79375 0.03125 0.0328125
2 0.7765625 0.8359375 0.028125 0.034375
2 0.67109375 0.82265625 0.05625 0.1078125
2 0.74921875 0.66015625 0.040625 0.0765625
2 0.7140625 0.3765625 0.0609375 0.0421875
2 0.8921875 0.81015625 0.0609375 0.0734375