2 0.81796875 0.5546875 0.0921875 0.046875
2 0.58671875 0.33984375 0.1015625 0.065625
2 0.7484375 0.3015625 0.0625 0.084375
2 0.73671875 0.41171875 0.1109375 0.1203125
2 0.80234375 0.3671875 0.0765625 0.05
2 0.87109375 0.3875 0.0578125 0.0609375
2 0.59609375 0.5375 0.0796875 0.075
2 0.53203125 0.6328125 0.04375 0.0671875
2 0.4359375 0.61953125 0.0640625 0.1359375
2 0.61171875 0.12265625 0.05625 0.0453125
1 0.51328125 0.11171875 0.0140625 0.03125
4 0.59140625 0.08125 0.0515625 0.0578125
2 0.7625 0.08515625 0.1 0.1125
2 0.6875 0.17578125 0.0578125 0.0578125
2 0.671875 0.090625 0.059375 0.084375
2 0.66328125 0.028125 0.0578125 0.05625
2 0.61796875 0.0359375 0.03125 0.021875
2 0.5859375 0.03828125 0.040625 0.0546875
2 0.64921875 0.26328125 0.0859375 0.09375
2 0.6921875 0.35078125 0.0375 0.05625
2 0.703125 0.49296875 0.0515625 0.04375
2 0.446875 0.73515625 0.0546875 0.0828125
2 0.41015625 0.49765625 0.0328125 0.03125
2 0.80625 0.91328125 0.0828125 0.15625
2 0.9515625 0.0640625 0.071875 0.128125
2 0.92578125 0.25859375 0.13125 0.1265625
2 0.55078125 0.10546875 0.0671875 0.0921875
4 0.69765625 0.0234375 0.028125 0.028125