4 0.1484375 0.071875 0.0328125 0.025
1 0.20234375 0.1140625 0.040625 0.0859375
2 0.54453125 0.28203125 0.0671875 0.078125
4 0.57890625 0.265625 0.0265625 0.0609375
0 0.31796875 0.40546875 0.053125 0.0359375
0 0.30625 0.4671875 0.0390625 0.0390625
2 0.42265625 0.56796875 0.0734375 0.05625
4 0.03046875 0.634375 0.0203125 0.0234375
1 0.0296875 0.6625 0.01875 0.034375
0 0.01796875 0.69453125 0.021875 0.028125
0 0.01796875 0.71484375 0.0234375 0.021875
0 0.03046875 0.7390625 0.0234375 0.0203125
4 0.02109375 0.76875 0.0375 0.040625
4 0.1265625 0.7484375 0.0265625 0.0171875
0 0.2796875 0.684375 0.0390625 0.028125
0 0.25625 0.91796875 0.0453125 0.0265625
4 0.45234375 0.92578125 0.0515625 0.046875
4 0.47734375 0.9796875 0.0796875 0.0375
4 0.63515625 0.88515625 0.096875 0.04375
4 0.7890625 0.878125 0.0921875 0.0625
4 0.496875 0.64375 0.075 0.0421875
0 0.4640625 0.6125 0.0375 0.0265625