2 0.77421875 0.5765625 0.06875 0.0921875
2 0.8671875 0.20859375 0.06875 0.08125
4 0.84296875 0.39609375 0.0484375 0.06875
2 0.86171875 0.83828125 0.0484375 0.05625
2 0.65 0.4765625 0.10625 0.196875
2 0.928125 0.4359375 0.14375 0.246875
2 0.7703125 0.15234375 0.1203125 0.225
2 0.83515625 0.23359375 0.0296875 0.0328125
2 0.81953125 0.19296875 0.0265625 0.0328125
2 0.71875 0.20625 0.0546875 0.1046875
2 0.79453125 0.3625 0.0375 0.0734375
2 0.759375 0.63515625 0.059375 0.040625
2 0.93125 0.21953125 0.059375 0.0703125