2 0.4453125 0.0125 0.059375 0.025
2 0.475 0.1484375 0.1015625 0.125
4 0.3484375 0.05703125 0.0296875 0.0234375
2 0.48046875 0.3765625 0.1734375 0.2046875
2 0.69296875 0.36640625 0.315625 0.271875
2 0.85234375 0.21015625 0.240625 0.228125
4 0.71328125 0.26796875 0.0390625 0.03125
4 0.571875 0.178125 0.0703125 0.0796875
2 0.60546875 0.5609375 0.1078125 0.134375
2 0.5796875 0.48984375 0.125 0.0984375
2 0.503125 0.51015625 0.084375 0.06875
2 0.6796875 0.62421875 0.0671875 0.071875
2 0.6546875 0.74140625 0.0875 0.0734375
2 0.796875 0.71171875 0.078125 0.05625
2 0.909375 0.6859375 0.18125 0.171875
1 0.9109375 0.70234375 0.1515625 0.103125
4 0.909375 0.82265625 0.1734375 0.153125
2 0.75625 0.85390625 0.0359375 0.0328125
2 0.68515625 0.91953125 0.05 0.06875
4 0.72734375 0.9140625 0.0671875 0.0703125
2 0.77578125 0.76171875 0.0984375 0.0546875
4 0.63125 0.8765625 0.015625 0.0203125
2 0.1796875 0.81875 0.0453125 0.0609375
4 0.165625 0.67265625 0.01875 0.0234375