2 0.24765625 0.03125 0.0796875 0.0625
2 0.09296875 0.30234375 0.1328125 0.1265625
2 0.35 0.49609375 0.1046875 0.096875
2 0.0203125 0.82578125 0.040625 0.0453125
2 0.396875 0.80859375 0.0859375 0.05625
2 0.48515625 0.6734375 0.0765625 0.0796875
2 0.540625 0.71953125 0.0953125 0.1171875
2 0.4875 0.39921875 0.115625 0.109375
2 0.59296875 0.371875 0.19375 0.15
2 0.834375 0.38359375 0.103125 0.1125
2 0.69296875 0.51953125 0.29375 0.165625
2 0.72578125 0.6859375 0.228125 0.234375
4 0.89140625 0.64375 0.2171875 0.2453125
2 0.01796875 0.871875 0.0359375 0.0375