0 0.56484375 0.04765625 0.0359375 0.0328125
0 0.70546875 0.19296875 0.0484375 0.0375
0 0.540625 0.3546875 0.0359375 0.025
0 0.48984375 0.4234375 0.040625 0.0234375
0 0.5890625 0.41953125 0.034375 0.0234375
0 0.37265625 0.8171875 0.03125 0.0171875
0 0.171875 0.9984375 0.021875 0.003125
4 0.08984375 0.6984375 0.0125 0.0125
4 0.55859375 0.7796875 0.0296875 0.015625
1 0.265625 0.6609375 0.0328125 0.059375
1 0.48984375 0.6640625 0.0375 0.0453125
2 0.67578125 0.51328125 0.0515625 0.05
4 0.5265625 0.47109375 0.021875 0.0203125
4 0.621875 0.3828125 0.0265625 0.0390625
4 0.55703125 0.3875 0.0296875 0.0359375
2 0.56640625 0.01484375 0.0609375 0.0296875