4 0.2875 0.4234375 0.0828125 0.040625
2 0.6125 0.53671875 0.0484375 0.05
1 0.61640625 0.43828125 0.0640625 0.059375
1 0.65546875 0.0828125 0.0484375 0.0546875
1 0.5453125 0.58046875 0.0515625 0.0453125
1 0.5609375 0.81015625 0.0546875 0.0828125
0 0.259375 0.61875 0.0421875 0.0484375
0 0.39375 0.50078125 0.0453125 0.034375
0 0.26328125 0.50546875 0.0515625 0.0390625
0 0.2703125 0.46875 0.06875 0.04375
0 0.58671875 0.3984375 0.0390625 0.0375
0 0.50859375 0.503125 0.0375 0.0390625
0 0.41796875 0.30859375 0.0421875 0.0515625
0 0.4015625 0.121875 0.0703125 0.0375
0 0.43046875 0.20703125 0.0546875 0.0265625
4 0.5015625 0.24765625 0.046875 0.0390625
4 0.6578125 0.30546875 0.0328125 0.0296875