2 0.590625 0.6296875 0.140625 0.109375
2 0.48828125 0.7390625 0.175 0.16875
2 0.40703125 0.86953125 0.18125 0.115625
2 0.715625 0.628125 0.071875 0.071875
2 0.87265625 0.58203125 0.09375 0.071875
2 0.43046875 0.36953125 0.1 0.059375
2 0.78203125 0.925 0.1953125 0.15
2 0.90625 0.975 0.06875 0.05
4 0.925 0.87734375 0.1234375 0.0578125
4 0.82109375 0.75703125 0.0875 0.075
2 0.9078125 0.8484375 0.16875 0.228125
2 0.8375 0.71796875 0.10625 0.0953125
4 0.95703125 0.70546875 0.0734375 0.034375
1 0.6703125 0.78515625 0.090625 0.090625
4 0.5890625 0.81875 0.05625 0.075
1 0.709375 0.684375 0.0265625 0.0265625
4 0.61953125 0.896875 0.115625 0.121875
2 0.6765625 0.99296875 0.028125 0.0140625
2 0.5203125 0.91328125 0.021875 0.01875
2 0.365625 0.91875 0.1984375 0.159375
2 0.25625 0.39921875 0.0953125 0.0625
2 0.7765625 0.73984375 0.071875 0.078125