2 0.0265625 0.46875 0.053125 0.059375
2 0.171875 0.49609375 0.1140625 0.0921875
4 0.08359375 0.3796875 0.021875 0.028125
2 0.38515625 0.4984375 0.1890625 0.159375
2 0.37890625 0.69765625 0.2515625 0.29375
2 0.23515625 0.85703125 0.2125 0.2421875
4 0.28671875 0.71796875 0.0296875 0.0375
4 0.20078125 0.58671875 0.0765625 0.065625
2 0.559375 0.61171875 0.1265625 0.1
2 0.4921875 0.58984375 0.090625 0.115625
2 0.509375 0.5171875 0.0640625 0.078125
2 0.61953125 0.68125 0.065625 0.0609375
2 0.72890625 0.65546875 0.0671875 0.0796875
2 0.70390625 0.7890625 0.053125 0.0703125
2 0.68125 0.903125 0.1578125 0.1828125
1 0.696875 0.89609375 0.0953125 0.140625
4 0.809375 0.8921875 0.1421875 0.1609375
2 0.83671875 0.7484375 0.028125 0.03125
2 0.89609375 0.68046875 0.0625 0.0453125
2 0.9546875 0.7609375 0.0390625 0.096875
4 0.89296875 0.72109375 0.065625 0.0609375
2 0.75 0.76796875 0.05 0.0921875
4 0.85546875 0.63125 0.0203125 0.015625
2 0.79375 0.209375 0.0578125 0.0421875
4 0.65703125 0.19765625 0.021875 0.01875