4 0.78046875 0.3765625 0.0671875 0.0625
2 0.88515625 0.565625 0.1515625 0.1625
2 0.95859375 0.2953125 0.0828125 0.128125
2 0.71875 0.796875 0.09375 0.1078125
2 0.78828125 0.83671875 0.0546875 0.0828125
2 0.7171875 0.72734375 0.0859375 0.115625
2 0.74375 0.6 0.0734375 0.090625
2 0.70546875 0.65625 0.0796875 0.0796875
4 0.6640625 0.7234375 0.0390625 0.075
1 0.61640625 0.35625 0.040625 0.0484375
2 0.65546875 0.3984375 0.0625 0.0578125
2 0.67109375 0.3453125 0.0640625 0.0609375
2 0.76171875 0.434375 0.05625 0.09375
4 0.865625 0.17578125 0.0796875 0.0765625
2 0.6015625 0.09140625 0.0328125 0.0375
2 0.7453125 0.1953125 0.1109375 0.171875
4 0.86953125 0.6953125 0.0828125 0.1109375
2 0.81328125 0.70078125 0.04375 0.0546875
2 0.825 0.440625 0.05 0.0390625
2 0.94609375 0.5015625 0.0390625 0.04375
2 0.85390625 0.27890625 0.1140625 0.1328125
2 0.68046875 0.0828125 0.075 0.1015625
2 0.69921875 0.278125 0.1265625 0.1328125
2 0.57421875 0.66640625 0.0234375 0.0375
2 0.88984375 0.46328125 0.078125 0.0671875