2 0.4046875 0.26953125 0.2 0.2390625
2 0.3734375 0.16796875 0.0265625 0.04375
2 0.425 0.20703125 0.0796875 0.1
2 0.45859375 0.14453125 0.0296875 0.0546875
2 0.48125 0.02578125 0.04375 0.0515625
4 0.0515625 0.0875 0.0171875 0.0609375
2 0.08828125 0.23515625 0.1296875 0.1171875
2 0.284375 0.44140625 0.1140625 0.1609375
2 0.034375 0.68984375 0.06875 0.1046875
2 0.37265625 0.56015625 0.121875 0.1203125
2 0.40390625 0.43359375 0.0921875 0.103125
2 0.3234375 0.85859375 0.0578125 0.0703125
2 0.540625 0.91171875 0.0484375 0.1015625
4 0.5484375 0.62109375 0.034375 0.028125
4 0.5 0.64921875 0.053125 0.0625
4 0.00546875 0.76328125 0.0109375 0.0984375
2 0.24296875 0.04453125 0.0546875 0.0703125
2 0.1546875 0.09453125 0.103125 0.1234375
2 0.271875 0.29921875 0.06875 0.14375
2 0.29765625 0.18203125 0.071875 0.1140625
2 0.49921875 0.0546875 0.05 0.0640625
2 0.49453125 0.003125 0.0359375 0.00625
2 0.63828125 0.4390625 0.078125 0.1203125
2 0.571875 0.11796875 0.0921875 0.128125
2 0.4234375 0.03203125 0.0375 0.0640625
2 0.54453125 0.48828125 0.0515625 0.0984375
2 0.2046875 0.25078125 0.084375 0.0609375
2 0.4625 0.5765625 0.103125 0.1140625
2 0.63984375 0.540625 0.0484375 0.0484375
2 0.63046875 0.6828125 0.025 0.0484375
2 0.5890625 0.50390625 0.0359375 0.0625
2 0.52734375 0.3078125 0.0890625 0.1234375
2 0.63125 0.33125 0.075 0.10625
2 0.4453125 0.71015625 0.025 0.0328125
2 0.6171875 0.5890625 0.01875 0.0296875
2 0.4484375 0.70234375 0.1140625 0.1171875
2 0.475 0.8203125 0.1109375 0.1609375
2 0.5421875 0.66875 0.075 0.0890625