0 0.340625 0.7515625 0.034375 0.0515625
0 0.340625 0.54609375 0.03125 0.0390625
0 0.521875 0.07734375 0.0171875 0.0140625
0 0.53125 0.790625 0.040625 0.0546875
4 0.06328125 0.67890625 0.040625 0.0546875
4 0.15234375 0.5609375 0.0390625 0.040625
4 0.05703125 0.5875 0.021875 0.034375
0 0.678125 0.7375 0.05 0.0515625
4 0.7046875 0.73828125 0.053125 0.0328125
2 0.61640625 0.78671875 0.0609375 0.059375
1 0.49609375 0.69765625 0.0703125 0.0609375
1 0.5765625 0.4 0.053125 0.0578125
1 0.54609375 0.06484375 0.0390625 0.01875
4 0.57734375 0.17734375 0.0109375 0.0140625
2 0.30703125 0.75 0.040625 0.040625