0 0.76796875 0.25546875 0.03125 0.046875
3 0.41953125 0.28984375 0.075 0.0671875
3 0.32734375 0.3546875 0.065625 0.05
3 0.5640625 0.540625 0.08125 0.0765625
3 0.56640625 0.2359375 0.0296875 0.0265625
3 0.73984375 0.40546875 0.0453125 0.0828125
3 0.8078125 0.49609375 0.084375 0.05625
1 0.49765625 0.4875 0.053125 0.0609375
1 0.86875 0.42421875 0.0765625 0.0671875
1 0.9828125 0.778125 0.034375 0.1
4 0.603125 0.38828125 0.040625 0.05
2 0.5953125 0.20546875 0.0546875 0.05625
2 0.7234375 0.059375 0.028125 0.0203125
2 0.5125 0.03828125 0.025 0.0234375