0 0.634375 0.77734375 0.040625 0.01875
3 0.6703125 0.453125 0.0515625 0.0609375
3 0.6296875 0.3578125 0.0359375 0.0546875
3 0.41484375 0.53671875 0.0578125 0.0640625
3 0.690625 0.59765625 0.0203125 0.0234375
3 0.50390625 0.721875 0.071875 0.028125
3 0.40859375 0.76640625 0.0390625 0.071875
1 0.47578125 0.4875 0.05 0.040625
1 0.4609375 0.8359375 0.0515625 0.0625
1 0.1140625 0.89140625 0.084375 0.0578125
4 0.5453125 0.6015625 0.040625 0.0296875
2 0.71328125 0.6296875 0.04375 0.0421875
2 0.8203125 0.77421875 0.0140625 0.021875
2 0.88046875 0.58671875 0.0171875 0.0203125
2 0.92578125 0.74765625 0.0234375 0.0234375
2 0.7109375 0.9765625 0.04375 0.028125