2 0.634375 0.55 0.05625 0.140625
4 0.60234375 0.43046875 0.034375 0.040625
2 0.4921875 0.44609375 0.04375 0.1015625
2 0.60859375 0.66875 0.01875 0.0484375
2 0.05390625 0.38359375 0.1078125 0.16875
4 0.1609375 0.65078125 0.1 0.0796875
2 0.25078125 0.63515625 0.040625 0.078125
2 0.2875 0.5546875 0.040625 0.078125
2 0.259375 0.4828125 0.0625 0.1125
2 0.2390625 0.53671875 0.05 0.0515625
2 0.07265625 0.7171875 0.078125 0.1046875
2 0.13125 0.7125 0.05 0.0578125
2 0.12734375 0.82578125 0.09375 0.10625
2 0.03125 0.7671875 0.059375 0.0625
4 0.00859375 0.73203125 0.0171875 0.0578125
4 0.26953125 0.84453125 0.05625 0.08125
1 0.27890625 0.7 0.0265625 0.025
2 0.0484375 0.84296875 0.04375 0.015625
2 0.2296875 0.68828125 0.05 0.04375
4 0.1921875 0.5203125 0.046875 0.0609375
2 0.21875 0.40078125 0.05 0.065625
2 0.20078125 0.1828125 0.06875 0.09375
2 0.18359375 0.27890625 0.071875 0.115625
2 0.3375 0.1046875 0.03125 0.028125
2 0.615625 0.0265625 0.053125 0.053125
2 0.4203125 0.121875 0.0375 0.11875
2 0.37421875 0.175 0.0171875 0.04375
2 0.34765625 0.29609375 0.04375 0.065625
4 0.3453125 0.14296875 0.034375 0.0375
4 0.42734375 0.19609375 0.028125 0.034375
4 0.22890625 0.64609375 0.034375 0.0359375
4 0.3625 0.3578125 0.0171875 0.021875
2 0.29765625 0.3671875 0.0984375 0.109375
4 0.3890625 0.096875 0.01875 0.0375
4 0.3984375 0.01875 0.01875 0.028125
2 0.42890625 0.51953125 0.06875 0.115625