2 0.03828125 0.5109375 0.0765625 0.146875
2 0.021875 0.69140625 0.04375 0.1640625
2 0.140625 0.79296875 0.1375 0.0796875
2 0.1546875 0.8734375 0.078125 0.09375
2 0.06640625 0.7015625 0.0765625 0.09375
2 0.16171875 0.7328125 0.090625 0.0453125
2 0.2328125 0.68671875 0.1390625 0.1109375
2 0.259375 0.6078125 0.1 0.0796875
2 0.35390625 0.671875 0.028125 0.03125
4 0.37265625 0.646875 0.0984375 0.0953125
2 0.34609375 0.56328125 0.0484375 0.065625
2 0.44765625 0.64140625 0.1078125 0.1046875
2 0.43984375 0.7015625 0.1125 0.10625
4 0.51171875 0.7453125 0.06875 0.0546875
2 0.52109375 0.6953125 0.05625 0.05625
2 0.56875 0.63828125 0.1421875 0.0796875
4 0.7609375 0.65546875 0.084375 0.109375
2 0.88125 0.4390625 0.1015625 0.0984375
2 0.85390625 0.5171875 0.0890625 0.0328125
2 0.946875 0.43984375 0.10625 0.1046875
4 0.9578125 0.384375 0.084375 0.0375
2 0.9828125 0.5484375 0.0328125 0.04375
2 0.9953125 0.43984375 0.009375 0.0609375
1 0.3765625 0.49921875 0.0296875 0.0328125
2 0.659375 0.7359375 0.1765625 0.109375
4 0.9734375 0.634375 0.0359375 0.0375
4 0.584375 0.4546875 0.0375 0.0375