2 0.8203125 0.54140625 0.0453125 0.0421875
0 0.78203125 0.53828125 0.0265625 0.025
0 0.6421875 0.66640625 0.034375 0.03125
0 0.51171875 0.48984375 0.0296875 0.040625
0 0.44296875 0.54140625 0.025 0.0265625
0 0.4234375 0.446875 0.028125 0.0390625
4 0.4921875 0.56640625 0.0421875 0.0265625
2 0.34609375 0.5984375 0.0578125 0.0640625
4 0.403125 0.46484375 0.021875 0.028125
1 0.23359375 0.18984375 0.0609375 0.03125
1 0.209375 0.41484375 0.046875 0.0359375
4 0.04296875 0.4734375 0.025 0.0265625
0 0.0578125 0.2703125 0.021875 0.0265625