2 0.7015625 0.253125 0.1015625 0.1984375
2 0.88359375 0.19765625 0.0625 0.06875
2 0.79609375 0.13984375 0.0953125 0.1125
2 0.83359375 0.065625 0.05 0.059375
2 0.72421875 0.4421875 0.05 0.059375
2 0.58359375 0.63984375 0.0984375 0.071875
2 0.44140625 0.8015625 0.065625 0.1
2 0.67109375 0.6078125 0.028125 0.040625
4 0.78828125 0.5984375 0.0296875 0.0203125
2 0.5375 0.3734375 0.040625 0.0375
2 0.61796875 0.34296875 0.0390625 0.0640625
2 0.3734375 0.653125 0.046875 0.090625
2 0.41875 0.9859375 0.0453125 0.021875
2 0.8515625 0.71328125 0.0640625 0.0609375
2 0.9046875 0.578125 0.028125 0.0375
2 0.7640625 0.72421875 0.015625 0.05
2 0.66015625 0.56796875 0.0359375 0.034375
4 0.61328125 0.46875 0.053125 0.059375
2 0.7078125 0.703125 0.0484375 0.078125
2 0.44453125 0.3828125 0.0640625 0.0625