2 0.44921875 0.75703125 0.0890625 0.0625
2 0.8265625 0.8109375 0.0765625 0.0625
4 0.63671875 0.8078125 0.065625 0.0421875
2 0.19609375 0.871875 0.0546875 0.0453125
2 0.5359375 0.62265625 0.19375 0.0890625
2 0.60625 0.91015625 0.2390625 0.1515625
2 0.8734375 0.709375 0.225 0.1
2 0.7984375 0.78203125 0.0296875 0.028125
2 0.83671875 0.7625 0.03125 0.025
2 0.8125 0.66328125 0.103125 0.04375
2 0.66484375 0.7546875 0.071875 0.03125
2 0.3890625 0.74921875 0.0359375 0.0578125
2 0.8234375 0.8765625 0.0671875 0.0546875