4 0.1703125 0.19453125 0.2125 0.1703125
4 0.45859375 0.52734375 0.090625 0.15625
4 0.275 0.6484375 0.0734375 0.1203125
4 0.53359375 0.4828125 0.0609375 0.071875
2 0.59140625 0.14296875 0.075 0.0921875
2 0.50703125 0.35625 0.0765625 0.0640625
2 0.3921875 0.2234375 0.115625 0.1078125
2 0.5546875 0.4171875 0.0625 0.0671875
2 0.84765625 0.540625 0.0359375 0.04375
2 0.89609375 0.5421875 0.04375 0.071875
2 0.30234375 0.43515625 0.1140625 0.1515625
2 0.10703125 0.20703125 0.103125 0.065625
2 0.22265625 0.3140625 0.1171875 0.0359375
3 0.36953125 0.92421875 0.06875 0.11875
2 0.6953125 0.65390625 0.0375 0.046875
2 0.83359375 0.44765625 0.053125 0.084375
4 0.67109375 0.30859375 0.046875 0.0421875
4 0.615625 0.21796875 0.0625 0.0875
4 0.46953125 0.19921875 0.078125 0.096875
4 0.33359375 0.43046875 0.06875 0.0796875
4 0.24921875 0.3578125 0.046875 0.0578125
4 0.30390625 0.3109375 0.0625 0.0671875
4 0.37578125 0.3515625 0.03125 0.03125
4 0.3453125 0.01171875 0.159375 0.0234375
4 0.1359375 0.91640625 0.0296875 0.021875
4 0.57578125 0.3546875 0.025 0.0234375
4 0.44375 0.24609375 0.040625 0.0578125
4 0.76875 0.56640625 0.03125 0.0328125
2 0.4078125 0.14140625 0.0984375 0.0875
4 0.5546875 0.2890625 0.0703125 0.0859375
4 0.909375 0.29296875 0.025 0.053125