4 0.346875 0.73984375 0.0328125 0.0328125
4 0.5375 0.7546875 0.053125 0.0453125
4 0.70625 0.52890625 0.090625 0.053125
4 0.675 0.4390625 0.1453125 0.09375
1 0.3546875 0.190625 0.06875 0.0890625
1 0.3765625 0.5875 0.084375 0.078125
1 0.4390625 0.4296875 0.059375 0.0515625
1 0.38984375 0.95703125 0.053125 0.0578125
0 0.41640625 0.62578125 0.04375 0.0421875
0 0.4875 0.49453125 0.0375 0.0421875
0 0.6078125 0.67578125 0.0484375 0.053125
0 0.615625 0.7828125 0.05625 0.034375
0 0.66875 0.85859375 0.0734375 0.0484375
0 0.709375 0.47890625 0.071875 0.0546875
0 0.7125 0.44375 0.0578125 0.0484375
0 0.68359375 0.33515625 0.059375 0.059375
4 0.56953125 0.28125 0.0421875 0.028125
2 0.36875 0.48671875 0.0609375 0.05625