2 0.428125 0.7078125 0.371875 0.3296875
2 0.71015625 0.87734375 0.09375 0.1015625
2 0.85078125 0.88203125 0.0828125 0.1015625
2 0.71328125 0.65 0.1859375 0.234375
2 0.4828125 0.484375 0.1203125 0.140625
2 0.52890625 0.56015625 0.140625 0.1078125
2 0.61328125 0.53515625 0.075 0.084375
2 0.2578125 0.87890625 0.378125 0.2421875
2 0.46171875 0.78359375 0.05 0.040625
2 0.3890625 0.4359375 0.090625 0.1109375
2 0.3328125 0.315625 0.0875 0.078125
2 0.228125 0.35625 0.1046875 0.0546875
2 0.23046875 0.403125 0.09375 0.0671875
2 0.0984375 0.446875 0.196875 0.175
2 0.1921875 0.1734375 0.0765625 0.0734375
2 0.190625 0.259375 0.0390625 0.0328125
2 0.046875 0.1296875 0.09375 0.075
2 0.1078125 0.12109375 0.0375 0.0375
4 0.08203125 0.31953125 0.1640625 0.1546875
1 0.084375 0.41796875 0.1671875 0.109375
2 0.79765625 0.178125 0.059375 0.0640625
4 0.88046875 0.30859375 0.0234375 0.0234375
2 0.946875 0.65234375 0.0265625 0.0296875