1 0.08359375 0.85 0.09375 0.13125
2 0.840625 0.090625 0.0625 0.0609375
2 0.78203125 0.1625 0.0453125 0.0375
2 0.93359375 0.19765625 0.0640625 0.0609375
2 0.76640625 0.34765625 0.0625 0.0609375
2 0.59375 0.17578125 0.046875 0.028125
2 0.54765625 0.17734375 0.040625 0.0265625
2 0.53046875 0.2125 0.0390625 0.0203125
2 0.7296875 0.13359375 0.01875 0.01875
4 0.9421875 0.74375 0.115625 0.11875
4 0.98984375 0.66796875 0.0203125 0.0703125
4 0.80234375 0.24609375 0.0296875 0.0328125
3 0.42109375 0.7984375 0.1765625 0.0921875