2 0.3875 0.2890625 0.2109375 0.234375
2 0.1640625 0.1671875 0.0765625 0.09375
2 0.234375 0.07734375 0.14375 0.0921875
2 0.21171875 0.4546875 0.3625 0.3125
2 0.040625 0.45078125 0.08125 0.1671875
2 0.43984375 0.54765625 0.1296875 0.1375
2 0.4 0.4609375 0.134375 0.1171875
2 0.475 0.425 0.1 0.08125
2 0.515625 0.728125 0.0703125 0.0875
2 0.43203125 0.64765625 0.08125 0.0875
2 0.4171875 0.80390625 0.134375 0.1296875
2 0.28125 0.86875 0.2 0.20625
1 0.30078125 0.88359375 0.1578125 0.1296875
2 0.59921875 0.89375 0.0390625 0.0640625
2 0.5671875 0.9796875 0.096875 0.040625
4 0.36015625 0.93203125 0.1484375 0.1359375
2 0.5125 0.88203125 0.0328125 0.0296875
2 0.53125 0.1078125 0.028125 0.034375
2 0.903125 0.46640625 0.05 0.05625
2 0.8359375 0.33203125 0.021875 0.025
2 0.8890625 0.71328125 0.0265625 0.0328125
4 0.56640625 0.9078125 0.0640625 0.0796875