4 0.28828125 0.296875 0.0921875 0.1046875
4 0.34453125 0.38203125 0.0671875 0.0765625
2 0.534375 0.71015625 0.08125 0.0546875
2 0.54765625 0.3921875 0.0671875 0.0890625
2 0.44921875 0.3984375 0.0828125 0.09375
2 0.51015625 0.22421875 0.0765625 0.0984375
2 0.55 0.3265625 0.0796875 0.090625
2 0.41875 0.06171875 0.06875 0.0734375
2 0.40859375 0.12421875 0.04375 0.065625
1 0.16875 0.76484375 0.0578125 0.0671875
4 0.078125 0.696875 0.0421875 0.0671875
2 0.8734375 0.4703125 0.0484375 0.0640625
2 0.61328125 0.45546875 0.0484375 0.0515625
4 0.74453125 0.809375 0.18125 0.2359375
4 0.565625 0.0453125 0.128125 0.090625
4 0.6234375 0.62578125 0.0578125 0.053125