2 0.9234375 0.6859375 0.1421875 0.1484375
2 0.653125 0.6734375 0.115625 0.1234375
2 0.8109375 0.825 0.0875 0.0328125
2 0.7296875 0.78984375 0.0828125 0.109375
2 0.47734375 0.9828125 0.0765625 0.034375
2 0.95078125 0.99375 0.0453125 0.0125
2 0.6984375 0.40625 0.0484375 0.0390625
2 0.765625 0.5171875 0.071875 0.046875
2 0.64765625 0.584375 0.115625 0.0828125
2 0.83984375 0.42890625 0.0875 0.0671875
2 0.778125 0.696875 0.140625 0.140625
2 0.91328125 0.8328125 0.140625 0.0703125
4 0.89140625 0.78984375 0.0359375 0.028125
4 0.95703125 0.9171875 0.0484375 0.0828125
4 0.5734375 0.52265625 0.0609375 0.0390625
4 0.60859375 0.4765625 0.0265625 0.0328125
2 0.32890625 0.64453125 0.065625 0.05625
2 0.88671875 0.6 0.0390625 0.0234375
2 0.55234375 0.3765625 0.0484375 0.0234375
2 0.3125 0.41640625 0.1 0.0546875
2 0.6546875 0.51328125 0.0859375 0.0421875
2 0.49921875 0.56484375 0.0296875 0.0203125
2 0.646875 0.41171875 0.028125 0.0171875
2 0.38203125 0.5046875 0.1546875 0.0890625
2 0.50703125 0.54453125 0.1125 0.0765625
2 0.55390625 0.47421875 0.09375 0.075
2 0.70234375 0.47421875 0.065625 0.05625
2 0.63515625 0.47421875 0.0421875 0.0265625
2 0.940625 0.56015625 0.11875 0.109375
4 0.9609375 0.975 0.0296875 0.0265625