2 0.83671875 0.5453125 0.3265625 0.340625
2 0.66953125 0.6921875 0.2234375 0.25
2 0.80234375 0.91015625 0.1125 0.0765625
2 0.878125 0.840625 0.0859375 0.103125
2 0.63046875 0.446875 0.15 0.15
2 0.6046875 0.56328125 0.0984375 0.0859375
2 0.9453125 0.603125 0.0578125 0.0375
2 0.98828125 0.55390625 0.0234375 0.0734375
2 0.646875 0.3625 0.071875 0.0828125
2 0.5625 0.2359375 0.0671875 0.0828125
1 0.80625 0.1140625 0.171875 0.1390625
2 0.8296875 0.13828125 0.215625 0.2109375
2 0.6984375 0.21875 0.09375 0.078125
2 0.6609375 0.1875 0.10625 0.0734375
2 0.5859375 0.10703125 0.0359375 0.0328125
4 0.75 0.07265625 0.19375 0.1453125
2 0.159375 0.48046875 0.0515625 0.059375
2 0.23125 0.61875 0.0203125 0.028125
2 0.19140625 0.22109375 0.0296875 0.0328125
2 0.525 0.8671875 0.028125 0.034375
4 0.58515625 0.975 0.053125 0.0484375
2 0.503125 0.0546875 0.04375 0.06875
4 0.546875 0.053125 0.0703125 0.0859375