0 0.3296875 0.703125 0.0171875 0.0140625
0 0.35078125 0.703125 0.0203125 0.0140625
0 0.36484375 0.62578125 0.025 0.0171875
0 0.42578125 0.6046875 0.0234375 0.021875
0 0.35625 0.49296875 0.0234375 0.015625
0 0.334375 0.52734375 0.0171875 0.0171875
1 0.41875 0.4890625 0.03125 0.0328125
4 0.325 0.559375 0.015625 0.0203125
2 0.46640625 0.4375 0.0453125 0.0296875
0 0.4984375 0.4515625 0.0296875 0.0234375
0 0.4921875 0.49453125 0.0328125 0.01875
0 0.5078125 0.5109375 0.0359375 0.021875
0 0.54140625 0.44375 0.0375 0.0234375
0 0.603125 0.44140625 0.0234375 0.021875
0 0.62578125 0.39765625 0.04375 0.028125
4 0.57265625 0.4578125 0.0265625 0.0171875
4 0.52265625 0.4140625 0.0328125 0.04375
4 0.50078125 0.39765625 0.015625 0.0453125
4 0.503125 0.340625 0.0328125 0.0171875
4 0.4125 0.34453125 0.0375 0.0296875
4 0.42578125 0.31875 0.0203125 0.0171875
1 0.4015625 0.36875 0.0359375 0.0375
0 0.38671875 0.27109375 0.0203125 0.0140625
4 0.4890625 0.23046875 0.028125 0.0296875
4 0.57734375 0.29453125 0.0296875 0.028125
0 0.5921875 0.20703125 0.04375 0.0296875
2 0.59296875 0.178125 0.05625 0.05625
1 0.56015625 0.02734375 0.0671875 0.0546875
4 0.74609375 0.3796875 0.0734375 0.046875
4 0.76796875 0.29375 0.0765625 0.0421875
4 0.81328125 0.3859375 0.0796875 0.05
4 0.94609375 0.340625 0.0453125 0.046875
4 0.70390625 0.17734375 0.0296875 0.0265625
1 0.79453125 0.35390625 0.059375 0.05625