2 0.74765625 0.07265625 0.153125 0.1109375
2 0.4609375 0.45078125 0.09375 0.2703125
2 0.60078125 0.72734375 0.0671875 0.1078125
2 0.71484375 0.63125 0.075 0.090625
2 0.64765625 0.5734375 0.03125 0.0296875
2 0.6203125 0.53359375 0.1078125 0.1375
2 0.69140625 0.48828125 0.065625 0.0984375
2 0.88828125 0.8734375 0.171875 0.2328125
2 0.7953125 0.71015625 0.165625 0.2671875
2 0.91796875 0.70234375 0.1015625 0.14375
2 0.7359375 0.81328125 0.0734375 0.078125
2 0.54140625 0.75078125 0.0703125 0.03125
2 0.45390625 0.7375 0.096875 0.1546875
2 0.79921875 0.40078125 0.0671875 0.0875
2 0.8640625 0.49765625 0.05 0.0671875
2 0.7515625 0.55234375 0.03125 0.03125
2 0.7234375 0.32109375 0.0953125 0.1078125
1 0.6671875 0.3375 0.0296875 0.046875
2 0.68359375 0.3890625 0.040625 0.0390625
4 0.7078125 0.1546875 0.103125 0.128125
2 0.60390625 0.175 0.0828125 0.15
2 0.65625 0.0421875 0.0328125 0.046875
2 0.75390625 0.49921875 0.0390625 0.03125