2 0.55 0.79921875 0.16875 0.1203125
2 0.42265625 0.95078125 0.0796875 0.0984375
2 0.49609375 0.865625 0.0484375 0.0828125
2 0.68828125 0.70625 0.1140625 0.0921875
2 0.79453125 0.72734375 0.065625 0.0671875
2 0.48359375 0.50390625 0.065625 0.053125
2 0.56171875 0.4234375 0.0734375 0.0515625
2 0.82890625 0.42578125 0.04375 0.0296875
2 0.86875 0.2671875 0.0734375 0.05625
4 0.12890625 0.5125 0.053125 0.0609375
2 0.26953125 0.00859375 0.1046875 0.0171875
2 0.42421875 0.50234375 0.0734375 0.0859375
4 0.65078125 0.3328125 0.05 0.0453125