1 0.39921875 0.25625 0.0578125 0.08125
1 0.4171875 0.6875 0.040625 0.0390625
1 0.3671875 0.5828125 0.0515625 0.059375
1 0.2328125 0.91953125 0.0234375 0.028125
4 0.45234375 0.5609375 0.0421875 0.046875
4 0.48828125 0.55625 0.05 0.0421875
4 0.70703125 0.57578125 0.0828125 0.0484375
4 0.6640625 0.5578125 0.0359375 0.0546875
4 0.796875 0.428125 0.05 0.0453125
4 0.67890625 0.45 0.06875 0.0390625
2 0.434375 0.39296875 0.0390625 0.0484375
4 0.396875 0.3875 0.034375 0.01875
4 0.57890625 0.37890625 0.04375 0.0265625
4 0.3671875 0.52109375 0.028125 0.0234375
4 0.325 0.76328125 0.0296875 0.015625
4 0.35859375 0.8171875 0.028125 0.0171875
0 0.3578125 0.71796875 0.028125 0.015625
0 0.44609375 0.96015625 0.03125 0.0203125
0 0.428125 0.984375 0.03125 0.0203125
0 0.42265625 0.84921875 0.0296875 0.021875
0 0.46015625 0.81328125 0.025 0.025
0 0.51484375 0.671875 0.04375 0.0390625
0 0.50078125 0.63359375 0.04375 0.0265625
0 0.4765625 0.6203125 0.0234375 0.0328125
0 0.50546875 0.6078125 0.034375 0.0359375
0 0.57734375 0.5734375 0.0390625 0.0375
0 0.53359375 0.546875 0.040625 0.0234375
0 0.47578125 0.38671875 0.0484375 0.025
0 0.34765625 0.50078125 0.01875 0.0234375
4 0.50625 0.52421875 0.028125 0.0265625
4 0.4375 0.59453125 0.0375 0.0484375