2 0.1375 0.51640625 0.09375 0.075
2 0.15625 0.23125 0.09375 0.0796875
2 0.41171875 0.49921875 0.0890625 0.1046875
2 0.4078125 0.41875 0.065625 0.0578125
2 0.29453125 0.63828125 0.11875 0.1640625
2 0.21015625 0.75625 0.084375 0.059375
2 0.1234375 0.8671875 0.0875 0.0703125
2 0.60390625 0.74609375 0.05625 0.0625
2 0.62890625 0.7921875 0.05 0.075
2 0.68515625 0.646875 0.040625 0.0671875
4 0.75078125 0.5375 0.040625 0.0453125
2 0.70234375 0.40234375 0.03125 0.025
2 0.85390625 0.35390625 0.05 0.0828125
4 0.465625 0.1875 0.046875 0.04375
2 0.09453125 0.08828125 0.15 0.08125