0 0.55234375 0.6453125 0.034375 0.0328125
3 0.3203125 0.984375 0.090625 0.03125
3 0.45078125 0.52734375 0.0328125 0.046875
3 0.4609375 0.48125 0.05 0.0234375
3 0.33203125 0.44765625 0.04375 0.0359375
3 0.25078125 0.59765625 0.0359375 0.0328125
1 0.42734375 0.5796875 0.046875 0.04375
1 0.44765625 0.7640625 0.0421875 0.04375
1 0.3234375 0.77578125 0.075 0.0484375
2 0.55 0.4140625 0.0265625 0.03125
3 0.52734375 0.59375 0.0265625 0.01875
4 0.5875 0.61484375 0.021875 0.0265625
4 0.5625 0.57109375 0.015625 0.021875
4 0.58046875 0.503125 0.021875 0.0265625
4 0.55703125 0.51953125 0.021875 0.025
0 0.28203125 0.17109375 0.0265625 0.0203125
2 0.26796875 0.6828125 0.0796875 0.0640625