4 0.1609375 0.63359375 0.0328125 0.0515625
4 0.22421875 0.5890625 0.0328125 0.0375
4 0.74296875 0.7203125 0.0546875 0.040625
4 0.58515625 0.190625 0.0109375 0.015625
1 0.53515625 0.0875 0.034375 0.015625
1 0.61015625 0.40625 0.0421875 0.0453125
1 0.5484375 0.66328125 0.059375 0.059375
0 0.58671875 0.8171875 0.0328125 0.0703125
0 0.41875 0.7390625 0.0265625 0.0703125
2 0.38984375 0.7875 0.053125 0.109375
2 0.67265625 0.80546875 0.059375 0.071875
0 0.721875 0.73828125 0.04375 0.0515625
0 0.39765625 0.54375 0.0296875 0.0296875