2 0.74375 0.28359375 0.146875 0.0640625
2 0.61796875 0.296875 0.046875 0.025
4 0.86953125 0.33046875 0.04375 0.0375
2 0.8515625 0.440625 0.109375 0.05
2 0.87734375 0.73359375 0.06875 0.05
2 0.95234375 0.771875 0.053125 0.046875
2 0.91796875 0.82109375 0.0578125 0.0375
2 0.7890625 0.6875 0.1125 0.06875
2 0.7125 0.63828125 0.078125 0.0390625
2 0.71796875 0.70078125 0.065625 0.053125
2 0.62578125 0.66328125 0.071875 0.0484375
2 0.5390625 0.75 0.0890625 0.0984375
2 0.559375 0.67734375 0.075 0.065625
2 0.4390625 0.7625 0.10625 0.096875
2 0.50078125 0.8609375 0.059375 0.0625
2 0.55546875 0.82421875 0.103125 0.0875
4 0.53125 0.91328125 0.071875 0.0625
4 0.32421875 0.90234375 0.125 0.090625
4 0.61328125 0.74453125 0.078125 0.096875
4 0.76171875 0.74375 0.0375 0.0453125
2 0.93125 0.94375 0.1375 0.109375
2 0.15234375 0.83515625 0.034375 0.075
2 0.0625 0.72265625 0.125 0.1390625
2 0.01953125 0.73984375 0.0375 0.103125
2 0.01640625 0.8609375 0.0328125 0.059375
2 0.9328125 0.653125 0.134375 0.1125
2 0.6671875 0.7109375 0.025 0.0234375
2 0.42578125 0.890625 0.065625 0.0484375
4 0.4234375 0.609375 0.078125 0.0625
1 0.56171875 0.62109375 0.0265625 0.028125
4 0.35859375 0.3265625 0.0296875 0.028125
2 0.4609375 0.32265625 0.0375 0.0265625