2 0.634375 0.8984375 0.0578125 0.0703125
2 0.48203125 0.74296875 0.128125 0.1421875
2 0.3671875 0.87265625 0.0390625 0.096875
2 0.37109375 0.71640625 0.025 0.046875
2 0.65 0.715625 0.1890625 0.11875
4 0.653125 0.6546875 0.09375 0.0640625
2 0.83671875 0.69765625 0.0703125 0.075
4 0.9078125 0.77734375 0.1125 0.0375
2 0.5125 0.71015625 0.0828125 0.0609375
2 0.42421875 0.79453125 0.034375 0.0390625
2 0.22578125 0.60234375 0.0453125 0.06875
2 0.17734375 0.28359375 0.084375 0.1390625
2 0.28984375 0.0375 0.0921875 0.075