2 0.37265625 0.74921875 0.15 0.0890625
2 0.46484375 0.91875 0.0625 0.090625
2 0.41171875 0.82109375 0.0328125 0.0765625
2 0.2609375 0.6375 0.0984375 0.071875
2 0.15703125 0.6375 0.053125 0.05625
2 0.4890625 0.48515625 0.05625 0.0390625
2 0.43046875 0.39609375 0.065625 0.0375
2 0.1796875 0.34921875 0.0375 0.0234375
2 0.171875 0.19296875 0.0640625 0.0421875
4 0.81953125 0.5578125 0.0421875 0.0515625
2 0.99140625 0.37734375 0.0109375 0.0390625
2 0.78046875 0.0484375 0.096875 0.025
2 0.5453125 0.49453125 0.059375 0.0734375
4 0.3640625 0.29453125 0.04375 0.0359375