2 0.62734375 0.04140625 0.06875 0.0625
2 0.6046875 0.2015625 0.1078125 0.1296875
4 0.5140625 0.0671875 0.03125 0.025
2 0.5296875 0.425 0.1859375 0.215625
2 0.73984375 0.490625 0.334375 0.2921875
2 0.9109375 0.39140625 0.178125 0.2359375
4 0.79453125 0.4015625 0.0421875 0.034375
4 0.68828125 0.26328125 0.075 0.0859375
2 0.5859375 0.6484375 0.115625 0.1421875
2 0.58671875 0.5703125 0.1328125 0.10625
2 0.50390625 0.56171875 0.0875 0.0734375
2 0.63515625 0.73671875 0.0703125 0.075
2 0.56953125 0.84140625 0.090625 0.078125
2 0.71875 0.86328125 0.08125 0.059375
2 0.84375 0.88125 0.2046875 0.18125
1 0.834375 0.89453125 0.159375 0.1125
4 0.78984375 0.9640625 0.1796875 0.071875
2 0.62734375 0.98515625 0.0359375 0.0296875
2 0.5390625 0.9953125 0.04375 0.009375
2 0.6796875 0.90390625 0.103125 0.059375
4 0.4984375 0.965625 0.015625 0.021875
2 0.0796875 0.7484375 0.05 0.0640625
4 0.1171875 0.60078125 0.0203125 0.0265625