2 0.41875 0.121875 0.215625 0.24375
2 0.59296875 0.17421875 0.075 0.0984375
2 0.55234375 0.2484375 0.06875 0.0578125
2 0.44453125 0.390625 0.059375 0.065625
2 0.5890625 0.653125 0.128125 0.1859375
2 0.48828125 0.4984375 0.0484375 0.0546875
2 0.50859375 0.55703125 0.0875 0.1078125
2 0.43359375 0.615625 0.0609375 0.071875
2 0.2078125 0.55546875 0.0796875 0.0796875
2 0.55546875 0.8328125 0.0625 0.0703125
2 0.60546875 0.9609375 0.053125 0.0421875
2 0.5875 0.9890625 0.0296875 0.015625
4 0.48046875 0.98671875 0.028125 0.025
2 0.72890625 0.76171875 0.046875 0.040625
2 0.81953125 0.7703125 0.0625 0.071875
4 0.65859375 0.8578125 0.05 0.0609375
2 0.37578125 0.97890625 0.0328125 0.0375
2 0.65546875 0.734375 0.046875 0.0671875