1 0.565625 0.37578125 0.0609375 0.0640625
1 0.48984375 0.61171875 0.0515625 0.059375
0 0.48828125 0.7921875 0.04375 0.0671875
0 0.36796875 0.62578125 0.0328125 0.0625
0 0.34296875 0.4578125 0.028125 0.034375
4 0.0859375 0.5 0.028125 0.0421875
4 0.19140625 0.42265625 0.0296875 0.0328125
4 0.1671875 0.45625 0.0171875 0.0296875
4 0.296875 0.55625 0.04375 0.028125
2 0.32109375 0.7109375 0.05 0.0921875
1 0.521875 0.08515625 0.0390625 0.021875
0 0.50234375 0.1015625 0.0171875 0.0125
4 0.56484375 0.18046875 0.0203125 0.015625
4 0.665625 0.63984375 0.0640625 0.040625
4 0.6734375 0.70546875 0.06875 0.0546875
0 0.65078125 0.7203125 0.0453125 0.05625
2 0.60078125 0.79765625 0.0671875 0.065625