2 0.121875 0.75390625 0.2078125 0.221875
2 0.075 0.6359375 0.15 0.28125
2 0.22890625 0.6296875 0.0890625 0.06875
2 0.1625 0.60546875 0.1265625 0.1
2 0.2 0.52890625 0.134375 0.146875
2 0.2109375 0.42734375 0.0859375 0.0875
1 0.10625 0.221875 0.1328125 0.1203125
2 0.10234375 0.24140625 0.1453125 0.1796875
2 0.1796875 0.29453125 0.0796875 0.075
2 0.28984375 0.3625 0.071875 0.0765625
2 0.38828125 0.221875 0.04375 0.059375
2 0.30078125 0.221875 0.0328125 0.028125
4 0.3625 0.20234375 0.0546875 0.0640625
4 0.1640625 0.171875 0.153125 0.1578125
2 0.378125 0.1234375 0.09375 0.084375
2 0.4296875 0.065625 0.103125 0.13125
2 0.2421875 0.90546875 0.028125 0.0328125
2 0.6296875 0.58984375 0.0453125 0.05
2 0.55703125 0.70703125 0.01875 0.0203125
2 0.64375 0.3796875 0.0234375 0.028125