2 0.31796875 0.159375 0.0421875 0.053125
0 0.72265625 0.16328125 0.0359375 0.0234375
1 0.7890625 0.3109375 0.046875 0.071875
1 0.459375 0.3296875 0.0546875 0.0609375
4 0.41875 0.23671875 0.04375 0.0546875
4 0.06328125 0.2109375 0.1265625 0.09375
0 0.25546875 0.33515625 0.0875 0.05625
0 0.5359375 0.5578125 0.0546875 0.0359375
4 0.5390625 0.5953125 0.05 0.0546875
2 0.4140625 0.53203125 0.0796875 0.084375
4 0.15078125 0.75546875 0.059375 0.046875
4 0.44296875 0.3765625 0.040625 0.0390625
4 0.48125 0.4109375 0.0375 0.040625
0 0.51640625 0.2625 0.0515625 0.0328125
4 0.6609375 0.43359375 0.034375 0.0375