4 0.3328125 0.40546875 0.0625 0.028125
4 0.4046875 0.3875 0.0265625 0.03125
4 0.371875 0.49609375 0.021875 0.015625
4 0.371875 0.51484375 0.0390625 0.03125
4 0.48515625 0.52734375 0.0328125 0.0359375
4 0.67890625 0.534375 0.040625 0.04375
4 0.709375 0.54140625 0.05625 0.046875
4 0.6765625 0.440625 0.05625 0.03125
4 0.8046875 0.43359375 0.0375 0.0390625
4 0.55703125 0.53203125 0.0234375 0.021875
4 0.5046875 0.546875 0.04375 0.0234375
4 0.47421875 0.5453125 0.0234375 0.04375
1 0.42578125 0.26171875 0.059375 0.0734375
2 0.4765625 0.3765625 0.0390625 0.0390625
0 0.50859375 0.378125 0.0375 0.0234375
4 0.5875 0.36484375 0.0328125 0.0203125
1 0.37265625 0.54296875 0.04375 0.04375
1 0.4140625 0.61875 0.028125 0.0328125
2 0.45 0.56171875 0.034375 0.0390625
0 0.51796875 0.57265625 0.0328125 0.03125
0 0.48359375 0.59609375 0.0328125 0.0296875
0 0.5046875 0.59765625 0.0375 0.021875
0 0.51328125 0.6265625 0.0328125 0.0328125
0 0.5765625 0.5375 0.0265625 0.021875
0 0.36875 0.65 0.0203125 0.015625
0 0.596875 0.5328125 0.0296875 0.0328125
0 0.4109375 0.775 0.025 0.0171875
0 0.45 0.75 0.01875 0.0234375
0 0.43984375 0.8734375 0.025 0.021875
0 0.425 0.890625 0.025 0.01875
1 0.2671875 0.8515625 0.015625 0.0234375
4 0.3640625 0.74140625 0.0171875 0.0140625
4 0.346875 0.69296875 0.0203125 0.0171875
0 0.34453125 0.46953125 0.01875 0.01875