4 0.59453125 0.821875 0.09375 0.0953125
4 0.54375 0.7359375 0.0546875 0.0984375
4 0.3140625 0.56875 0.0484375 0.05625
4 0.321875 0.3796875 0.03125 0.0359375
4 0.7546875 0.5859375 0.0484375 0.0578125
0 0.5796875 0.59375 0.0375 0.0625
0 0.7203125 0.6875 0.0578125 0.05
0 0.62265625 0.740625 0.0484375 0.0546875
0 0.58671875 0.73671875 0.0546875 0.0796875
0 0.38203125 0.6390625 0.0546875 0.0484375
0 0.284375 0.646875 0.0390625 0.053125
0 0.21640625 0.703125 0.05 0.0671875
0 0.42578125 0.4203125 0.0375 0.05
0 0.553125 0.48203125 0.0421875 0.0453125
1 0.821875 0.340625 0.096875 0.075
1 0.4578125 0.37890625 0.0734375 0.078125
1 0.60234375 0.434375 0.05 0.05
1 0.11875 0.446875 0.05625 0.053125
2 0.55625 0.36953125 0.0609375 0.0578125