0 0.496875 0.334375 0.0328125 0.01875
0 0.56640625 0.5203125 0.0328125 0.03125
0 0.546875 0.5375 0.0296875 0.0203125
0 0.496875 0.54921875 0.0328125 0.0296875
0 0.47109375 0.55859375 0.0296875 0.0203125
0 0.48515625 0.57578125 0.034375 0.01875
0 0.359375 0.396875 0.0125 0.01875
4 0.38203125 0.43359375 0.0203125 0.0171875
4 0.37109375 0.45234375 0.0375 0.028125
4 0.47109375 0.471875 0.028125 0.0328125
4 0.46640625 0.50703125 0.0265625 0.0421875
4 0.4890625 0.5234375 0.0328125 0.01875
4 0.53203125 0.5453125 0.0265625 0.0140625
4 0.65546875 0.55078125 0.053125 0.0390625
4 0.6875 0.5703125 0.065625 0.0453125
4 0.665625 0.4625 0.0578125 0.0296875
4 0.4296875 0.32890625 0.0234375 0.0234375
4 0.525 0.36796875 0.0359375 0.028125
4 0.58125 0.34765625 0.0421875 0.021875
4 0.81171875 0.51328125 0.0359375 0.040625
1 0.47109375 0.19765625 0.034375 0.0734375
1 0.1453125 0.7703125 0.0171875 0.025
1 0.3796875 0.5640625 0.0375 0.034375
1 0.36796875 0.4796875 0.0328125 0.0359375
2 0.44609375 0.515625 0.0453125 0.0296875
0 0.33203125 0.59453125 0.0234375 0.0171875
0 0.3453125 0.7375 0.0265625 0.015625
0 0.39921875 0.71875 0.0203125 0.0234375
0 0.32421875 0.84375 0.0265625 0.0171875
0 0.3015625 0.8546875 0.0234375 0.0203125
4 0.28984375 0.6328125 0.0234375 0.01875
4 0.2890625 0.68125 0.0234375 0.015625
0 0.48828125 0.6 0.0296875 0.01875