4 0.46875 0.9515625 0.05 0.0234375
4 0.37734375 0.85859375 0.0328125 0.025
4 0.56171875 0.72421875 0.034375 0.05
4 0.10234375 0.51484375 0.0125 0.0203125
1 0.01953125 0.5765625 0.0109375 0.0375
1 0.30703125 0.49140625 0.0390625 0.0453125
0 0.03671875 0.59296875 0.0078125 0.0171875
0 0.4078125 0.7140625 0.034375 0.0234375
0 0.63671875 0.64296875 0.0484375 0.0265625
0 0.725 0.490625 0.0515625 0.0328125
0 0.68046875 0.33828125 0.040625 0.040625
4 0.421875 0.871875 0.025 0.015625
1 0.61171875 0.5296875 0.05 0.0515625
2 0.72890625 0.37265625 0.0359375 0.059375
2 0.70390625 0.6765625 0.0734375 0.04375