4 0.709375 0.403125 0.04375 0.0421875
4 0.4796875 0.52265625 0.0375 0.0375
4 0.49765625 0.51015625 0.04375 0.0515625
0 0.50859375 0.49609375 0.0359375 0.0453125
0 0.79453125 0.4875 0.03125 0.03125
0 0.7171875 0.7125 0.0390625 0.04375
2 0.83359375 0.478125 0.053125 0.0578125
4 0.5078125 0.6078125 0.046875 0.0390625
2 0.38046875 0.68359375 0.0703125 0.08125
0 0.4515625 0.58515625 0.03125 0.0375
0 0.409375 0.4765625 0.034375 0.0453125
4 0.38984375 0.50703125 0.0265625 0.0328125
1 0.1734375 0.50390625 0.053125 0.04375
4 0.03671875 0.603125 0.0328125 0.03125
1 0.15234375 0.3015625 0.0703125 0.040625