2 0.64765625 0.51640625 0.15 0.1390625
2 0.89375 0.49453125 0.2125 0.2015625
2 0.80703125 0.73984375 0.328125 0.36875
2 0.85703125 0.93125 0.1921875 0.1375
4 0.88515625 0.80390625 0.0296875 0.046875
2 0.42734375 0.4953125 0.0796875 0.0640625
2 0.2484375 0.471875 0.0625 0.04375
4 0.25546875 0.515625 0.0703125 0.05625
2 0.1546875 0.54296875 0.078125 0.09375
2 0.06875 0.52578125 0.1375 0.1453125
4 0.28671875 0.709375 0.15 0.165625
1 0.36328125 0.759375 0.1078125 0.1515625
2 0.3828125 0.771875 0.1796875 0.1875
2 0.4125 0.6109375 0.10625 0.121875
2 0.55625 0.54921875 0.0859375 0.0765625