4 0.1890625 0.76953125 0.028125 0.04375
4 0.19296875 0.290625 0.034375 0.053125
4 0.521875 0.2859375 0.0109375 0.0140625
4 0.77890625 0.77421875 0.0515625 0.0375
1 0.571875 0.46328125 0.0484375 0.0640625
1 0.5796875 0.7578125 0.065625 0.0671875
1 0.4609375 0.21015625 0.0375 0.0203125
0 0.4453125 0.23828125 0.0171875 0.0125
0 0.3984375 0.66875 0.0296875 0.034375
0 0.478125 0.84609375 0.0359375 0.0578125
0 0.64453125 0.903125 0.0390625 0.0625
2 0.7328125 0.8734375 0.0625 0.0703125
4 0.19609375 0.7015625 0.025 0.0265625
4 0.22421875 0.67265625 0.0203125 0.0328125
0 0.76328125 0.7953125 0.04375 0.0546875
2 0.45859375 0.9046875 0.05625 0.078125