0 0.66953125 0.67578125 0.0546875 0.0296875
0 0.67109375 0.5453125 0.0328125 0.04375
0 0.66328125 0.5140625 0.046875 0.0515625
0 0.54375 0.45625 0.0234375 0.0390625
0 0.484375 0.50546875 0.0265625 0.03125
0 0.7671875 0.2453125 0.0671875 0.0375
1 0.50703125 0.3375 0.0390625 0.0515625
1 0.46875 0.17265625 0.0453125 0.0640625
1 0.45546875 0.53203125 0.0578125 0.08125
1 0.440625 0.803125 0.040625 0.0484375
4 0.42109375 0.62265625 0.0328125 0.0265625
4 0.571875 0.5828125 0.0390625 0.0328125
4 0.7234375 0.49921875 0.0734375 0.059375
2 0.45703125 0.47421875 0.0484375 0.0390625