4 0.25546875 0.2578125 0.1015625 0.0890625
4 0.3390625 0.3109375 0.075 0.065625
2 0.65859375 0.4890625 0.0546875 0.078125
2 0.35234375 0.5078125 0.0890625 0.065625
2 0.35625 0.4125 0.090625 0.0828125
2 0.18984375 0.47421875 0.096875 0.075
2 0.28828125 0.51015625 0.0875 0.078125
2 0.0328125 0.3875 0.065625 0.06875
2 0.090625 0.3765625 0.0640625 0.04375
1 0.70625 0.134375 0.065625 0.0578125
4 0.6390625 0.04765625 0.0640625 0.04375
2 0.4328125 0.8203125 0.0625 0.046875
2 0.4140625 0.56953125 0.053125 0.046875
4 0.75859375 0.68984375 0.2296875 0.1796875
4 0.03046875 0.52890625 0.0609375 0.1234375
4 0.5796875 0.5765625 0.0546875 0.05625