4 0.6875 0.67421875 0.0296875 0.0296875
4 0.5203125 0.73359375 0.046875 0.0375
4 0.315625 0.571875 0.08125 0.0421875
4 0.321875 0.484375 0.1296875 0.0765625
1 0.54921875 0.184375 0.059375 0.0796875
1 0.625 0.5453125 0.0734375 0.06875
1 0.53046875 0.41875 0.053125 0.0453125
1 0.70078125 0.8796875 0.04375 0.0484375
0 0.59765625 0.5890625 0.0375 0.0359375
0 0.503125 0.48828125 0.03125 0.0359375
0 0.4390625 0.68046875 0.040625 0.046875
0 0.4578125 0.77734375 0.0515625 0.0296875
0 0.428125 0.85859375 0.065625 0.0390625
0 0.30078125 0.52734375 0.065625 0.0453125
0 0.290625 0.496875 0.05 0.0421875
0 0.2890625 0.39296875 0.0515625 0.0515625
4 0.378125 0.31796875 0.0390625 0.021875
2 0.60703125 0.453125 0.053125 0.05