2 0.7359375 0.71796875 0.08125 0.15625
2 0.709375 0.59296875 0.0296875 0.05
4 0.7015625 0.85078125 0.0421875 0.0484375
2 0.58828125 0.84453125 0.0609375 0.1171875
2 0.29296875 0.9015625 0.059375 0.075
2 0.2625 0.97578125 0.05625 0.0484375
2 0.209375 0.95234375 0.04375 0.0625
2 0.33125 0.8078125 0.0796875 0.121875
2 0.37265625 0.72421875 0.0484375 0.0828125
2 0.309375 0.73671875 0.059375 0.0734375
2 0.3375 0.6390625 0.0578125 0.0765625
2 0.240625 0.56015625 0.109375 0.1
2 0.31640625 0.57265625 0.0765625 0.084375
2 0.21796875 0.459375 0.1109375 0.1171875
2 0.12421875 0.53359375 0.0703125 0.065625
2 0.1671875 0.584375 0.1 0.1140625
4 0.07421875 0.56875 0.0734375 0.0796875
4 0.06328125 0.3578125 0.1046875 0.1375
4 0.25390625 0.63515625 0.1046875 0.090625
4 0.27109375 0.7859375 0.05 0.0421875
2 0.09453125 0.9515625 0.1078125 0.096875
2 0.11328125 0.17578125 0.0796875 0.04375
2 0.21875 0.08203125 0.1515625 0.1234375
2 0.196875 0.03984375 0.1078125 0.0328125
2 0.07421875 0.05078125 0.0609375 0.0234375
2 0.38046875 0.9375 0.1296875 0.125
2 0.29375 0.6859375 0.028125 0.0296875
2 0.08671875 0.46015625 0.05625 0.0734375
4 0.37109375 0.428125 0.0703125 0.0875
1 0.37421875 0.56875 0.0328125 0.03125
4 0.65234375 0.33125 0.03125 0.034375
2 0.66640625 0.43515625 0.03125 0.040625