2 0.44765625 0.64921875 0.078125 0.05625
4 0.58984375 0.3375 0.065625 0.0828125
4 0.64296875 0.25546875 0.096875 0.1078125
2 0.4296875 0.33046875 0.09375 0.090625
2 0.42109375 0.27421875 0.1 0.1078125
2 0.5109375 0.34140625 0.075 0.096875
2 0.4453125 0.18046875 0.0828125 0.1109375
1 0.8203125 0.6921875 0.0625 0.065625
4 0.9046875 0.628125 0.04375 0.0484375
4 0.2375 0.76640625 0.2359375 0.2234375
4 0.3890625 0.02734375 0.1 0.046875
2 0.3515625 0.4 0.046875 0.05625
2 0.08984375 0.4125 0.05 0.06875
2 0.76640625 0.31875 0.0484375 0.05
4 0.48984375 0.0671875 0.0828125 0.134375
4 0.36171875 0.57734375 0.053125 0.0609375