4 0.1125 0.390625 0.040625 0.04375
4 0.3265625 0.4140625 0.046875 0.053125
4 0.4140625 0.38828125 0.053125 0.03125
4 0.44296875 0.3640625 0.0390625 0.028125
2 0.47578125 0.3140625 0.0359375 0.04375
1 0.61640625 0.3359375 0.0484375 0.040625
4 0.60625 0.30859375 0.0265625 0.021875
1 0.57109375 0.228125 0.046875 0.0625
0 0.6703125 0.33671875 0.015625 0.021875
0 0.55078125 0.48515625 0.0296875 0.028125
0 0.57421875 0.5796875 0.0265625 0.0265625
0 0.67109375 0.58046875 0.0234375 0.0234375
0 0.59609375 0.65078125 0.0234375 0.0296875
0 0.60703125 0.665625 0.0296875 0.0203125
0 0.671875 0.81171875 0.0265625 0.0265625
0 0.63125 0.81015625 0.021875 0.0296875
0 0.68515625 0.61015625 0.015625 0.0234375
4 0.66015625 0.80625 0.0125 0.0171875
1 0.68125 0.7390625 0.0265625 0.0328125
4 0.5515625 0.76640625 0.025 0.015625
4 0.64375 0.65234375 0.0484375 0.028125
1 0.95859375 0.91015625 0.0109375 0.0171875
2 0.6390625 0.678125 0.0421875 0.0421875
0 0.61796875 0.653125 0.0171875 0.0171875
0 0.74765625 0.4359375 0.0125 0.0125
4 0.6875 0.4390625 0.0203125 0.0203125
4 0.64140625 0.44921875 0.0234375 0.0203125
4 0.625 0.503125 0.0203125 0.0234375
4 0.62109375 0.51015625 0.021875 0.0234375
4 0.56484375 0.49609375 0.0140625 0.0359375
4 0.5703125 0.44296875 0.0234375 0.0328125
4 0.5171875 0.390625 0.0203125 0.0171875