4 0.7921875 0.059375 0.0265625 0.03125
1 0.7671875 0.12109375 0.084375 0.0421875
2 0.7015625 0.48984375 0.0765625 0.0671875
4 0.7265625 0.51796875 0.0578125 0.025
0 0.52421875 0.309375 0.0359375 0.0515625
0 0.4625 0.315625 0.0390625 0.0390625
2 0.39921875 0.4515625 0.05625 0.0734375
4 0.22890625 0.09921875 0.0234375 0.01875
1 0.203125 0.10625 0.0328125 0.0203125
0 0.16875 0.10390625 0.028125 0.021875
0 0.15 0.11015625 0.021875 0.0234375
0 0.13125 0.128125 0.021875 0.025
4 0.1 0.1265625 0.0421875 0.0375
4 0.146875 0.2203125 0.0171875 0.0265625
0 0.24921875 0.34921875 0.028125 0.0375
0 0.0234375 0.390625 0.0265625 0.046875
4 0.06875 0.57734375 0.046875 0.053125
4 0.02578125 0.615625 0.0375 0.078125
4 0.15625 0.7390625 0.0453125 0.09375
4 0.20546875 0.88203125 0.0640625 0.090625
4 0.34765625 0.54296875 0.0453125 0.0765625
0 0.36796875 0.5046875 0.0265625 0.0375