4 0.603125 0.303125 0.034375 0.0359375
4 0.5265625 0.53359375 0.03125 0.0328125
4 0.53515625 0.51484375 0.0453125 0.0328125
0 0.546875 0.503125 0.0390625 0.028125
0 0.5125 0.2359375 0.0265625 0.0265625
0 0.31484375 0.34140625 0.0359375 0.03125
2 0.515625 0.1984375 0.0484375 0.04375
4 0.44375 0.5203125 0.0296875 0.040625
2 0.39140625 0.65 0.06875 0.05625
0 0.471875 0.56875 0.0328125 0.0265625
0 0.57890625 0.5921875 0.0390625 0.0265625
4 0.553125 0.61484375 0.0296875 0.021875
1 0.58828125 0.815625 0.034375 0.0453125
4 0.51640625 0.95703125 0.0265625 0.028125
0 0.69140625 0.975 0.0265625 0.0203125
1 0.77890625 0.8046875 0.0296875 0.0640625