2 0.16796875 0.2796875 0.3140625 0.3078125
2 0.38125 0.21875 0.209375 0.240625
2 0.25078125 0.02265625 0.0796875 0.0453125
2 0.31796875 0.4609375 0.140625 0.1421875
2 0.38984375 0.36484375 0.09375 0.078125
2 0.090625 0.18828125 0.0578125 0.0328125
2 0.26796875 0.5328125 0.0671875 0.0796875
2 0.29375 0.68515625 0.0609375 0.0796875
1 0.05078125 0.69921875 0.1015625 0.1234375
2 0.0546875 0.66796875 0.109375 0.1921875
2 0.1609375 0.64453125 0.090625 0.071875
2 0.1828125 0.68828125 0.103125 0.0640625
2 0.21953125 0.79375 0.034375 0.0296875
4 0.06796875 0.77421875 0.1359375 0.1703125
2 0.7671875 0.625 0.0484375 0.0578125
2 0.7578125 0.4671875 0.01875 0.0265625
2 0.63046875 0.85078125 0.0296875 0.0328125
2 0.58828125 0.1171875 0.0265625 0.0328125
2 0.27421875 0.87734375 0.0390625 0.0671875
4 0.2328125 0.86015625 0.065625 0.084375
2 0.18984375 0.94765625 0.0375 0.0234375
2 0.23046875 0.95234375 0.028125 0.025