4 0.40078125 0.78203125 0.0375 0.0171875
2 0.4046875 0.84375 0.021875 0.0296875
2 0.353125 0.86484375 0.015625 0.021875
1 0.43515625 0.740625 0.025 0.0234375
4 0.40078125 0.73515625 0.0109375 0.015625
4 0.61484375 0.91015625 0.0828125 0.034375
1 0.55546875 0.93359375 0.0234375 0.025
1 0.78984375 0.771875 0.00625 0.0015625
1 0.7703125 0.76015625 0.0453125 0.0359375
3 0.82109375 0.70703125 0.1046875 0.0328125
4 0.34765625 0.8140625 0.0171875 0.0265625
3 0.43671875 0.4921875 0.0265625 0.0265625
0 0.44921875 0.65 0.0125 0.0125
3 0.53359375 0.6359375 0.0140625 0.04375
3 0.58203125 0.58671875 0.0203125 0.0203125
1 0.56484375 0.55859375 0.0265625 0.0421875