3 0.34921875 0.43828125 0.1484375 0.1109375
3 0.52421875 0.23984375 0.0671875 0.1015625
2 0.6015625 0.42421875 0.0484375 0.0546875
4 0.46953125 0.3296875 0.0875 0.0828125
4 0.45390625 0.8734375 0.0875 0.0625
4 0.84375 0.46015625 0.0609375 0.059375
4 0.746875 0.1796875 0.0984375 0.1703125
4 0.50234375 0.5671875 0.1078125 0.090625
0 0.41328125 0.53671875 0.05 0.0625
2 0.86953125 0.59453125 0.0453125 0.05
2 0.74140625 0.58203125 0.078125 0.0921875
2 0.9921875 0.74765625 0.015625 0.0515625
2 0.49609375 0.1453125 0.0703125 0.06875