0 0.16015625 0.3046875 0.025 0.0390625
1 0.23203125 0.40546875 0.05 0.0421875
1 0.30625 0.21875 0.0671875 0.03125
4 0.42109375 0.49609375 0.0328125 0.034375
2 0.40546875 0.6515625 0.075 0.0765625
4 0.53671875 0.55859375 0.05625 0.0375
4 0.5390625 0.52734375 0.0375 0.046875
0 0.57578125 0.47109375 0.0328125 0.0375
0 0.5109375 0.61328125 0.040625 0.0375
0 0.5921875 0.55 0.034375 0.046875
4 0.51328125 0.64453125 0.0390625 0.04375
0 0.75234375 0.7453125 0.0296875 0.0515625
0 0.93359375 0.58046875 0.0328125 0.04375
2 0.9640625 0.5734375 0.0421875 0.053125
4 0.28671875 0.01015625 0.0125 0.0125
4 0.20078125 0.78046875 0.0296875 0.0515625