4 0.3453125 0.48671875 0.0765625 0.0890625
2 0.30078125 0.359375 0.1125 0.1
1 0.85234375 0.3890625 0.06875 0.0640625
4 0.96171875 0.209375 0.034375 0.05
2 0.22734375 0.7140625 0.1109375 0.1109375
2 0.1578125 0.7609375 0.11875 0.1
2 0.42265625 0.84921875 0.0640625 0.04375
2 0.409375 0.94453125 0.040625 0.03125
2 0.23671875 0.50078125 0.075 0.0703125
2 0.18046875 0.38984375 0.0609375 0.071875
2 0.19140625 0.33515625 0.046875 0.0625
4 0.1359375 0.415625 0.08125 0.0875
2 0.49765625 0.803125 0.075 0.0796875
2 0.4890625 0.9734375 0.0515625 0.0484375
4 0.7640625 0.9609375 0.0625 0.0609375
4 0.94375 0.734375 0.03125 0.1046875
2 0.3953125 0.5421875 0.0953125 0.109375
2 0.159375 0.4984375 0.0546875 0.0640625