1 0.978125 0.65625 0.04375 0.121875
2 0.13359375 0.2328125 0.0578125 0.0578125
2 0.2046875 0.2765625 0.0421875 0.034375
2 0.075 0.353125 0.084375 0.0609375
2 0.271875 0.4296875 0.0578125 0.0578125
2 0.36875 0.23359375 0.0421875 0.0265625
2 0.40859375 0.22109375 0.0359375 0.025
2 0.43359375 0.2453125 0.0359375 0.0203125
2 0.240625 0.2359375 0.01875 0.01875
4 0.2 0.82890625 0.1875 0.121875
2 0.1 0.85 0.0515625 0.0875
4 0.1453125 0.775 0.084375 0.071875
4 0.2125 0.353125 0.0296875 0.03125
3 0.69765625 0.71171875 0.1609375 0.090625
2 0.10859375 0.975 0.0578125 0.05