2 0.12421875 0.59453125 0.20625 0.20625
2 0.11328125 0.43828125 0.1515625 0.1421875
2 0.053125 0.290625 0.0953125 0.1890625
2 0.40546875 0.7640625 0.0609375 0.0515625
2 0.46171875 0.825 0.0609375 0.0796875
0 0.7171875 0.66953125 0.015625 0.015625
3 0.69296875 0.56953125 0.025 0.06875
2 0.15625 0.77265625 0.08125 0.0953125
4 0.278125 0.671875 0.0234375 0.0421875
4 0.459375 0.60859375 0.0453125 0.10625
4 0.4796875 0.6953125 0.040625 0.0609375
4 0.51328125 0.34765625 0.03125 0.065625
4 0.59296875 0.178125 0.0328125 0.078125
1 0.6390625 0.14375 0.04375 0.059375
1 0.503125 0.10234375 0.065625 0.1109375
2 0.29140625 0.88515625 0.0609375 0.0890625
2 0.346875 0.5921875 0.075 0.053125
2 0.21875 0.64453125 0.0359375 0.103125
2 0.1859375 0.7078125 0.0296875 0.0390625
2 0.478125 0.4296875 0.0515625 0.109375
2 0.32734375 0.534375 0.034375 0.0765625
2 0.7671875 0.57265625 0.0171875 0.0265625
2 0.74453125 0.778125 0.015625 0.0546875
2 0.76015625 0.69453125 0.0140625 0.034375
2 0.740625 0.6578125 0.0171875 0.0421875
2 0.26015625 0.796875 0.053125 0.065625
2 0.4234375 0.99140625 0.0359375 0.0125
2 0.4234375 0.6984375 0.075 0.0625
2 0.2953125 0.5625 0.040625 0.0640625