2 0.78359375 0.4171875 0.240625 0.0921875
2 0.6359375 0.6328125 0.084375 0.0828125
4 0.56484375 0.67265625 0.0234375 0.0140625
4 0.5578125 0.91640625 0.0484375 0.103125
4 0.86484375 0.971875 0.0609375 0.05625
4 0.53671875 0.82265625 0.0390625 0.0375
2 0.62734375 0.45 0.0421875 0.0265625
2 0.5140625 0.3984375 0.0421875 0.021875
4 0.4875 0.4125 0.0296875 0.0265625
2 0.39140625 0.43671875 0.1125 0.05625
2 0.36171875 0.5671875 0.15625 0.1109375
2 0.2625 0.58984375 0.0421875 0.05
4 0.22578125 0.5625 0.0734375 0.0546875
4 0.26875 0.428125 0.0375 0.025
2 0.23515625 0.79140625 0.08125 0.0640625
2 0.146875 0.79375 0.0859375 0.0625
4 0.25625 0.9578125 0.06875 0.0453125
2 0.0203125 0.90703125 0.040625 0.0703125
2 0.390625 0.84765625 0.096875 0.084375