0 0.34140625 0.3703125 0.0140625 0.0171875
0 0.34140625 0.390625 0.0125 0.0203125
0 0.4140625 0.40546875 0.0140625 0.0234375
0 0.43203125 0.4625 0.01875 0.0203125
0 0.5390625 0.39921875 0.0140625 0.0234375
0 0.50703125 0.378125 0.0171875 0.0171875
1 0.5421875 0.4578125 0.03125 0.03125
4 0.4765625 0.36875 0.01875 0.0140625
2 0.58984375 0.50390625 0.0296875 0.04375
0 0.57578125 0.53359375 0.021875 0.028125
0 0.53515625 0.52734375 0.0171875 0.0328125
0 0.5203125 0.54140625 0.01875 0.0328125
0 0.5828125 0.57421875 0.021875 0.0359375
0 0.5828125 0.6328125 0.01875 0.021875
0 0.62421875 0.6546875 0.025 0.0390625
4 0.56796875 0.60390625 0.0140625 0.0234375
4 0.6109375 0.5578125 0.040625 0.028125
4 0.6265625 0.53671875 0.040625 0.0140625
4 0.68046875 0.53984375 0.015625 0.0328125
4 0.67734375 0.4546875 0.0265625 0.0328125
4 0.70234375 0.4671875 0.015625 0.0203125
1 0.65546875 0.44375 0.0359375 0.0328125
0 0.746875 0.43203125 0.0125 0.0203125
4 0.784375 0.528125 0.028125 0.028125
4 0.721875 0.61015625 0.0265625 0.0265625
0 0.8046875 0.6265625 0.025 0.0390625
2 0.83125 0.62734375 0.0515625 0.0515625
1 0.97421875 0.5984375 0.0515625 0.0625
4 0.63984375 0.76796875 0.04375 0.0671875
4 0.71953125 0.790625 0.0375 0.071875
4 0.63203125 0.83203125 0.04375 0.071875
4 0.67265625 0.9578125 0.0421875 0.040625
4 0.8296875 0.73125 0.025 0.0265625
1 0.66328125 0.8140625 0.0515625 0.0546875