2 0.12265625 0.4421875 0.225 0.225
2 0.128125 0.59765625 0.1625 0.1546875
2 0.08046875 0.7515625 0.1203125 0.196875
2 0.38359375 0.24453125 0.0625 0.05625
2 0.4328125 0.17890625 0.0671875 0.084375
0 0.7015625 0.30625 0.015625 0.0171875
3 0.6875 0.4078125 0.03125 0.06875
2 0.13671875 0.26171875 0.0875 0.1015625
4 0.2671875 0.34921875 0.028125 0.04375
4 0.453125 0.39296875 0.05625 0.109375
4 0.4640625 0.30546875 0.046875 0.0640625
4 0.534375 0.64609375 0.0375 0.065625
4 0.62890625 0.80625 0.0390625 0.0796875
1 0.6796875 0.834375 0.0484375 0.0640625
1 0.5484375 0.8890625 0.0734375 0.1140625
2 0.2578125 0.1375 0.06875 0.0921875
2 0.34296875 0.42109375 0.078125 0.0609375
2 0.2109375 0.38203125 0.0453125 0.103125
2 0.17265625 0.32421875 0.034375 0.0421875
2 0.4890625 0.56796875 0.0609375 0.1125
2 0.33046875 0.48203125 0.0421875 0.078125
2 0.76015625 0.396875 0.01875 0.0265625
2 0.71796875 0.19609375 0.0203125 0.05625
2 0.74140625 0.27734375 0.0171875 0.0359375
2 0.7265625 0.315625 0.021875 0.04375
2 0.23515625 0.22734375 0.0578125 0.06875
2 0.378125 0.01875 0.0375 0.0171875
2 0.40703125 0.30859375 0.0796875 0.0703125
2 0.2953125 0.45625 0.046875 0.0671875