2 0.49453125 0.60546875 0.1359375 0.1140625
2 0.3078125 0.35390625 0.0640625 0.0546875
2 0.378125 0.246875 0.0578125 0.034375
2 0.4203125 0.41796875 0.0734375 0.046875
2 0.0125 0.38125 0.025 0.028125
2 0.0484375 0.4140625 0.0171875 0.015625
2 0.071875 0.26640625 0.0375 0.028125
2 0.03359375 0.32578125 0.0484375 0.025
2 0.0046875 0.29921875 0.009375 0.0234375
4 0.8203125 0.8625 0.0578125 0.0328125
4 0.80625 0.9328125 0.0375 0.0453125
2 0.89609375 0.4140625 0.028125 0.0203125
2 0.51171875 0.4203125 0.0421875 0.0171875
2 0.6390625 0.4578125 0.025 0.021875
2 0.53125 0.40625 0.0109375 0.0140625
2 0.31484375 0.5125 0.0140625 0.0125
2 0.5078125 0.5328125 0.0265625 0.0203125