2 0.60859375 0.7265625 0.1828125 0.1640625
2 0.53125 0.846875 0.0703125 0.0671875
2 0.596875 0.8375 0.065625 0.0328125
2 0.7640625 0.77890625 0.078125 0.065625
2 0.78671875 0.70390625 0.3078125 0.190625
4 0.96328125 0.78671875 0.0734375 0.3046875
2 0.4453125 0.9546875 0.175 0.090625
2 0.44296875 0.58984375 0.0296875 0.034375
2 0.890625 0.91796875 0.053125 0.0515625
2 0.8609375 0.88828125 0.034375 0.0328125
1 0.40078125 0.05546875 0.0234375 0.0328125
1 0.3609375 0.11953125 0.021875 0.028125
2 0.58359375 0.08125 0.0921875 0.0703125