2 0.27109375 0.8640625 0.1125 0.1734375
2 0.16484375 0.859375 0.065625 0.084375
2 0.12578125 0.7359375 0.0984375 0.103125
4 0.284375 0.26171875 0.059375 0.06875
4 0.21796875 0.11953125 0.0453125 0.059375
2 0.19765625 0.24453125 0.0875 0.115625
2 0.32109375 0.1125 0.0875 0.1109375
2 0.26640625 0.2109375 0.05 0.065625
2 0.10546875 0.228125 0.121875 0.1375
2 0.25234375 0.29375 0.0640625 0.0640625
2 0.159375 0.33515625 0.071875 0.071875
2 0.2421875 0.17890625 0.0390625 0.0328125
2 0.4203125 0.00703125 0.040625 0.0140625
1 0.35 0.30625 0.021875 0.0359375
2 0.34609375 0.740625 0.03125 0.0359375
2 0.05703125 0.44140625 0.0890625 0.109375
2 0.171875 0.4296875 0.1125 0.103125
2 0.196875 0.52109375 0.1078125 0.0890625
2 0.1 0.50625 0.0625 0.06875
2 0.32265625 0.315625 0.0609375 0.071875
2 0.24609375 0.14765625 0.0421875 0.0359375
2 0.015625 0.50703125 0.03125 0.0734375