4 0.3875 0.52421875 0.01875 0.025
4 0.4828125 0.50078125 0.0265625 0.028125
4 0.56875 0.53515625 0.0265625 0.03125
4 0.64140625 0.4359375 0.0203125 0.0359375
4 0.72421875 0.46875 0.034375 0.0484375
4 0.76484375 0.4453125 0.0375 0.0734375
4 0.71640625 0.52109375 0.0375 0.0671875
4 0.69453125 0.49765625 0.046875 0.0328125
4 0.6546875 0.3984375 0.0265625 0.0265625
4 0.446875 0.971875 0.021875 0.0140625
0 0.459375 0.93359375 0.0203125 0.0234375
0 0.43203125 0.94296875 0.025 0.0171875
1 0.41640625 0.8703125 0.01875 0.0390625
4 0.51484375 0.8296875 0.025 0.0171875
0 0.51328125 0.78671875 0.0265625 0.025
0 0.4984375 0.759375 0.0234375 0.028125
4 0.490625 0.728125 0.03125 0.0390625
0 0.50546875 0.69921875 0.0359375 0.01875
0 0.5921875 0.675 0.034375 0.021875
2 0.48671875 0.76875 0.0296875 0.0265625
0 0.47578125 0.590625 0.021875 0.0296875
0 0.45859375 0.5953125 0.0234375 0.0265625
0 0.32109375 0.546875 0.0171875 0.0171875
2 0.603125 0.36328125 0.0265625 0.0453125
1 0.4984375 0.37578125 0.0390625 0.0421875
1 0.50234375 0.25859375 0.040625 0.0609375
4 0.50703125 0.3359375 0.0203125 0.0203125
0 0.384375 0.371875 0.01875 0.0203125
4 0.9796875 0.43203125 0.0359375 0.046875