2 0.3203125 0.74375 0.15625 0.090625
2 0.41171875 0.92890625 0.0640625 0.0953125
2 0.359375 0.821875 0.03125 0.08125
2 0.20390625 0.61953125 0.103125 0.075
2 0.09296875 0.61640625 0.05625 0.059375
2 0.4546875 0.46484375 0.059375 0.040625
2 0.3953125 0.3671875 0.06875 0.0390625
2 0.128125 0.3078125 0.040625 0.021875
2 0.125 0.13984375 0.06875 0.04375
4 0.80625 0.55546875 0.04375 0.053125
2 0.99609375 0.36796875 0.0078125 0.0421875
2 0.78359375 0.009375 0.1046875 0.01875
2 0.51484375 0.47734375 0.059375 0.0765625
4 0.32734375 0.25625 0.0453125 0.0375