2 0.15078125 0.8796875 0.1390625 0.13125
1 0.05859375 0.84765625 0.0296875 0.0296875
2 0.03828125 0.89921875 0.025 0.0359375
2 0.81328125 0.9671875 0.0953125 0.03125
2 0.325 0.3890625 0.0875 0.04375
2 0.8734375 0.85390625 0.025 0.0484375
1 0.92890625 0.9484375 0.0140625 0.0203125
1 0.771875 0.1265625 0.01875 0.009375
1 0.26015625 0.2703125 0.015625 0.0109375
1 0.1 0.415625 0.0203125 0.0109375
1 0.18125 0.75703125 0.0515625 0.04375
4 0.44140625 0.48828125 0.0296875 0.0171875
4 0.37109375 0.98125 0.1578125 0.0375
2 0.1171875 0.98359375 0.046875 0.0328125