0 0.834375 0.971875 0.01875 0.015625
0 0.64609375 0.803125 0.034375 0.021875
1 0.55390625 0.72734375 0.0390625 0.0453125
1 0.73828125 0.66796875 0.0265625 0.0640625
4 0.4796875 0.53984375 0.0328125 0.0296875
2 0.33046875 0.54453125 0.0703125 0.06875
4 0.428125 0.425 0.0328125 0.0515625
4 0.4578125 0.425 0.0421875 0.0328125
0 0.51484375 0.39296875 0.0359375 0.0296875
0 0.3734375 0.44609375 0.0359375 0.0390625
0 0.43984375 0.37265625 0.04375 0.0296875
4 0.34375 0.44140625 0.040625 0.0359375
0 0.26328125 0.20546875 0.0484375 0.0265625
0 0.434375 0.04296875 0.0421875 0.028125
2 0.44296875 0.01640625 0.05 0.03125
4 0.9359375 0.70078125 0.0109375 0.009375
4 0.19375 0.73203125 0.0484375 0.025