2 0.8671875 0.5109375 0.1015625 0.053125
2 0.609375 0.28828125 0.1140625 0.0765625
2 0.78359375 0.23984375 0.0703125 0.0953125
2 0.77421875 0.36015625 0.125 0.1359375
2 0.84375 0.31015625 0.084375 0.05625
2 0.91953125 0.32890625 0.0671875 0.06875
2 0.62734375 0.5015625 0.0875 0.084375
2 0.56171875 0.60703125 0.0515625 0.0734375
2 0.45703125 0.59609375 0.0734375 0.15
2 0.628125 0.0515625 0.0625 0.053125
1 0.52109375 0.04453125 0.015625 0.0359375
4 0.60546875 0.0203125 0.0578125 0.040625
2 0.78984375 0.03515625 0.1109375 0.0703125
2 0.7125 0.10703125 0.0671875 0.065625
2 0.690625 0.03203125 0.065625 0.0640625
2 0.6734375 0.20390625 0.096875 0.103125
2 0.7234375 0.2953125 0.0421875 0.0625
2 0.740625 0.4484375 0.05625 0.05
2 0.47421875 0.7203125 0.0625 0.090625
2 0.425 0.465625 0.034375 0.0328125
2 0.86796875 0.8953125 0.0953125 0.165625
2 0.9421875 0.18984375 0.084375 0.1359375
2 0.5609375 0.04375 0.075 0.0875