0 0.8125 0.43828125 0.009375 0.0171875
1 0.82265625 0.4109375 0.0203125 0.0359375
4 0.728125 0.37109375 0.0109375 0.0109375
1 0.51484375 0.40390625 0.0484375 0.053125
1 0.24375 0.51015625 0.05 0.05625
0 0.12890625 0.465625 0.0578125 0.0546875
0 0.1796875 0.634375 0.0578125 0.0375
2 0.1875 0.66640625 0.0859375 0.0546875
4 0.34609375 0.88203125 0.0390625 0.021875
4 0.38046875 0.79921875 0.0265625 0.0375
0 0.4015625 0.6390625 0.04375 0.0296875
4 0.24921875 0.8890625 0.040625 0.04375
2 0.13125 0.39921875 0.05625 0.0640625
4 0.1796875 0.31875 0.0484375 0.053125
0 0.1765625 0.34609375 0.053125 0.0421875