1 0.98984375 0.49140625 0.0203125 0.0546875
1 0.67265625 0.35546875 0.0359375 0.0453125
1 0.54765625 0.375 0.03125 0.0328125
1 0.68984375 0.73515625 0.05625 0.05
4 0.63984375 0.478125 0.040625 0.028125
4 0.6578125 0.459375 0.040625 0.0140625
4 0.6828125 0.69921875 0.0484375 0.0640625
4 0.678125 0.765625 0.0390625 0.0625
4 0.76796875 0.715625 0.0390625 0.0625
4 0.71328125 0.4546875 0.0171875 0.0359375
4 0.80859375 0.43203125 0.028125 0.0265625
4 0.8734375 0.62265625 0.028125 0.0328125
4 0.74921875 0.4984375 0.0296875 0.034375
4 0.72421875 0.38671875 0.015625 0.0203125
4 0.69453125 0.37421875 0.028125 0.034375
4 0.47890625 0.28203125 0.0171875 0.0171875
4 0.509375 0.29140625 0.015625 0.0171875
1 0.3796875 0.16015625 0.0171875 0.0109375
0 0.33828125 0.2921875 0.015625 0.021875
0 0.3390625 0.3171875 0.0109375 0.01875
0 0.4140625 0.3203125 0.015625 0.0234375
0 0.43828125 0.38515625 0.021875 0.025
0 0.5421875 0.3078125 0.0140625 0.01875
0 0.55078125 0.4578125 0.015625 0.028125
0 0.5359375 0.4703125 0.01875 0.0296875
0 0.6 0.459375 0.01875 0.028125
0 0.60859375 0.49453125 0.021875 0.0390625
0 0.66015625 0.58046875 0.0265625 0.04375
0 0.6109375 0.55859375 0.021875 0.0296875
0 0.76484375 0.32109375 0.0140625 0.021875
0 0.83828125 0.5140625 0.0328125 0.040625
4 0.59375 0.52265625 0.01875 0.028125
2 0.60703125 0.43125 0.0359375 0.046875
2 0.8671875 0.51796875 0.053125 0.053125
4 0.71796875 0.9046875 0.046875 0.0484375