4 0.38203125 0.16875 0.1046875 0.09375
4 0.44765625 0.24765625 0.0765625 0.0671875
2 0.70703125 0.52734375 0.05625 0.08125
2 0.39765625 0.446875 0.0921875 0.06875
2 0.4328125 0.35390625 0.0953125 0.0859375
2 0.24765625 0.3609375 0.1 0.0796875
2 0.334375 0.42890625 0.090625 0.08125
2 0.11796875 0.22578125 0.075 0.071875
2 0.18046875 0.23359375 0.0671875 0.0453125
1 0.86875 0.19140625 0.0703125 0.059375
4 0.8296875 0.08359375 0.0671875 0.04375
2 0.37734375 0.7828125 0.065625 0.05
2 0.43828125 0.528125 0.053125 0.0484375
4 0.74140625 0.75859375 0.240625 0.1875
4 0.05703125 0.3625 0.0984375 0.13125
4 0.6 0.58828125 0.0546875 0.0578125