0 0.615625 0.43046875 0.034375 0.0265625
0 0.72890625 0.446875 0.0453125 0.040625
0 0.78125 0.4375 0.0578125 0.040625
0 0.78359375 0.3703125 0.04375 0.05
0 0.83828125 0.4359375 0.0640625 0.0328125
0 0.66171875 0.19765625 0.040625 0.0296875
0 0.61640625 0.121875 0.04375 0.034375
0 0.5234375 0.25625 0.040625 0.03125
0 0.60078125 0.53359375 0.0421875 0.021875
2 0.5515625 0.62734375 0.0703125 0.059375
4 0.784375 0.7015625 0.059375 0.040625
4 0.925 0.60390625 0.090625 0.0578125
4 0.91796875 0.43125 0.0859375 0.065625
4 0.83125 0.46796875 0.0390625 0.0515625
4 0.6546875 0.45625 0.04375 0.0578125
4 0.69140625 0.45625 0.0453125 0.0375
4 0.56484375 0.08828125 0.0390625 0.0375
4 0.48203125 0.2015625 0.0296875 0.0328125
1 0.584375 0.39921875 0.0375 0.0453125
1 0.4921875 0.44296875 0.06875 0.071875
1 0.46171875 0.00859375 0.0421875 0.0171875
0 0.62109375 0.02109375 0.0265625 0.01875
1 0.55078125 0.8390625 0.0765625 0.0796875
4 0.58984375 0.50390625 0.05625 0.05
2 0.59296875 0.46328125 0.0484375 0.04375