2 0.66171875 0.83203125 0.0796875 0.159375
2 0.76328125 0.84921875 0.0515625 0.0734375
2 0.8234375 0.73828125 0.08125 0.0875
4 0.76015625 0.25625 0.0453125 0.0578125
4 0.85 0.1328125 0.0359375 0.053125
2 0.84609375 0.25625 0.065625 0.1015625
2 0.753125 0.10703125 0.06875 0.096875
2 0.7859375 0.21171875 0.0375 0.0578125
2 0.9359375 0.25703125 0.0984375 0.11875
2 0.784375 0.2921875 0.0546875 0.0546875
2 0.865625 0.35 0.0609375 0.059375
2 0.815625 0.1859375 0.034375 0.0265625
1 0.68984375 0.28671875 0.0140625 0.034375
2 0.61328125 0.7015625 0.0265625 0.03125
2 0.94375 0.46953125 0.06875 0.0953125
2 0.83515625 0.4375 0.096875 0.084375
2 0.7953125 0.5203125 0.0953125 0.0703125
2 0.890625 0.52421875 0.05 0.059375
2 0.9875 0.62734375 0.025 0.0328125
2 0.71328125 0.30078125 0.0484375 0.0625
2 0.81796875 0.15546875 0.0390625 0.028125
2 0.98046875 0.54140625 0.0390625 0.0640625