4 0.40234375 0.490625 0.0203125 0.0265625
4 0.50546875 0.47890625 0.0265625 0.0296875
4 0.58984375 0.52578125 0.0265625 0.0328125
4 0.6796875 0.43125 0.0234375 0.0359375
4 0.7625 0.47578125 0.034375 0.05
4 0.80703125 0.45625 0.0421875 0.078125
4 0.746875 0.5296875 0.0421875 0.071875
4 0.72734375 0.50234375 0.0484375 0.0375
4 0.69765625 0.39453125 0.028125 0.0265625
4 0.40703125 0.9671875 0.025 0.015625
0 0.42421875 0.9296875 0.021875 0.0265625
0 0.39453125 0.93515625 0.0265625 0.0171875
1 0.38828125 0.85703125 0.021875 0.040625
4 0.49609375 0.82734375 0.0265625 0.0171875
0 0.50078125 0.78203125 0.028125 0.0265625
0 0.4890625 0.75078125 0.0234375 0.0296875
4 0.48359375 0.71796875 0.034375 0.0421875
0 0.503125 0.68984375 0.0390625 0.021875
0 0.596875 0.67578125 0.0359375 0.025
2 0.475 0.76015625 0.0328125 0.0296875
0 0.48671875 0.571875 0.0234375 0.0328125
0 0.4671875 0.57421875 0.0234375 0.0296875
0 0.3296875 0.50625 0.0171875 0.0171875
2 0.6484375 0.35 0.03125 0.0484375
1 0.5375 0.35 0.04375 0.046875
1 0.55625 0.228125 0.0453125 0.065625
4 0.5515625 0.309375 0.0203125 0.0234375
0 0.41875 0.33125 0.0203125 0.0203125