4 0.10859375 0.61953125 0.0421875 0.046875
4 0.17578125 0.46328125 0.0296875 0.0359375
4 0.425 0.85859375 0.0890625 0.078125
4 0.40234375 0.7734375 0.0546875 0.0640625
2 0.49453125 0.44453125 0.0453125 0.0453125
4 0.5265625 0.52734375 0.065625 0.0640625
4 0.46328125 0.509375 0.0328125 0.0484375
4 0.61953125 0.634375 0.0328125 0.05625
2 0.43515625 0.52734375 0.0515625 0.0609375
1 0.4140625 0.50078125 0.053125 0.0546875
1 0.36015625 0.45234375 0.065625 0.075
1 0.71796875 0.40703125 0.0828125 0.0640625
0 0.51640625 0.71953125 0.0515625 0.06875
0 0.25859375 0.521875 0.0234375 0.040625
0 0.153125 0.734375 0.0578125 0.053125
0 0.065625 0.69921875 0.0421875 0.04375
0 0.31015625 0.6859375 0.0359375 0.0578125
0 0.403125 0.56875 0.04375 0.0421875
0 0.44453125 0.7921875 0.04375 0.0625