1 0.46328125 0.790625 0.05625 0.0828125
1 0.6125 0.4953125 0.0578125 0.0515625
1 0.59609375 0.39609375 0.0390625 0.0375
1 0.88515625 0.22890625 0.0203125 0.025
1 0.728125 0.3484375 0.0265625 0.0171875
0 0.44140625 0.640625 0.040625 0.028125
0 0.47421875 0.428125 0.0390625 0.0359375
0 0.4921875 0.4046875 0.040625 0.025
0 0.50703125 0.41328125 0.025 0.034375
0 0.4890625 0.36640625 0.0375 0.040625
0 0.6109375 0.2421875 0.0234375 0.028125
0 0.684375 0.23046875 0.028125 0.021875
0 0.684375 0.3828125 0.03125 0.021875
0 0.42578125 0.465625 0.0234375 0.0296875
0 0.40390625 0.44140625 0.0375 0.0375
0 0.60546875 0.5828125 0.028125 0.0203125
4 0.50859375 0.6609375 0.0359375 0.03125
4 0.36953125 0.62734375 0.034375 0.025
4 0.59765625 0.52890625 0.0390625 0.0328125
4 0.73515625 0.28671875 0.021875 0.0171875
2 0.46875 0.6515625 0.0328125 0.04375
4 0.31875 0.509375 0.0609375 0.0359375
4 0.221875 0.46953125 0.046875 0.0453125
4 0.31796875 0.390625 0.059375 0.053125
4 0.46875 0.46953125 0.0421875 0.0359375
4 0.50234375 0.47265625 0.0359375 0.0484375
4 0.43984375 0.48203125 0.021875 0.01875
0 0.70078125 0.11171875 0.028125 0.0234375
2 0.53515625 0.45625 0.04375 0.046875