2 0.64765625 0.57578125 0.1875 0.234375
2 0.68984375 0.41484375 0.0578125 0.0515625
2 0.7609375 0.45390625 0.0640625 0.0890625
2 0.51328125 0.22578125 0.0546875 0.0578125
2 0.5328125 0.346875 0.05625 0.0640625
2 0.2375 0.31328125 0.08125 0.071875
2 0.5125 0.06328125 0.13125 0.1265625
2 0.496875 0.15703125 0.0796875 0.1046875
2 0.3984375 0.1453125 0.0640625 0.075
2 0.77109375 0.72109375 0.0234375 0.028125
2 0.6890625 0.83515625 0.028125 0.0265625
2 0.83984375 0.778125 0.0421875 0.0375
2 0.58984375 0.80703125 0.0375 0.025