0 0.33203125 0.46015625 0.0265625 0.03125
3 0.15234375 0.61875 0.078125 0.05625
1 0.3984375 0.5421875 0.046875 0.04375
1 0.35625 0.590625 0.046875 0.0375
1 0.41015625 0.69296875 0.053125 0.06875
3 0.5125 0.5328125 0.0296875 0.046875
3 0.4125 0.475 0.0234375 0.01875
3 0.54140625 0.7140625 0.034375 0.0328125
3 0.64140625 0.57265625 0.0328125 0.0265625
3 0.53515625 0.4875 0.04375 0.03125
2 0.53125 0.6265625 0.05625 0.0640625
4 0.45234375 0.5 0.0328125 0.0296875
4 0.31953125 0.43125 0.040625 0.01875
2 0.56796875 0.37109375 0.034375 0.0234375
4 0.40390625 0.39375 0.0203125 0.025
4 0.3953125 0.37734375 0.0203125 0.015625
4 0.4140625 0.36875 0.0140625 0.0140625
0 0.86171875 0.5015625 0.01875 0.021875