2 0.39296875 0.22578125 0.0484375 0.0390625
2 0.42890625 0.284375 0.078125 0.06875
4 0.63125 0.21328125 0.0734375 0.0453125
1 0.96328125 0.1125 0.0609375 0.0375
3 0.99375 0.1734375 0.0125 0.040625
3 0.7671875 0.45390625 0.1203125 0.059375
3 0.74140625 0.20546875 0.05 0.0578125
3 0.53671875 0.10703125 0.0515625 0.0703125
1 0.56171875 0.3140625 0.08125 0.0765625
4 0.1046875 0.13515625 0.0765625 0.0796875
2 0.08125 0.22421875 0.0765625 0.1015625
2 0.1890625 0.171875 0.0453125 0.0765625
4 0.0796875 0.6390625 0.109375 0.1140625