2 0.6859375 0.78828125 0.10625 0.175
2 0.703125 0.64921875 0.0390625 0.05625
4 0.603125 0.91328125 0.05 0.05625
2 0.48828125 0.86640625 0.0828125 0.13125
2 0.16484375 0.82109375 0.071875 0.0875
2 0.1046875 0.8921875 0.0640625 0.06875
2 0.0609375 0.84375 0.0546875 0.0734375
2 0.23671875 0.7375 0.1015625 0.1390625
2 0.309375 0.66640625 0.0625 0.0953125
2 0.23984375 0.65625 0.075 0.0859375
2 0.30390625 0.56640625 0.06875 0.0875
2 0.23125 0.45078125 0.128125 0.1203125
2 0.3046875 0.49140625 0.0921875 0.0984375
2 0.24375 0.3390625 0.13125 0.1390625
2 0.121875 0.38125 0.0828125 0.0796875
2 0.14765625 0.45 0.1203125 0.1328125
4 0.05703125 0.40078125 0.0875 0.0953125
4 0.12109375 0.1796875 0.128125 0.1578125
4 0.21875 0.5328125 0.1234375 0.109375
4 0.1828125 0.69375 0.0578125 0.0515625
2 0.2359375 0.01953125 0.090625 0.0390625
2 0.3703125 0.0125 0.1625 0.025
2 0.24140625 0.8890625 0.15 0.15
2 0.2421875 0.59921875 0.0328125 0.0328125
2 0.1078125 0.29296875 0.06875 0.084375
4 0.4125 0.36015625 0.0859375 0.1
1 0.365625 0.5078125 0.0390625 0.0359375
4 0.7359375 0.3609375 0.0375 0.040625
2 0.7140625 0.4734375 0.0375 0.046875