0 0.1515625 0.52421875 0.0078125 0.015625
1 0.13671875 0.4984375 0.0140625 0.0359375
4 0.225 0.4390625 0.009375 0.009375
1 0.446875 0.43046875 0.040625 0.046875
1 0.74296875 0.484375 0.04375 0.053125
0 0.8515625 0.41640625 0.053125 0.046875
0 0.8328125 0.59765625 0.053125 0.028125
2 0.83125 0.6328125 0.08125 0.0421875
4 0.71328125 0.88203125 0.0390625 0.0171875
4 0.66171875 0.80546875 0.021875 0.034375
0 0.60859375 0.646875 0.040625 0.0234375
4 0.8125 0.8703125 0.0359375 0.0375
2 0.8359375 0.34921875 0.0484375 0.05625
4 0.7703125 0.27734375 0.0421875 0.05
0 0.7796875 0.3046875 0.046875 0.034375