3 0.59453125 0.4265625 0.134375 0.09375
3 0.3828125 0.290625 0.05625 0.090625
2 0.36015625 0.4796875 0.0421875 0.05
4 0.45625 0.3578125 0.0765625 0.071875
4 0.61328125 0.85234375 0.078125 0.053125
4 0.14765625 0.5765625 0.053125 0.0515625
4 0.1625 0.29453125 0.078125 0.1546875
4 0.48828125 0.58515625 0.096875 0.078125
0 0.5625 0.5328125 0.0453125 0.0578125
2 0.159375 0.70625 0.040625 0.0453125
2 0.27421875 0.66171875 0.0671875 0.0828125
2 0.08125 0.88125 0.0203125 0.05
2 0.38359375 0.196875 0.0640625 0.059375