2 0.63359375 0.39921875 0.153125 0.2125
2 0.70234375 0.55 0.05 0.04375
2 0.765625 0.4984375 0.0515625 0.0828125
2 0.56171875 0.76640625 0.046875 0.0515625
2 0.56015625 0.64375 0.0484375 0.0578125
2 0.27578125 0.728125 0.0734375 0.0609375
2 0.59140625 0.9359375 0.1109375 0.128125
2 0.55703125 0.83671875 0.0640625 0.0953125
2 0.4625 0.86484375 0.0546875 0.0671875
2 0.7296875 0.234375 0.01875 0.025
2 0.6296875 0.13671875 0.025 0.021875
2 0.78828125 0.165625 0.0375 0.03125
2 0.53671875 0.18046875 0.034375 0.01875