3 0.4015625 0.5890625 0.1015625 0.14375
3 0.2625 0.3625 0.0984375 0.059375
2 0.4625 0.34296875 0.053125 0.0453125
4 0.33203125 0.44140625 0.078125 0.08125
4 0.85 0.61640625 0.05625 0.0859375
4 0.5671875 0.11953125 0.0546875 0.0578125
4 0.26953125 0.13125 0.165625 0.084375
4 0.5703125 0.4796875 0.084375 0.103125
0 0.51484375 0.55625 0.0625 0.046875
2 0.70390625 0.13515625 0.046875 0.0421875
2 0.6546875 0.2546875 0.0875 0.071875
2 0.88984375 0.05625 0.053125 0.0203125
2 0.1625 0.36171875 0.0640625 0.06875