2 0.0265625 0.659375 0.053125 0.15625
2 0.428125 0.51640625 0.265625 0.11875
2 0.6375 0.73203125 0.109375 0.0765625
2 0.5140625 0.80546875 0.09375 0.0828125
2 0.48125 0.72578125 0.0296875 0.03125
2 0.453125 0.68828125 0.1421875 0.11875
2 0.3890625 0.7390625 0.1015625 0.075
2 0.68671875 0.9734375 0.2265625 0.053125
2 0.56015625 0.90546875 0.26875 0.1890625
2 0.51875 0.97890625 0.1375 0.0421875
2 0.6734375 0.88203125 0.0828125 0.078125
2 0.678125 0.684375 0.0359375 0.06875
2 0.69375 0.6 0.1578125 0.1078125
2 0.92421875 0.81484375 0.0390625 0.04375
2 0.275 0.8109375 0.090625 0.0734375
2 0.34296875 0.90078125 0.06875 0.053125
2 0.42890625 0.81484375 0.0328125 0.0328125
2 0.22578125 0.71484375 0.1140625 0.1046875
1 0.259375 0.66875 0.046875 0.034375
2 0.30078125 0.70078125 0.0421875 0.04375
4 0.078125 0.6484375 0.13125 0.1109375
2 0.12890625 0.56015625 0.153125 0.0984375
2 0.00703125 0.565625 0.0140625 0.034375
2 0.75234375 0.07421875 0.08125 0.040625
2 0.38046875 0.79921875 0.034375 0.0390625