0 0.04765625 0.34921875 0.015625 0.0078125
0 0.21015625 0.215625 0.0171875 0.0171875
4 0.1546875 0.35703125 0.0203125 0.021875
4 0.54296875 0.31484375 0.0390625 0.0421875
4 0.64375 0.38671875 0.059375 0.0390625
4 0.63671875 0.40390625 0.0515625 0.04375
4 0.72578125 0.3453125 0.0921875 0.046875
4 0.76171875 0.43984375 0.0828125 0.046875
4 0.690625 0.64375 0.0828125 0.071875
4 0.58046875 0.60390625 0.0578125 0.0640625
0 0.384375 0.33984375 0.0390625 0.034375
0 0.35234375 0.3734375 0.0296875 0.0375
0 0.2171875 0.7734375 0.0203125 0.028125
0 0.22109375 0.74609375 0.0328125 0.0328125
0 0.30546875 0.72890625 0.03125 0.0296875
0 0.36875 0.66875 0.034375 0.0203125
0 0.2546875 0.67578125 0.03125 0.0296875
0 0.42109375 0.621875 0.046875 0.03125
0 0.4546875 0.64375 0.0390625 0.0390625
4 0.12578125 0.74609375 0.021875 0.025
1 0.22421875 0.71640625 0.034375 0.0421875
4 0.2953125 0.67109375 0.0265625 0.025
2 0.36015625 0.57734375 0.05625 0.0421875
0 0.3828125 0.55390625 0.0265625 0.0140625
0 0.45859375 0.67265625 0.0296875 0.0203125
4 0.53671875 0.584375 0.0453125 0.0421875
4 0.3828125 0.75078125 0.0484375 0.059375
4 0.89140625 0.52265625 0.065625 0.05
1 0.37890625 0.2265625 0.0515625 0.053125
1 0.3109375 0.14453125 0.0515625 0.0546875
4 0.409375 0.1890625 0.034375 0.04375
4 0.60859375 0.22421875 0.046875 0.034375