2 0.29296875 0.83359375 0.3 0.3140625
2 0.23671875 0.62109375 0.2296875 0.2
2 0.0125 0.6515625 0.025 0.10625
2 0.03515625 0.746875 0.0703125 0.078125
2 0.46953125 0.6828125 0.1375 0.1359375
2 0.3765625 0.61328125 0.0765625 0.090625
2 0.20703125 0.90078125 0.0328125 0.05625
2 0.53828125 0.73046875 0.0765625 0.0625
2 0.684375 0.70625 0.0765625 0.0609375
1 0.69765625 0.9453125 0.1203125 0.109375
2 0.6671875 0.9421875 0.1875 0.115625
2 0.6453125 0.83359375 0.0703125 0.0875
2 0.6875 0.8125 0.0609375 0.1
2 0.7890625 0.77734375 0.028125 0.034375
4 0.76953125 0.928125 0.1640625 0.14375
2 0.6265625 0.25078125 0.05625 0.0484375
2 0.475 0.26015625 0.025 0.0171875
2 0.84375 0.3828125 0.03125 0.0265625
2 0.1390625 0.42265625 0.03125 0.0265625
4 0.021875 0.434375 0.040625 0.046875
2 0.86875 0.72421875 0.065625 0.0375
4 0.853125 0.76484375 0.08125 0.0640625
2 0.94296875 0.80625 0.0328125 0.0390625
2 0.94296875 0.7671875 0.028125 0.028125