2 0.13203125 0.59921875 0.1484375 0.075
2 0.11171875 0.69375 0.0703125 0.0484375
2 0.21328125 0.75703125 0.0828125 0.0765625
4 0.67109375 0.72109375 0.053125 0.04375
4 0.7828125 0.8109375 0.0484375 0.0328125
2 0.66640625 0.80234375 0.0953125 0.0609375
2 0.8125 0.72109375 0.0921875 0.0640625
2 0.7125 0.74765625 0.053125 0.0359375
2 0.6609375 0.8875 0.1109375 0.090625
2 0.6359375 0.74140625 0.0515625 0.0515625
2 0.578125 0.815625 0.05625 0.0578125
2 0.7359375 0.77578125 0.025 0.03125
2 0.9921875 0.51875 0.015625 0.0125
2 0.94375 0.66015625 0.0390625 0.0296875
1 0.64609375 0.6515625 0.03125 0.0125
2 0.2578125 0.559375 0.028125 0.0234375
2 0.46015625 0.8828125 0.090625 0.0640625
2 0.496875 0.7828125 0.0796875 0.0890625
2 0.42109375 0.740625 0.065625 0.0890625
2 0.4125 0.83046875 0.05625 0.0484375
2 0.3078125 0.928125 0.028125 0.040625
2 0.36875 0.9859375 0.0625 0.0234375
2 0.63125 0.67421875 0.0578125 0.0453125
2 0.190625 0.965625 0.0421875 0.05625
2 0.7640625 0.7796875 0.025 0.034375
2 0.38984375 0.94140625 0.0609375 0.0890625