0 0.0859375 0.64375 0.0359375 0.0390625
0 0.25390625 0.753125 0.040625 0.0515625
0 0.3796875 0.5625 0.0265625 0.0375
0 0.43671875 0.5 0.028125 0.04375
0 0.45234375 0.59765625 0.0265625 0.0359375
0 0.796875 0.3125 0.0203125 0.03125
0 0.93671875 0.0828125 0.009375 0.021875
4 0.62890625 0.05859375 0.0140625 0.0140625
4 0.7953125 0.49921875 0.0171875 0.0296875
1 0.62578125 0.23828125 0.0609375 0.0375
1 0.6703125 0.4546875 0.046875 0.0421875
2 0.559375 0.66328125 0.053125 0.0546875
4 0.48984375 0.52578125 0.0234375 0.025
4 0.42265625 0.63671875 0.040625 0.03125
4 0.41484375 0.571875 0.0375 0.0328125
2 0.04453125 0.6546875 0.0578125 0.065625