1 0.59765625 0.72578125 0.053125 0.0765625
1 0.6078125 0.41796875 0.0546875 0.0484375
1 0.5546875 0.3421875 0.0375 0.0359375
1 0.73125 0.0890625 0.0203125 0.0234375
1 0.646875 0.2515625 0.0234375 0.0171875
0 0.52109375 0.60859375 0.0375 0.0265625
0 0.465625 0.41640625 0.0390625 0.034375
0 0.47109375 0.390625 0.0375 0.0234375
0 0.48671875 0.390625 0.025 0.03125
0 0.45390625 0.359375 0.0359375 0.0375
0 0.50703125 0.20703125 0.0234375 0.025
0 0.56484375 0.16875 0.025 0.0203125
0 0.62421875 0.296875 0.0296875 0.021875
0 0.43984375 0.4671875 0.021875 0.028125
0 0.4109375 0.45546875 0.0359375 0.034375
0 0.63515625 0.4953125 0.025 0.0203125
4 0.58515625 0.5984375 0.034375 0.0296875
4 0.45625 0.625 0.0328125 0.0234375
4 0.60859375 0.45234375 0.0359375 0.03125
4 0.628125 0.1953125 0.0203125 0.015625
2 0.54765625 0.60703125 0.03125 0.040625
4 0.3671875 0.5453125 0.05625 0.0328125
4 0.2703125 0.55078125 0.04375 0.0421875
4 0.31953125 0.446875 0.0546875 0.0484375
4 0.47734375 0.453125 0.0390625 0.034375
4 0.50703125 0.4421875 0.0328125 0.04375
4 0.4578125 0.47578125 0.021875 0.01875
0 0.53125 0.06328125 0.0265625 0.0234375
2 0.52734375 0.41640625 0.040625 0.04375