4 0.89296875 0.4484375 0.0390625 0.04375
4 0.77578125 0.3328125 0.0265625 0.0328125
4 0.6953125 0.77890625 0.0859375 0.071875
4 0.68515625 0.69375 0.0515625 0.059375
2 0.48203125 0.43203125 0.04375 0.04375
4 0.484375 0.51796875 0.0625 0.0609375
4 0.53359375 0.47890625 0.0328125 0.046875
4 0.43984375 0.64765625 0.03125 0.0546875
2 0.56640625 0.484375 0.0484375 0.05625
1 0.57578125 0.453125 0.05 0.05
1 0.60625 0.38984375 0.0609375 0.0703125
1 0.26796875 0.4796875 0.0796875 0.0609375
0 0.5625 0.6875 0.046875 0.065625
0 0.7234375 0.415625 0.021875 0.0390625
0 0.8953125 0.56796875 0.05625 0.0515625
0 0.96015625 0.50546875 0.040625 0.0421875
0 0.7359375 0.58203125 0.034375 0.05625
0 0.609375 0.51015625 0.0421875 0.0375
0 0.653125 0.72578125 0.040625 0.059375