2 0.2078125 0.27109375 0.0859375 0.16875
2 0.234375 0.40859375 0.0328125 0.053125
4 0.24765625 0.1265625 0.0453125 0.0515625
2 0.37109375 0.13671875 0.0671875 0.1265625
2 0.69296875 0.07890625 0.0625 0.08125
2 0.728125 0.01171875 0.05625 0.0234375
2 0.784375 0.0296875 0.046875 0.059375
2 0.65 0.18125 0.0859375 0.13125
2 0.60390625 0.27109375 0.0515625 0.090625
2 0.671875 0.259375 0.065625 0.0796875
2 0.63984375 0.36484375 0.059375 0.0828125
2 0.74375 0.45234375 0.1171875 0.1078125
2 0.66171875 0.43671875 0.0828125 0.090625
2 0.7671875 0.56171875 0.1171875 0.1265625
2 0.8703125 0.484375 0.075 0.071875
2 0.82421875 0.4265625 0.10625 0.121875
4 0.92578125 0.4453125 0.0765625 0.0875
4 0.93359375 0.67578125 0.1125 0.146875
4 0.73125 0.3703125 0.1140625 0.096875
4 0.71484375 0.20625 0.053125 0.0453125
2 0.909375 0.03984375 0.10625 0.0796875
2 0.875 0.87265625 0.0875 0.046875
2 0.75625 0.946875 0.159375 0.078125
2 0.6 0.053125 0.134375 0.10625
2 0.68828125 0.3140625 0.0296875 0.0296875
2 0.91015625 0.5640625 0.059375 0.078125
4 0.59921875 0.59375 0.0765625 0.09375
1 0.5984375 0.43984375 0.0359375 0.0328125
4 0.2921875 0.69296875 0.034375 0.0375
2 0.278125 0.5796875 0.0328125 0.04375