2 0.6171875 0.6 0.046875 0.071875
4 0.35234375 0.3953125 0.0734375 0.053125
4 0.2859375 0.32734375 0.09375 0.0828125
2 0.309375 0.54765625 0.078125 0.084375
2 0.25390625 0.54296875 0.09375 0.084375
2 0.3375 0.471875 0.0859375 0.059375
2 0.1703125 0.49921875 0.0984375 0.06875
1 0.73984375 0.25546875 0.0546875 0.0546875
4 0.69765625 0.16015625 0.0421875 0.0359375
4 0.6828125 0.82578125 0.1875 0.20625
4 0.0140625 0.51953125 0.028125 0.0953125
2 0.35859375 0.63671875 0.0484375 0.0390625
2 0.31328125 0.88828125 0.0609375 0.0390625
2 0.371875 0.2234375 0.0453125 0.040625
4 0.07265625 0.43203125 0.1234375 0.0625
4 0.5296875 0.665625 0.0515625 0.0453125