2 0.41015625 0.74609375 0.2109375 0.2484375
2 0.38125 0.84921875 0.028125 0.04375
2 0.43359375 0.8078125 0.0859375 0.103125
2 0.4703125 0.87109375 0.0328125 0.05625
2 0.4953125 0.9828125 0.04375 0.034375
2 0.0953125 0.790625 0.125 0.121875
2 0.28125 0.575 0.121875 0.1671875
2 0.0265625 0.32890625 0.053125 0.1078125
2 0.36796875 0.45078125 0.1265625 0.125
2 0.40390625 0.5765625 0.096875 0.1078125
2 0.30625 0.146875 0.0625 0.0734375
2 0.52578125 0.08515625 0.0546875 0.1046875
4 0.54375 0.38125 0.034375 0.0296875
4 0.49375 0.3546875 0.05625 0.065625
2 0.2515625 0.97265625 0.05625 0.0546875
2 0.1609375 0.9328125 0.1109375 0.128125
2 0.27421875 0.7203125 0.075 0.146875
2 0.30390625 0.83828125 0.0765625 0.1171875
2 0.51484375 0.96171875 0.053125 0.0671875
2 0.6421875 0.56484375 0.0859375 0.125
2 0.5859375 0.89453125 0.1 0.1328125
2 0.4375 0.9765625 0.040625 0.046875
2 0.5453125 0.5171875 0.0546875 0.1
2 0.20703125 0.771875 0.0859375 0.0640625
2 0.4578125 0.4296875 0.109375 0.1203125
2 0.640625 0.46015625 0.05 0.05
2 0.62578125 0.315625 0.028125 0.0515625
2 0.58984375 0.49921875 0.040625 0.065625
2 0.534375 0.7015625 0.0921875 0.128125
2 0.6390625 0.675 0.078125 0.1109375
2 0.4359375 0.29375 0.0265625 0.034375
2 0.615625 0.4109375 0.021875 0.0296875
2 0.4390625 0.3015625 0.11875 0.121875
2 0.46171875 0.18046875 0.1203125 0.165625
2 0.53671875 0.3328125 0.078125 0.09375