4 0.83203125 0.05234375 0.025 0.03125
1 0.80546875 0.11171875 0.08125 0.0375
2 0.7296875 0.465625 0.0734375 0.0640625
4 0.75234375 0.49375 0.0578125 0.0234375
0 0.5640625 0.28515625 0.034375 0.05
0 0.5046875 0.28828125 0.0375 0.0375
2 0.43828125 0.41875 0.0546875 0.0703125
4 0.2859375 0.071875 0.0234375 0.01875
1 0.26015625 0.07734375 0.0328125 0.01875
0 0.22734375 0.07421875 0.0265625 0.021875
0 0.209375 0.07890625 0.0203125 0.021875
0 0.18984375 0.096875 0.0203125 0.0234375
4 0.159375 0.09375 0.040625 0.0359375
4 0.20234375 0.1859375 0.015625 0.025
0 0.296875 0.3140625 0.0265625 0.0375
0 0.0765625 0.346875 0.0234375 0.0421875
4 0.11484375 0.528125 0.0453125 0.05
4 0.0703125 0.5640625 0.034375 0.075
4 0.19296875 0.68828125 0.0421875 0.090625
4 0.23671875 0.828125 0.059375 0.0875
4 0.38515625 0.5046875 0.040625 0.071875
0 0.40546875 0.46796875 0.0234375 0.0328125
4 0.58828125 0.96484375 0.084375 0.065625
4 0.496875 0.99296875 0.059375 0.0140625