2 0.40546875 0.39140625 0.0734375 0.046875
4 0.5921875 0.67265625 0.053125 0.075
4 0.65703125 0.74453125 0.084375 0.0953125
2 0.4375 0.7046875 0.084375 0.078125
2 0.4375 0.7609375 0.0859375 0.0953125
2 0.515625 0.68203125 0.0609375 0.0859375
2 0.47578125 0.84921875 0.06875 0.1015625
1 0.7625 0.29140625 0.0546875 0.05625
4 0.85546875 0.340625 0.0375 0.0421875
4 0.18203125 0.309375 0.2078125 0.190625
2 0.35 0.6484375 0.0390625 0.05
2 0.09296875 0.67734375 0.040625 0.0625
2 0.76875 0.6640625 0.040625 0.0453125
4 0.5375 0.94453125 0.0625 0.1109375
4 0.3328125 0.475 0.0453125 0.053125