4 0.49609375 0.63984375 0.0875 0.075
2 0.6234375 0.6890625 0.096875 0.1125
1 0.6125 0.13125 0.0609375 0.0671875
4 0.79765625 0.0265625 0.0484375 0.0328125
2 0.26328125 0.75078125 0.1078125 0.109375
2 0.21171875 0.81953125 0.096875 0.1171875
2 0.13203125 0.5484375 0.04375 0.0625
2 0.03515625 0.55859375 0.0296875 0.0390625
2 0.478125 0.7484375 0.06875 0.0734375
2 0.58828125 0.809375 0.0703125 0.059375
2 0.64296875 0.8 0.0625 0.0453125
4 0.56015625 0.853125 0.0875 0.078125
2 0.18125 0.47421875 0.078125 0.075
2 0.01640625 0.4765625 0.0328125 0.05
4 0.03203125 0.2 0.0609375 0.0625
4 0.26640625 0.02734375 0.10625 0.0265625
2 0.44140625 0.58671875 0.1078125 0.09375
2 0.47734375 0.8265625 0.0640625 0.0546875