4 0.88046875 0.06875 0.0234375 0.028125
1 0.84375 0.12421875 0.0828125 0.0328125
2 0.70859375 0.4734375 0.0703125 0.0609375
4 0.72734375 0.50546875 0.05625 0.01875
0 0.56875 0.2625 0.03125 0.0484375
0 0.5078125 0.25625 0.0359375 0.0359375
2 0.41796875 0.378125 0.0484375 0.06875
4 0.3203125 0.00390625 0.021875 0.0078125
1 0.2921875 0.0046875 0.03125 0.009375
0 0.259375 0.0015625 0.025 0.003125
0 0.2390625 0.00234375 0.01875 0.0046875
0 0.2171875 0.01015625 0.01875 0.0203125
4 0.18671875 0.009375 0.0390625 0.01875
4 0.21640625 0.103125 0.015625 0.025
0 0.29140625 0.2484375 0.025 0.0359375
0 0.0609375 0.24609375 0.021875 0.04375
4 0.0703125 0.43828125 0.0421875 0.0484375
4 0.01953125 0.46796875 0.03125 0.0765625
4 0.12578125 0.61328125 0.034375 0.0921875
4 0.14609375 0.76328125 0.0546875 0.0859375
4 0.35078125 0.4578125 0.0375 0.0734375
0 0.37734375 0.4234375 0.0234375 0.034375
4 0.4828125 0.96484375 0.084375 0.0703125
4 0.3859375 0.9828125 0.0609375 0.028125