2 0.29140625 0.7875 0.1203125 0.13125
2 0.39921875 0.87421875 0.109375 0.1
2 0.44140625 0.9609375 0.0515625 0.078125
2 0.56328125 0.67890625 0.1015625 0.13125
2 0.31953125 0.5171875 0.065625 0.0734375
2 0.11640625 0.4375 0.0578125 0.103125
2 0.21328125 0.79453125 0.0828125 0.0875
4 0.17734375 0.7203125 0.05625 0.0734375
2 0.15234375 0.8921875 0.0609375 0.084375
2 0.06171875 0.82265625 0.034375 0.046875
2 0.075 0.7734375 0.025 0.028125
4 0.1296875 0.73203125 0.03125 0.03125
2 0.05234375 0.6453125 0.0375 0.0421875
2 0.33359375 0.93984375 0.03125 0.0609375
4 0.4 0.98125 0.03125 0.0234375
4 0.6796875 0.71015625 0.0890625 0.1046875
2 0.06171875 0.903125 0.0796875 0.078125
2 0.1171875 0.8421875 0.059375 0.109375
2 0.16796875 0.76484375 0.046875 0.0546875
2 0.19765625 0.66328125 0.084375 0.1140625
2 0.21484375 0.6640625 0.0296875 0.034375
4 0.00234375 0.76796875 0.0046875 0.0328125
2 0.19765625 0.54140625 0.090625 0.153125
2 0.275 0.8921875 0.090625 0.1015625