0 0.16640625 0.9515625 0.0265625 0.034375
0 0.2328125 0.7890625 0.0375 0.0484375
0 0.09765625 0.84765625 0.0390625 0.046875
0 0.75390625 0.45625 0.0140625 0.0171875
0 0.746875 0.42109375 0.0109375 0.015625
0 0.62734375 0.31875 0.0109375 0.0125
0 0.6015625 0.6078125 0.0171875 0.0234375
4 0.62890625 0.78515625 0.025 0.0265625
2 0.2609375 0.96328125 0.0546875 0.0328125
4 0.11875 0.8859375 0.0484375 0.046875
4 0.10234375 0.8703125 0.0515625 0.0546875
1 0.43515625 0.53828125 0.059375 0.0359375
1 0.44375 0.753125 0.04375 0.04375
4 0.8640625 0.46484375 0.0140625 0.0203125
4 0.95703125 0.4 0.0140625 0.0109375
4 0.91015625 0.35234375 0.009375 0.009375
1 0.7359375 0.29140625 0.025 0.0078125
4 0.7859375 0.46875 0.0125 0.0078125