2 0.675 0.4890625 0.1703125 0.1
2 0.62265625 0.609375 0.1421875 0.1046875
2 0.68359375 0.56328125 0.1046875 0.071875
2 0.72265625 0.55234375 0.1046875 0.0703125
2 0.4453125 0.69765625 0.0921875 0.0984375
2 0.5046875 0.91171875 0.1046875 0.1125
2 0.25546875 0.92890625 0.0796875 0.0765625
2 0.42421875 0.471875 0.028125 0.0265625
1 0.39765625 0.48828125 0.0234375 0.0171875
2 0.478125 0.5265625 0.0421875 0.0328125
2 0.43671875 0.5609375 0.0625 0.065625
2 0.51875 0.3546875 0.096875 0.0546875
2 0.5890625 0.38046875 0.0296875 0.0296875
4 0.55703125 0.38984375 0.0171875 0.015625
2 0.146875 0.51875 0.078125 0.0578125
2 0.203125 0.47890625 0.04375 0.059375
2 0.1375 0.7078125 0.046875 0.0625
4 0.08046875 0.17265625 0.021875 0.0203125
2 0.48125 0.10390625 0.0140625 0.0125
4 0.50546875 0.3 0.0203125 0.01875