4 0.39453125 0.15546875 0.0546875 0.0359375
4 0.42890625 0.22109375 0.0390625 0.034375
4 0.2421875 0.70078125 0.0421875 0.05625
4 0.76640625 0.61171875 0.0171875 0.0125
1 0.87109375 0.57578125 0.0203125 0.0359375
1 0.55703125 0.6109375 0.046875 0.046875
1 0.3203125 0.52109375 0.0625 0.0625
0 0.16875 0.540625 0.06875 0.0390625
0 0.26328125 0.3890625 0.06875 0.0328125
2 0.2203125 0.35546875 0.109375 0.0625
2 0.16953125 0.6234375 0.0734375 0.0640625
0 0.228125 0.678125 0.05625 0.0453125
0 0.4515625 0.39140625 0.03125 0.0328125