0 0.72265625 0.65390625 0.046875 0.05
0 0.6453125 0.74765625 0.0453125 0.034375
0 0.74609375 0.49375 0.0546875 0.028125
0 0.5078125 0.415625 0.0359375 0.0296875
0 0.0921875 0.48671875 0.0109375 0.015625
4 0.76875 0.23671875 0.0484375 0.03125
4 0.65859375 0.22109375 0.0328125 0.0171875
4 0.596875 0.28515625 0.0296875 0.0296875
2 0.73828125 0.45390625 0.084375 0.04375
1 0.64765625 0.5796875 0.0375 0.0453125
2 0.71171875 0.7125 0.06875 0.0609375
4 0.63515625 0.7765625 0.040625 0.053125
1 0.33046875 0.60625 0.04375 0.05625
4 0.1484375 0.56796875 0.009375 0.0109375
1 0.06875 0.51171875 0.0125 0.034375
4 0.05390625 0.03671875 0.0125 0.0125