4 0.15234375 0.71328125 0.0234375 0.040625
4 0.24609375 0.25859375 0.0265625 0.0515625
4 0.5578125 0.31484375 0.009375 0.0125
4 0.71328125 0.8265625 0.0484375 0.0328125
1 0.57265625 0.4921875 0.0421875 0.0578125
1 0.5265625 0.7734375 0.05625 0.0578125
1 0.51484375 0.23125 0.034375 0.0171875
0 0.49453125 0.25625 0.015625 0.0109375
0 0.3703125 0.65546875 0.0265625 0.0328125
0 0.4140625 0.83828125 0.028125 0.0546875
0 0.5609375 0.92421875 0.0296875 0.0578125
2 0.6515625 0.91171875 0.0546875 0.0625
4 0.171875 0.64921875 0.021875 0.021875
4 0.2046875 0.62734375 0.015625 0.0296875
0 0.69375 0.84375 0.0359375 0.0484375
2 0.38359375 0.890625 0.046875 0.0703125