4 0.2234375 0.175 0.0578125 0.040625
4 0.284375 0.22265625 0.0421875 0.0390625
4 0.31015625 0.7609375 0.05 0.0609375
4 0.77421875 0.453125 0.0171875 0.0125
1 0.85859375 0.37421875 0.021875 0.0375
1 0.57421875 0.54140625 0.053125 0.0515625
1 0.30859375 0.55625 0.06875 0.06875
0 0.171875 0.6390625 0.075 0.046875
0 0.19765625 0.4546875 0.071875 0.0390625
2 0.1421875 0.44140625 0.1171875 0.071875
2 0.20859375 0.71875 0.0796875 0.071875
0 0.2875 0.74609375 0.059375 0.0515625
0 0.37890625 0.3765625 0.034375 0.034375