4 0.6671875 0.04296875 0.0125 0.0109375
4 0.69921875 0.09296875 0.00625 0.009375
4 0.5609375 0.16171875 0.0125 0.0140625
0 0.54296875 0.2359375 0.015625 0.0109375
0 0.58828125 0.25546875 0.0125 0.0125
1 0.71640625 0.275 0.0078125 0.025
4 0.53671875 0.20703125 0.009375 0.0125
4 0.17578125 0.28515625 0.0234375 0.0171875
0 0.35390625 0.35703125 0.0203125 0.015625
1 0.4125 0.54296875 0.040625 0.0546875
0 0.125 0.69921875 0.0359375 0.0390625
4 0.10859375 0.6921875 0.0171875 0.0328125
4 0.0375 0.8 0.0609375 0.046875
0 0.075 0.825 0.05 0.0375
0 0.009375 0.73671875 0.01875 0.0296875
2 0.0078125 0.63828125 0.015625 0.0609375
1 0.171875 0.49765625 0.0328125 0.0421875
4 0.60625 0.56484375 0.015625 0.0140625
0 0.69296875 0.37890625 0.0125 0.00625