2 0.0296875 0.54140625 0.059375 0.0890625
2 0.0875 0.57421875 0.0859375 0.071875
2 0.22421875 0.62109375 0.053125 0.0578125
2 0.60234375 0.6109375 0.0765625 0.0453125
2 0.63359375 0.74765625 0.028125 0.0328125
2 0.6640625 0.81015625 0.0453125 0.059375
2 0.6921875 0.61640625 0.0359375 0.0390625
2 0.746875 0.7390625 0.0640625 0.0953125
2 0.95078125 0.86640625 0.0984375 0.1109375
2 0.809375 0.92578125 0.09375 0.0546875
2 0.91171875 0.8359375 0.1765625 0.096875
2 0.45078125 0.59609375 0.0359375 0.034375