4 0.61484375 0.09765625 0.0234375 0.01875
4 0.8203125 0.37734375 0.025 0.034375
4 0.7515625 0.56328125 0.0390625 0.0453125
4 0.6484375 0.75 0.0578125 0.0828125
4 0.57265625 0.83671875 0.0625 0.10625
4 0.44609375 0.91484375 0.065625 0.0625
4 0.2453125 0.70390625 0.0921875 0.0609375
4 0.30390625 0.575 0.059375 0.0671875
4 0.24921875 0.26015625 0.021875 0.0234375
0 0.28125 0.30078125 0.0390625 0.0296875
0 0.2796875 0.3625 0.0390625 0.0453125
0 0.28046875 0.40078125 0.040625 0.0453125
0 0.39296875 0.34921875 0.025 0.0234375
0 0.1921875 0.23046875 0.025 0.028125
0 0.2234375 0.221875 0.0234375 0.0203125
0 0.175 0.171875 0.025 0.034375
0 0.15078125 0.17421875 0.0234375 0.0328125
4 0.20546875 0.07890625 0.028125 0.0203125
1 0.2171875 0.16640625 0.0421875 0.034375
4 0.17734375 0.290625 0.0375 0.0546875
0 0.74765625 0.165625 0.01875 0.0203125
4 0.73515625 0.2078125 0.015625 0.0171875
1 0.84453125 0.26484375 0.059375 0.0609375
1 0.76796875 0.37109375 0.0703125 0.0640625
0 0.625 0.34765625 0.0453125 0.0328125
0 0.62265625 0.39140625 0.040625 0.028125
4 0.64296875 0.53671875 0.05 0.0484375
4 0.5953125 0.67734375 0.0515625 0.05625
4 0.58359375 0.69765625 0.0484375 0.0515625
2 0.70390625 0.55625 0.0765625 0.0640625
4 0.31640625 0.50703125 0.0375 0.05625
2 0.38984375 0.32578125 0.046875 0.046875