0 0.52734375 0.3359375 0.034375 0.0359375
4 0.5546875 0.41875 0.053125 0.04375
1 0.571875 0.35625 0.0609375 0.05625
1 0.65625 0.33359375 0.0484375 0.05
1 0.61328125 0.1921875 0.03125 0.0375
3 0.63828125 0.5125 0.071875 0.05625
3 0.534375 0.38359375 0.0703125 0.0359375
3 0.49609375 0.55859375 0.034375 0.0546875
3 0.5375 0.49921875 0.0390625 0.0578125
4 0.49296875 0.41953125 0.0203125 0.028125
4 0.44765625 0.23984375 0.025 0.028125
4 0.40234375 0.32578125 0.03125 0.0375
2 0.375 0.52109375 0.0234375 0.0265625
3 0.68515625 0.65234375 0.034375 0.0359375
3 0.5046875 0.63984375 0.0578125 0.05
3 0.51328125 0.6828125 0.028125 0.034375
0 0.4421875 0.81640625 0.0203125 0.015625