2 0.40703125 0.73046875 0.2046875 0.23125
2 0.1875 0.8609375 0.0734375 0.0921875
2 0.2609375 0.94140625 0.1390625 0.0734375
2 0.225 0.56953125 0.3546875 0.303125
2 0.0453125 0.57890625 0.090625 0.1671875
2 0.4515625 0.46875 0.1265625 0.1359375
2 0.4140625 0.55703125 0.1328125 0.115625
2 0.490625 0.590625 0.1 0.0796875
2 0.5203125 0.28515625 0.0671875 0.0859375
2 0.4390625 0.36875 0.0796875 0.084375
2 0.41875 0.21171875 0.13125 0.1265625
2 0.28046875 0.15234375 0.1953125 0.2015625
1 0.3 0.13671875 0.1578125 0.1265625
2 0.59921875 0.115625 0.0375 0.0625
2 0.56640625 0.02421875 0.0984375 0.0484375
4 0.35703125 0.07578125 0.1453125 0.1515625
2 0.51171875 0.13046875 0.03125 0.0296875
2 0.55859375 0.90703125 0.0265625 0.034375
2 0.9203125 0.53515625 0.0484375 0.05625
2 0.85625 0.67109375 0.021875 0.025
2 0.896875 0.2859375 0.0265625 0.0328125
4 0.565625 0.10234375 0.0625 0.0796875