4 0.76953125 0.275 0.0640625 0.05625
2 0.93046875 0.4359375 0.1390625 0.15
2 0.93828125 0.13828125 0.09375 0.121875
2 0.8296875 0.71875 0.0828125 0.103125
2 0.91171875 0.7390625 0.0453125 0.08125
2 0.80859375 0.64921875 0.0734375 0.1109375
2 0.79765625 0.5125 0.0640625 0.0875
2 0.77578125 0.58125 0.075 0.071875
4 0.753125 0.659375 0.0296875 0.078125
1 0.5984375 0.3015625 0.0359375 0.0453125
2 0.65 0.33359375 0.059375 0.053125
2 0.65 0.275 0.0609375 0.05625
2 0.76875 0.3390625 0.0453125 0.09375
4 0.7984375 0.04609375 0.0734375 0.06875
2 0.50546875 0.0375 0.0296875 0.0359375
2 0.68203125 0.10078125 0.0890625 0.1703125
4 0.953125 0.57265625 0.071875 0.109375
2 0.8984375 0.59296875 0.0375 0.0515625
2 0.83359375 0.3265625 0.046875 0.0328125
2 0.97421875 0.353125 0.0328125 0.0421875
2 0.81640625 0.15390625 0.103125 0.1265625
2 0.5828125 0.028125 0.0625 0.05625
2 0.659375 0.1984375 0.1140625 0.125
2 0.64453125 0.62890625 0.0171875 0.0375
2 0.90703125 0.33046875 0.075 0.059375