0 0.54609375 0.23359375 0.05 0.0453125
3 0.29609375 0.27421875 0.046875 0.05
3 0.5171875 0.62265625 0.0703125 0.05
3 0.72109375 0.3671875 0.109375 0.059375
4 0.54453125 0.41484375 0.028125 0.0390625
2 0.26796875 0.4046875 0.05 0.0421875
3 0.31953125 0.38984375 0.025 0.01875
1 0.34609375 0.53125 0.0328125 0.0328125
3 0.325 0.515625 0.046875 0.0515625
1 0.68203125 0.496875 0.0765625 0.059375
1 0.759375 0.3015625 0.059375 0.0765625
1 0.98828125 0.121875 0.0234375 0.0625
3 0.425 0.12890625 0.01875 0.0359375