4 0.0890625 0.38671875 0.178125 0.1421875
4 0.45234375 0.57578125 0.071875 0.14375
4 0.33515625 0.746875 0.0578125 0.1109375
4 0.50234375 0.5109375 0.0515625 0.065625
2 0.4328125 0.19296875 0.0640625 0.084375
2 0.434375 0.41015625 0.06875 0.0546875
2 0.28671875 0.33359375 0.103125 0.0953125
2 0.49765625 0.44609375 0.053125 0.059375
2 0.79765625 0.45 0.0296875 0.040625
2 0.840625 0.43515625 0.034375 0.065625
2 0.28359375 0.55078125 0.0984375 0.1375
2 0.0390625 0.42109375 0.078125 0.0546875
2 0.1703125 0.4734375 0.1125 0.0234375
3 0.515625 0.94921875 0.053125 0.1015625
2 0.70390625 0.60390625 0.03125 0.040625
2 0.75234375 0.375 0.04375 0.0796875
4 0.5609375 0.31015625 0.0421875 0.0359375
4 0.4796875 0.24921875 0.0515625 0.078125
4 0.34609375 0.2859375 0.065625 0.0859375
4 0.30859375 0.5359375 0.0578125 0.0703125
4 0.21015625 0.50234375 0.040625 0.0515625
4 0.240625 0.44140625 0.053125 0.059375
4 0.31796875 0.4515625 0.0265625 0.028125
4 0.15546875 0.11015625 0.1546875 0.1234375
4 0.49375 0.38359375 0.021875 0.021875
4 0.340625 0.33515625 0.0328125 0.053125
4 0.7375 0.50078125 0.025 0.03125
2 0.271875 0.25625 0.0859375 0.075
4 0.453125 0.33359375 0.059375 0.078125
4 0.7640625 0.21171875 0.01875 0.05