4 0.90546875 0.2015625 0.125 0.14375
4 0.62734375 0.50546875 0.078125 0.153125
4 0.8015625 0.64375 0.0640625 0.11875
4 0.55546875 0.453125 0.05625 0.0703125
2 0.5265625 0.10546875 0.071875 0.090625
2 0.59296875 0.32890625 0.0765625 0.0609375
2 0.72109375 0.2046875 0.1125 0.1015625
2 0.53984375 0.38515625 0.0578125 0.0640625
2 0.234375 0.484375 0.0328125 0.0421875
2 0.184375 0.48203125 0.0390625 0.071875
2 0.7921875 0.42578125 0.1078125 0.15
2 0.88359375 0.3109375 0.121875 0.0265625
3 0.68203125 0.915625 0.0609375 0.1265625
2 0.37734375 0.61171875 0.034375 0.04375
2 0.25546875 0.39140625 0.0484375 0.084375
4 0.4328125 0.26640625 0.0453125 0.040625
4 0.496875 0.17890625 0.05625 0.084375
4 0.6453125 0.17421875 0.071875 0.0921875
4 0.76171875 0.41796875 0.0625 0.0765625
4 0.853125 0.35234375 0.04375 0.0546875
4 0.80234375 0.30078125 0.0578125 0.065625
4 0.7265625 0.33515625 0.0296875 0.03125
4 0.91796875 0.92890625 0.03125 0.0265625
4 0.5234375 0.3203125 0.025 0.0234375
4 0.66640625 0.22265625 0.0359375 0.0578125
4 0.3109375 0.51640625 0.0296875 0.0328125
2 0.7125 0.11953125 0.09375 0.08125
4 0.55078125 0.25625 0.065625 0.084375
4 0.19296875 0.22890625 0.0203125 0.053125