0 0.38828125 0.6671875 0.0171875 0.015625
0 0.40859375 0.665625 0.0203125 0.0140625
0 0.415625 0.59140625 0.0234375 0.0171875
0 0.4703125 0.5671875 0.021875 0.0203125
0 0.3953125 0.4671875 0.0234375 0.0171875
0 0.378125 0.50078125 0.01875 0.01875
1 0.45390625 0.4578125 0.0328125 0.0328125
4 0.371875 0.53203125 0.015625 0.01875
2 0.4953125 0.40546875 0.0453125 0.0328125
0 0.5265625 0.415625 0.03125 0.0234375
0 0.52421875 0.45703125 0.0328125 0.0203125
0 0.540625 0.47109375 0.034375 0.021875
0 0.5671875 0.40546875 0.0375 0.025
0 0.625 0.3984375 0.025 0.021875
0 0.64296875 0.35546875 0.0421875 0.0296875
4 0.596875 0.41640625 0.0234375 0.0171875
4 0.546875 0.378125 0.0328125 0.0421875
4 0.52421875 0.365625 0.0171875 0.0421875
4 0.521875 0.31171875 0.0328125 0.01875
4 0.43671875 0.32265625 0.0359375 0.0296875
4 0.446875 0.29609375 0.021875 0.0171875
1 0.428125 0.34609375 0.0359375 0.0375
0 0.40625 0.25546875 0.0203125 0.0140625
4 0.49921875 0.20859375 0.0296875 0.0296875
4 0.58828125 0.26171875 0.0296875 0.028125
0 0.5953125 0.178125 0.040625 0.0296875
2 0.59296875 0.1515625 0.05625 0.05625
1 0.55 0.01953125 0.065625 0.0390625
4 0.7546875 0.32734375 0.0703125 0.05
4 0.76875 0.24453125 0.0734375 0.0453125
4 0.81875 0.328125 0.0765625 0.0515625
4 0.940625 0.27421875 0.0453125 0.046875
4 0.69765625 0.140625 0.0296875 0.0265625
1 0.7984375 0.29921875 0.059375 0.05625