0 0.65 0.61171875 0.028125 0.028125
0 0.915625 0.37265625 0.059375 0.0390625
0 0.85546875 0.53359375 0.05625 0.034375
0 0.8125 0.25546875 0.0515625 0.0390625
4 0.78359375 0.24375 0.04375 0.0546875
4 0.77109375 0.8109375 0.0453125 0.028125
4 0.67578125 0.77421875 0.0265625 0.01875
4 0.7 0.7984375 0.0265625 0.01875
4 0.29375 0.64765625 0.05625 0.0421875
4 0.30625 0.49375 0.015625 0.0140625
1 0.23125 0.55234375 0.015625 0.0359375
0 0.25703125 0.565625 0.0109375 0.0171875
1 0.4875 0.44140625 0.053125 0.046875
1 0.771875 0.4328125 0.0609375 0.0578125
2 0.90390625 0.553125 0.078125 0.0546875
2 0.88984375 0.2828125 0.0671875 0.059375