4 0.55234375 0.71015625 0.0390625 0.040625
4 0.5328125 0.46875 0.034375 0.034375
4 0.53671875 0.4890625 0.0484375 0.0390625
0 0.5453125 0.503125 0.0421875 0.0328125
0 0.4484375 0.753125 0.0296875 0.0296875
0 0.2828125 0.603125 0.0390625 0.0359375
2 0.4421875 0.790625 0.053125 0.0484375
4 0.44921875 0.4625 0.034375 0.04375
2 0.43046875 0.32421875 0.075 0.0625
0 0.4890625 0.421875 0.0359375 0.03125
0 0.5984375 0.425 0.0421875 0.03125
4 0.57890625 0.39765625 0.03125 0.025
1 0.6609375 0.2125 0.040625 0.0484375
4 0.62578125 0.0578125 0.0296875 0.0296875
0 0.79765625 0.0828125 0.028125 0.0234375
1 0.84296875 0.26796875 0.0375 0.065625