0 0.5625 0.41640625 0.03125 0.025
0 0.6671875 0.3984375 0.0421875 0.0359375
0 0.7109375 0.375 0.053125 0.0359375
0 0.69375 0.3140625 0.0390625 0.0453125
0 0.7609375 0.35703125 0.0578125 0.0265625
0 0.5359375 0.196875 0.0375 0.0265625
0 0.47421875 0.1421875 0.0390625 0.0328125
0 0.43046875 0.2890625 0.0375 0.0265625
0 0.57890625 0.51171875 0.0390625 0.0203125
2 0.56171875 0.60859375 0.0640625 0.0546875
4 0.78984375 0.60859375 0.053125 0.034375
4 0.8859375 0.48046875 0.0828125 0.0515625
4 0.83046875 0.3296875 0.078125 0.059375
4 0.76328125 0.38828125 0.0359375 0.046875
4 0.60390625 0.42890625 0.0375 0.053125
4 0.6359375 0.4171875 0.040625 0.034375
4 0.41875 0.12890625 0.034375 0.034375
4 0.378125 0.25234375 0.0265625 0.028125
1 0.52578125 0.39765625 0.034375 0.040625
1 0.45625 0.46328125 0.0640625 0.0671875
1 0.30234375 0.0734375 0.0390625 0.0421875
0 0.4484375 0.04140625 0.0265625 0.0359375
0 0.4390625 0.01015625 0.0359375 0.0171875
4 0.98984375 0.4984375 0.0203125 0.046875
1 0.621875 0.796875 0.0703125 0.0734375
4 0.56015625 0.4890625 0.0515625 0.046875
2 0.5515625 0.4515625 0.0453125 0.0390625