2 0.5921875 0.27734375 0.1703125 0.1515625
2 0.5265625 0.16640625 0.0640625 0.0625
2 0.58671875 0.1765625 0.059375 0.0328125
2 0.7359375 0.234375 0.071875 0.0609375
2 0.75390625 0.30390625 0.2828125 0.18125
4 0.93984375 0.234375 0.1203125 0.3
2 0.45234375 0.0578125 0.1609375 0.1
2 0.4390625 0.39609375 0.028125 0.03125
2 0.8546875 0.1125 0.05 0.046875
2 0.82734375 0.1390625 0.0328125 0.0296875
4 0.403125 0.96328125 0.05 0.0328125
1 0.334375 0.9484375 0.0296875 0.0484375
1 0.3828125 0.8796875 0.0203125 0.03125
1 0.34921875 0.82109375 0.01875 0.0265625
2 0.54921875 0.8625 0.084375 0.0671875