2 0.26875 0.29609375 0.1078125 0.2015625
2 0.0828125 0.24375 0.065625 0.0703125
2 0.17109375 0.18359375 0.096875 0.1140625
2 0.13203125 0.10859375 0.0515625 0.059375
2 0.2484375 0.48828125 0.053125 0.0609375
2 0.39375 0.68515625 0.1 0.075
2 0.54140625 0.846875 0.0671875 0.1046875
2 0.30546875 0.65390625 0.0296875 0.0421875
4 0.1859375 0.64765625 0.0296875 0.021875
2 0.4359375 0.415625 0.0421875 0.0375
2 0.3546875 0.3859375 0.040625 0.0671875
2 0.60703125 0.69609375 0.0484375 0.090625
2 0.125 0.76484375 0.0671875 0.0609375
2 0.06796875 0.62890625 0.028125 0.0375
2 0.21328125 0.77421875 0.0171875 0.0515625
2 0.315625 0.61328125 0.0390625 0.0375
4 0.36171875 0.51328125 0.0546875 0.0625
2 0.26953125 0.75234375 0.0515625 0.078125
2 0.53046875 0.42265625 0.0671875 0.0640625