4 0.0640625 0.3703125 0.009375 0.0109375
4 0.10703125 0.33515625 0.009375 0.00625
4 0.1875 0.45625 0.0125 0.0125
0 0.259375 0.46484375 0.0109375 0.015625
0 0.27265625 0.4203125 0.0140625 0.0140625
1 0.27578125 0.296875 0.0234375 0.0078125
4 0.2328125 0.47421875 0.0125 0.0109375
4 0.34765625 0.80390625 0.015625 0.021875
0 0.39453125 0.628125 0.0140625 0.0203125
1 0.5625 0.55234375 0.0515625 0.0375
0 0.7421875 0.80390625 0.0359375 0.034375
4 0.73828125 0.81953125 0.0328125 0.015625
4 0.84609375 0.8734375 0.04375 0.059375
0 0.86640625 0.83515625 0.0359375 0.0484375
0 0.79296875 0.92421875 0.03125 0.0515625
2 0.70078125 0.95078125 0.0609375 0.075
4 0.88046875 0.9703125 0.053125 0.0109375
1 0.546875 0.78359375 0.040625 0.034375
4 0.56015625 0.3671875 0.0140625 0.015625
0 0.375 0.30703125 0.00625 0.0109375