4 0.2609375 0.75390625 0.0390625 0.021875
2 0.25078125 0.8109375 0.0234375 0.03125
2 0.19921875 0.81953125 0.015625 0.0203125
1 0.303125 0.7234375 0.025 0.025
4 0.271875 0.71015625 0.0125 0.0171875
4 0.42890625 0.9203125 0.0796875 0.0421875
1 0.36875 0.92890625 0.0265625 0.0265625
1 0.62109375 0.83359375 0.00625 0.003125
1 0.60625 0.81796875 0.046875 0.040625
3 0.665625 0.78046875 0.1 0.0453125
4 0.2046875 0.7703125 0.0203125 0.028125
3 0.36171875 0.4953125 0.0296875 0.0296875
0 0.3359375 0.6421875 0.0140625 0.0140625
3 0.41796875 0.64921875 0.0203125 0.0421875
3 0.47265625 0.61484375 0.021875 0.021875
1 0.46328125 0.58515625 0.03125 0.0421875