2 0.18828125 0.59609375 0.0515625 0.046875
0 0.228125 0.58828125 0.0296875 0.028125
0 0.38671875 0.70625 0.0359375 0.034375
0 0.50234375 0.50859375 0.0359375 0.04375
0 0.58046875 0.55390625 0.0296875 0.03125
0 0.590625 0.4546875 0.0328125 0.0421875
4 0.53203125 0.58671875 0.0453125 0.03125
2 0.6875 0.603125 0.065625 0.071875
4 0.61328125 0.4703125 0.0234375 0.03125
1 0.75859375 0.16640625 0.0640625 0.0375
1 0.8078125 0.396875 0.053125 0.0421875
4 0.98671875 0.43984375 0.0265625 0.0296875
0 0.94765625 0.23125 0.0171875 0.0265625