4 0.25859375 0.68671875 0.034375 0.0296875
4 0.23125 0.82109375 0.040625 0.0578125
4 0.190625 0.74609375 0.025 0.0375
4 0.853125 0.67890625 0.0578125 0.040625
4 0.5203125 0.18828125 0.0140625 0.0140625
1 0.45234375 0.1 0.0375 0.01875
0 0.4375 0.13203125 0.0171875 0.0125
0 0.43125 0.61640625 0.0296875 0.034375
0 0.52265625 0.828125 0.0375 0.0609375
2 0.48984375 0.83203125 0.0453125 0.040625
1 0.63359375 0.70390625 0.0671875 0.0609375
0 0.715625 0.803125 0.0421875 0.0640625
2 0.7921875 0.7671875 0.065625 0.053125
0 0.83359375 0.70078125 0.0515625 0.05625
1 0.60078125 0.40078125 0.05 0.05625