2 0.2453125 0.14921875 0.1359375 0.2453125
2 0.3265625 0.28125 0.071875 0.1109375
2 0.38125 0.2234375 0.1171875 0.165625
2 0.4359375 0.075 0.225 0.15
2 0.46015625 0.25078125 0.1 0.165625
2 0.55078125 0.2890625 0.0796875 0.1265625
2 0.83828125 0.171875 0.2234375 0.203125
1 0.81171875 0.15234375 0.1703125 0.134375
2 0.73671875 0.2765625 0.08125 0.084375
2 0.753125 0.3703125 0.1125 0.071875
4 0.8984375 0.37890625 0.2 0.2109375
2 0.74375 0.47421875 0.0453125 0.0453125
2 0.5359375 0.415625 0.1 0.0765625
2 0.63125 0.63828125 0.078125 0.078125
2 0.7875 0.67890625 0.109375 0.109375
2 0.8421875 0.82421875 0.240625 0.184375
4 0.7171875 0.5796875 0.078125 0.090625
2 0.5640625 0.60078125 0.0203125 0.0265625
4 0.8 0.41796875 0.01875 0.0171875
2 0.05 0.94609375 0.053125 0.0921875
2 0.0984375 0.2328125 0.01875 0.028125
2 0.0578125 0.1734375 0.0328125 0.04375