1 0.41796875 0.2609375 0.05625 0.078125
1 0.43671875 0.68515625 0.0390625 0.0375
1 0.3875 0.5828125 0.05 0.05625
1 0.2546875 0.9140625 0.0234375 0.028125
4 0.4703125 0.5609375 0.0421875 0.046875
4 0.50546875 0.55625 0.0484375 0.0421875
4 0.72109375 0.57578125 0.0828125 0.0484375
4 0.678125 0.55859375 0.034375 0.053125
4 0.809375 0.43046875 0.0484375 0.04375
4 0.69296875 0.45234375 0.0671875 0.0390625
2 0.453125 0.396875 0.0390625 0.046875
4 0.415625 0.390625 0.034375 0.01875
4 0.5953125 0.38203125 0.0421875 0.025
4 0.38671875 0.521875 0.0265625 0.021875
4 0.3453125 0.759375 0.0296875 0.015625
4 0.37890625 0.81328125 0.0265625 0.0171875
0 0.378125 0.71484375 0.0265625 0.015625
0 0.46484375 0.953125 0.028125 0.01875
0 0.446875 0.97734375 0.03125 0.0203125
0 0.44140625 0.84375 0.028125 0.021875
0 0.478125 0.809375 0.025 0.025
0 0.53203125 0.6703125 0.0421875 0.0390625
0 0.51796875 0.6328125 0.0421875 0.0265625
0 0.49375 0.61875 0.0234375 0.0328125
0 0.52265625 0.6078125 0.0328125 0.0359375
0 0.59296875 0.5734375 0.0390625 0.0375
0 0.55078125 0.546875 0.0390625 0.0234375
0 0.49296875 0.38984375 0.0484375 0.025
0 0.3671875 0.5015625 0.01875 0.0234375
4 0.5234375 0.525 0.028125 0.0265625
4 0.45625 0.59375 0.0359375 0.046875