2 0.33203125 0.4171875 0.1734375 0.096875
2 0.33984375 0.55078125 0.14375 0.1015625
2 0.29765625 0.4859375 0.1046875 0.0703125
2 0.26484375 0.4609375 0.1078125 0.0703125
2 0.48046875 0.69921875 0.09375 0.096875
2 0.3484375 0.88515625 0.103125 0.1125
2 0.58125 0.97578125 0.078125 0.0484375
2 0.5796875 0.4890625 0.0296875 0.0265625
1 0.59921875 0.51328125 0.025 0.0171875
2 0.509375 0.521875 0.0421875 0.034375
2 0.5375 0.5703125 0.0609375 0.0640625
2 0.53046875 0.34296875 0.0984375 0.0515625
2 0.453125 0.3421875 0.028125 0.028125
4 0.48046875 0.3625 0.0171875 0.015625
2 0.83125 0.63046875 0.078125 0.0578125
2 0.790625 0.57265625 0.0421875 0.0578125
2 0.77421875 0.8171875 0.046875 0.0609375
2 0.65390625 0.11328125 0.0140625 0.0125
4 0.56171875 0.29375 0.0203125 0.0203125