2 0.63984375 0.46171875 0.0671875 0.146875
4 0.5984375 0.58125 0.0390625 0.0453125
2 0.48828125 0.5578125 0.0515625 0.10625
2 0.62265625 0.3390625 0.021875 0.0515625
2 0.04921875 0.58984375 0.0984375 0.1765625
4 0.165625 0.32578125 0.1078125 0.0875
2 0.25546875 0.34765625 0.046875 0.0828125
2 0.28671875 0.4328125 0.046875 0.0828125
2 0.253125 0.50390625 0.0703125 0.1203125
2 0.23671875 0.446875 0.053125 0.05625
2 0.0796875 0.25234375 0.0859375 0.1109375
2 0.1390625 0.2609375 0.05625 0.0625
2 0.14375 0.1453125 0.103125 0.1140625
2 0.0453125 0.1984375 0.05625 0.0671875
4 0.0203125 0.23125 0.0109375 0.059375
4 0.2890625 0.1359375 0.0640625 0.084375
1 0.2890625 0.28359375 0.0296875 0.0265625
2 0.06328125 0.121875 0.0453125 0.01875
2 0.2375 0.2921875 0.053125 0.046875
4 0.1875 0.46015625 0.0515625 0.065625
2 0.20625 0.584375 0.0546875 0.06875
2 0.17265625 0.80546875 0.075 0.1
2 0.16171875 0.70546875 0.0828125 0.1234375
2 0.30546875 0.89453125 0.034375 0.03125
2 0.5828125 0.98203125 0.05625 0.0359375
2 0.3921875 0.8828125 0.046875 0.1234375
2 0.34765625 0.825 0.0203125 0.046875
2 0.3296875 0.69921875 0.0515625 0.0703125
4 0.31640625 0.85625 0.0375 0.0421875
4 0.40390625 0.8078125 0.03125 0.0375
4 0.234375 0.33515625 0.0375 0.0390625
4 0.34921875 0.63828125 0.01875 0.0234375
2 0.28359375 0.62421875 0.1078125 0.11875
4 0.35703125 0.90625 0.021875 0.040625
4 0.3625 0.98125 0.0203125 0.021875
2 0.428125 0.478125 0.078125 0.121875