2 0.8640625 0.54921875 0.1625 0.103125
2 0.90390625 0.640625 0.0796875 0.0609375
2 0.81328125 0.72421875 0.096875 0.0921875
4 0.34375 0.77734375 0.0640625 0.0546875
4 0.24921875 0.89140625 0.05625 0.0421875
2 0.36484375 0.85859375 0.1078125 0.0796875
2 0.20234375 0.80546875 0.1046875 0.0828125
2 0.30859375 0.8125 0.0625 0.0453125
2 0.38671875 0.94375 0.128125 0.1125
2 0.38359375 0.79140625 0.059375 0.059375
2 0.45703125 0.8546875 0.0671875 0.0671875
2 0.28984375 0.846875 0.03125 0.0359375
2 0.0625 0.76796875 0.0375 0.0359375
1 0.35703125 0.703125 0.034375 0.01875
2 0.7296875 0.534375 0.0328125 0.0296875
2 0.58828125 0.9 0.1015625 0.08125
2 0.5328125 0.80625 0.096875 0.1046875
2 0.60078125 0.7484375 0.0828125 0.1015625
2 0.62734375 0.83828125 0.0640625 0.0578125
2 0.75078125 0.915625 0.0375 0.046875
2 0.37578125 0.72265625 0.0671875 0.05625
2 0.87421875 0.91640625 0.0453125 0.0375
2 0.2625 0.85546875 0.03125 0.040625
2 0.6703125 0.93671875 0.075 0.0859375