0 0.225 0.621875 0.05 0.053125
0 0.278125 0.7296875 0.0484375 0.0375
0 0.2375 0.46015625 0.05625 0.0328125
0 0.4875 0.43828125 0.0390625 0.0328125
0 0.87734375 0.6 0.0109375 0.0171875
4 0.27421875 0.2046875 0.05 0.034375
4 0.384375 0.2140625 0.0328125 0.0203125
4 0.43046875 0.290625 0.0328125 0.0328125
2 0.25546875 0.4234375 0.0859375 0.05
1 0.31484375 0.56640625 0.040625 0.0484375
2 0.22265625 0.68046875 0.0734375 0.065625
4 0.2828125 0.7609375 0.0453125 0.0546875
1 0.61796875 0.66328125 0.0484375 0.059375
4 0.80390625 0.6671875 0.0109375 0.0125
1 0.89453125 0.6296875 0.0140625 0.0359375