1 0.8640625 0.19453125 0.0421875 0.0796875
4 0.925 0.159375 0.03125 0.025
2 0.54296875 0.24765625 0.040625 0.0625
0 0.68046875 0.4125 0.05 0.034375
0 0.67734375 0.4703125 0.040625 0.03125
2 0.54765625 0.51953125 0.0859375 0.0515625
0 0.49296875 0.5515625 0.034375 0.01875
4 0.46015625 0.584375 0.05 0.0375
0 0.65390625 0.6765625 0.040625 0.0328125
4 0.09765625 0.40859375 0.1171875 0.0875
4 0.10078125 0.49375 0.075 0.0484375
4 0.10546875 0.64921875 0.065625 0.05
4 0.415625 0.83671875 0.0421875 0.0421875
4 0.3609375 0.75390625 0.0578125 0.0453125
4 0.3328125 0.7875 0.040625 0.0328125
4 0.378125 0.890625 0.065625 0.040625
0 0.63828125 0.88671875 0.05 0.040625
0 0.89765625 0.825 0.034375 0.0421875
4 0.81640625 0.7671875 0.0234375 0.0171875
0 0.91171875 0.76640625 0.0359375 0.025
0 0.89296875 0.7828125 0.0296875 0.021875
4 0.88671875 0.71953125 0.0234375 0.0234375
1 0.9078125 0.72421875 0.015625 0.0328125