4 0.83203125 0.38828125 0.0390625 0.0421875
4 0.6375 0.4359375 0.04375 0.0515625
4 0.553125 0.42109375 0.05 0.028125
4 0.5234375 0.40234375 0.0375 0.028125
2 0.4875 0.359375 0.0359375 0.0421875
1 0.359375 0.3953125 0.0453125 0.0375
4 0.36640625 0.36953125 0.0234375 0.0203125
1 0.3890625 0.290625 0.04375 0.059375
0 0.309375 0.403125 0.0140625 0.0234375
0 0.4375 0.52578125 0.0265625 0.0265625
0 0.4265625 0.6171875 0.0265625 0.0234375
0 0.3375 0.628125 0.0203125 0.0234375
0 0.4140625 0.684375 0.021875 0.028125
0 0.40546875 0.7 0.0265625 0.01875
0 0.3625 0.8421875 0.0234375 0.0234375
0 0.4 0.8359375 0.0203125 0.0265625
0 0.328125 0.6578125 0.0140625 0.0234375
4 0.37265625 0.83515625 0.0125 0.015625
1 0.3453125 0.7765625 0.0265625 0.0296875
4 0.46796875 0.78671875 0.0265625 0.0140625
4 0.3703125 0.69140625 0.0453125 0.028125
1 0.1078125 0.965625 0.0109375 0.015625
2 0.378125 0.715625 0.0421875 0.040625
0 0.39453125 0.68984375 0.015625 0.0171875
0 0.25 0.503125 0.0125 0.0125
4 0.3046875 0.49921875 0.0203125 0.01875
4 0.35 0.503125 0.0203125 0.0203125
4 0.3703125 0.5515625 0.0203125 0.0203125
4 0.37578125 0.55703125 0.0203125 0.0234375
4 0.42578125 0.53828125 0.015625 0.0359375
4 0.41484375 0.48984375 0.021875 0.03125
4 0.4578125 0.43515625 0.0171875 0.0171875