2 0.2 0.7984375 0.0859375 0.071875
2 0.34609375 0.91875 0.08125 0.08125
2 0.28671875 0.79296875 0.0765625 0.09375
2 0.6546875 0.5765625 0.1 0.0921875
2 0.9234375 0.6984375 0.090625 0.1171875
2 0.85078125 0.671875 0.078125 0.0765625
2 0.365625 0.2359375 0.0703125 0.065625
2 0.175 0.271875 0.109375 0.075
2 0.20859375 0.3109375 0.0421875 0.034375
2 0.04375 0.52890625 0.0875 0.0890625
2 0.3375 0.5109375 0.1640625 0.1390625
2 0.72578125 0.4421875 0.1171875 0.1015625
2 0.80859375 0.37421875 0.1875 0.1375
2 0.90859375 0.46796875 0.1828125 0.1421875
2 0.25703125 0.9859375 0.1359375 0.028125
2 0.825 0.82734375 0.125 0.090625
2 0.4890625 0.97578125 0.1125 0.0484375