2 0.4828125 0.91640625 0.184375 0.1671875
2 0.321875 0.84296875 0.0625 0.0953125
2 0.384375 0.77890625 0.0640625 0.05
2 0.53671875 0.66640625 0.0515625 0.0609375
2 0.465625 0.35390625 0.1015625 0.18125
2 0.52265625 0.54296875 0.0421875 0.0515625
2 0.51953125 0.47734375 0.075 0.103125
2 0.61328125 0.4390625 0.0515625 0.0671875
2 0.8265625 0.5671875 0.0734375 0.0734375
2 0.55234375 0.18125 0.0546875 0.0640625
2 0.5390625 0.0359375 0.0515625 0.0359375
2 0.565625 0.01015625 0.028125 0.0171875
4 0.67421875 0.04609375 0.0265625 0.021875
2 0.3546875 0.20234375 0.0453125 0.034375
2 0.26484375 0.16796875 0.053125 0.0671875
4 0.4546875 0.12578125 0.0421875 0.0578125
2 0.7796875 0.084375 0.0296875 0.0359375
2 0.42109375 0.25234375 0.0359375 0.0671875