2 0.82265625 0.06953125 0.16875 0.13125
2 0.7046875 0.38046875 0.0296875 0.075
2 0.596875 0.7125 0.0421875 0.0625
2 0.74765625 0.97890625 0.1796875 0.0421875
2 0.5796875 0.978125 0.0625 0.04375
2 0.45390625 0.59453125 0.0796875 0.1390625
2 0.52421875 0.62109375 0.06875 0.1078125
2 0.54609375 0.49296875 0.0296875 0.053125
2 0.39296875 0.53828125 0.025 0.03125
2 0.37578125 0.17578125 0.0359375 0.071875
2 0.41953125 0.08125 0.0234375 0.03125
2 0.89765625 0.9359375 0.0234375 0.046875
2 0.95078125 0.06171875 0.06875 0.109375