4 0.69765625 0.72265625 0.0328125 0.0296875
4 0.51015625 0.78515625 0.05 0.040625
4 0.28515625 0.6015625 0.0890625 0.046875
4 0.2953125 0.50390625 0.14375 0.084375
1 0.55234375 0.17578125 0.065625 0.0890625
1 0.62890625 0.57890625 0.0796875 0.0734375
1 0.52734375 0.4359375 0.0578125 0.05
1 0.70859375 0.9515625 0.05 0.053125
0 0.59921875 0.6265625 0.040625 0.040625
0 0.4953125 0.5125 0.0359375 0.040625
0 0.42109375 0.725 0.04375 0.0515625
0 0.43984375 0.8328125 0.05625 0.0296875
0 0.4046875 0.92265625 0.0734375 0.04375
0 0.26953125 0.553125 0.071875 0.0484375
0 0.25859375 0.51875 0.05625 0.04375
0 0.26015625 0.40234375 0.05625 0.05625
4 0.3609375 0.3203125 0.0421875 0.025
2 0.61171875 0.47578125 0.0578125 0.053125