2 0.2921875 0.93359375 0.071875 0.090625
2 0.10625 0.84375 0.0828125 0.0828125
2 0.2578125 0.8453125 0.0984375 0.0765625
2 0.30234375 0.38203125 0.09375 0.1046875
2 0.059375 0.171875 0.11875 0.090625
2 0.1171875 0.23203125 0.078125 0.0796875
2 0.77109375 0.5109375 0.0671875 0.0734375
2 0.82421875 0.71484375 0.075 0.1171875
2 0.76953125 0.7 0.034375 0.0453125
2 0.6296875 0.953125 0.084375 0.075
2 0.5125 0.66484375 0.140625 0.1703125
2 0.40234375 0.25 0.1015625 0.1203125
2 0.43046875 0.13671875 0.1359375 0.2
2 0.29296875 0.1 0.1328125 0.1578125
2 0.0109375 0.32734375 0.021875 0.1296875