4 0.28828125 0.16875 0.0390625 0.0203125
4 0.7390625 0.23671875 0.0484375 0.0265625
4 0.69921875 0.546875 0.0125 0.009375
4 0.2046875 0.725 0.03125 0.046875
1 0.5265625 0.5703125 0.0546875 0.040625
1 0.246875 0.5390625 0.0578125 0.0546875
1 0.7796875 0.49921875 0.015625 0.034375
0 0.75546875 0.48046875 0.009375 0.015625
0 0.3546875 0.3796875 0.03125 0.025
0 0.17734375 0.43125 0.053125 0.0265625
0 0.1015625 0.58125 0.05625 0.0296875
2 0.11796875 0.66875 0.0609375 0.053125
4 0.02421875 0.01796875 0.0484375 0.0203125
4 0.35078125 0.184375 0.021875 0.021875
4 0.375 0.215625 0.028125 0.0140625
0 0.1875 0.70703125 0.046875 0.0359375
2 0.125 0.4046875 0.0671875 0.0453125