2 0.48984375 0.75703125 0.0953125 0.06875
2 0.884375 0.71640625 0.0828125 0.0703125
4 0.6921875 0.7609375 0.071875 0.05
2 0.26328125 0.9375 0.059375 0.0484375
2 0.54375 0.59921875 0.2046875 0.10625
2 0.6875 0.87265625 0.25625 0.1734375
2 0.89375 0.6015625 0.2125 0.11875
2 0.84921875 0.69453125 0.0328125 0.03125
2 0.88359375 0.66484375 0.034375 0.0265625
2 0.83359375 0.5703125 0.1078125 0.053125
2 0.70703125 0.70078125 0.0765625 0.0375
2 0.42734375 0.76484375 0.0390625 0.0609375
2 0.89765625 0.78359375 0.071875 0.059375