4 0.5265625 0.54453125 0.1328125 0.0671875
2 0.784375 0.53359375 0.0765625 0.065625
2 0.52265625 0.903125 0.2265625 0.19375
2 0.35859375 0.92421875 0.1859375 0.1515625
2 0.703125 0.8609375 0.103125 0.0796875
4 0.60703125 0.5296875 0.0625 0.0453125
4 0.08046875 0.45078125 0.08125 0.0390625
4 0.58359375 0.74609375 0.0421875 0.03125
4 0.903125 0.5390625 0.0796875 0.0578125
0 0.5765625 0.27265625 0.0234375 0.0171875
3 0.46796875 0.3375 0.075 0.0390625
3 0.01484375 0.56796875 0.0265625 0.05625
1 0.0390625 0.40546875 0.0671875 0.0453125
2 0.4671875 0.2796875 0.0484375 0.0328125
2 0.4734375 0.225 0.0328125 0.021875
2 0.69609375 0.23984375 0.053125 0.0171875
2 0.74609375 0.27109375 0.0625 0.0359375
2 0.690625 0.60703125 0.0578125 0.0625
2 0.6640625 0.4765625 0.059375 0.04375
2 0.6234375 0.6 0.065625 0.0796875
2 0.5921875 0.584375 0.0578125 0.04375
2 0.67109375 0.57890625 0.0671875 0.0609375
2 0.721875 0.75390625 0.05625 0.0421875
2 0.47265625 0.734375 0.071875 0.06875
2 0.55078125 0.81796875 0.1 0.0296875
2 0.496875 0.68671875 0.0640625 0.0609375
2 0.97265625 0.54609375 0.0203125 0.0484375
2 0.45078125 0.68203125 0.04375 0.028125
2 0.81328125 0.59765625 0.0453125 0.0515625
2 0.903125 0.909375 0.190625 0.1296875
2 0.70859375 0.20859375 0.0171875 0.0109375
4 0.671875 0.20234375 0.0140625 0.015625
2 0.815625 0.7 0.0703125 0.0703125
4 0.3109375 0.75703125 0.090625 0.11875
2 0.63515625 0.83359375 0.0375 0.04375