4 0.61484375 0.4578125 0.0234375 0.028125
4 0.5140625 0.5 0.0328125 0.034375
4 0.415625 0.47734375 0.0328125 0.0375
4 0.35234375 0.5984375 0.0296875 0.040625
4 0.25703125 0.57734375 0.04375 0.05625
4 0.2171875 0.609375 0.053125 0.084375
4 0.25625 0.51875 0.0515625 0.078125
4 0.28359375 0.540625 0.05625 0.04375
4 0.34453125 0.640625 0.0328125 0.03125
0 0.46484375 0.0234375 0.0265625 0.0296875
0 0.49375 0.009375 0.028125 0.01875
1 0.5234375 0.08515625 0.0265625 0.04375
4 0.4234375 0.146875 0.028125 0.021875
0 0.43203125 0.19375 0.0328125 0.0296875
0 0.453125 0.221875 0.03125 0.034375
4 0.46640625 0.253125 0.040625 0.046875
0 0.45546875 0.2875 0.040625 0.0265625
0 0.365625 0.328125 0.0390625 0.028125
2 0.4640625 0.2078125 0.0359375 0.034375
0 0.50625 0.4015625 0.028125 0.034375
0 0.52421875 0.39375 0.028125 0.0328125
0 0.68359375 0.421875 0.01875 0.01875
2 0.40703125 0.671875 0.0375 0.0515625
1 0.51953125 0.6390625 0.05 0.0546875
1 0.53515625 0.7671875 0.053125 0.071875
4 0.51640625 0.684375 0.0234375 0.025
0 0.64375 0.62421875 0.0234375 0.025