2 0.04921875 0.4359375 0.0984375 0.078125
2 0.12578125 0.47578125 0.071875 0.059375
2 0.24609375 0.54140625 0.0453125 0.05
2 0.60078125 0.5953125 0.0703125 0.034375
2 0.60703125 0.728125 0.0234375 0.0265625
2 0.62578125 0.79140625 0.0328125 0.0515625
2 0.684375 0.61484375 0.0296875 0.034375
2 0.7140625 0.7390625 0.0484375 0.0828125
2 0.92109375 0.9234375 0.1578125 0.128125
2 0.74375 0.94765625 0.0875 0.090625
2 0.85625 0.85703125 0.1671875 0.065625
2 0.9890625 0.74921875 0.021875 0.0765625
2 0.4609375 0.55625 0.0328125 0.028125