4 0.48125 0.8921875 0.040625 0.034375
4 0.61875 0.790625 0.03125 0.0234375
4 0.17265625 0.634375 0.0640625 0.08125
4 0.2625 0.6375 0.0578125 0.046875
2 0.56484375 0.47265625 0.0390625 0.0390625
4 0.47578125 0.46015625 0.0546875 0.0578125
4 0.5078125 0.5171875 0.04375 0.025
4 0.34921875 0.3921875 0.053125 0.0234375
2 0.496875 0.55 0.053125 0.04375
1 0.52734375 0.56484375 0.046875 0.0453125
1 0.5875 0.60625 0.0671875 0.0546875
1 0.55078125 0.24296875 0.0515625 0.0765625
0 0.28828125 0.51328125 0.0625 0.0421875
0 0.5421875 0.72265625 0.0390625 0.015625
0 0.35625 0.875 0.0453125 0.0515625
0 0.4109375 0.95234375 0.0375 0.0359375
0 0.36953125 0.70859375 0.0546875 0.0265625
0 0.46328125 0.590625 0.034375 0.0375
0 0.23359375 0.6 0.05625 0.034375