0 0.4359375 0.84609375 0.0453125 0.0296875
3 0.31328125 0.5328125 0.0671875 0.0734375
3 0.32890625 0.4265625 0.046875 0.0625
3 0.59140625 0.546875 0.0734375 0.078125
3 0.33203125 0.68203125 0.0265625 0.0296875
3 0.5515625 0.75703125 0.0796875 0.0453125
3 0.65859375 0.775 0.0546875 0.08125
1 0.5171875 0.5140625 0.059375 0.0515625
1 0.625 0.85859375 0.0671875 0.0734375
1 0.96875 0.8203125 0.0625 0.078125
4 0.478125 0.646875 0.046875 0.040625
2 0.31796875 0.7203125 0.053125 0.053125
2 0.24921875 0.89296875 0.01875 0.0265625
2 0.13984375 0.72109375 0.021875 0.0234375
2 0.1375 0.89375 0.0296875 0.028125