4 0.5015625 0.65234375 0.08125 0.06875
2 0.38125 0.70625 0.0890625 0.10625
1 0.3625 0.16328125 0.0578125 0.0640625
4 0.17734375 0.0703125 0.046875 0.0296875
2 0.734375 0.74765625 0.1 0.103125
2 0.7875 0.8125 0.0890625 0.109375
2 0.8515625 0.5453125 0.0390625 0.0609375
2 0.94609375 0.54921875 0.028125 0.0390625
2 0.52578125 0.75625 0.0625 0.0671875
2 0.421875 0.821875 0.065625 0.0546875
2 0.3671875 0.815625 0.0578125 0.0421875
4 0.45078125 0.86328125 0.08125 0.075
2 0.8 0.475 0.0703125 0.06875
2 0.9671875 0.46875 0.04375 0.0484375
4 0.93125 0.20078125 0.0546875 0.0578125
4 0.69453125 0.04296875 0.1015625 0.021875
2 0.55234375 0.596875 0.1 0.0875
2 0.52890625 0.8328125 0.0578125 0.0484375