1 0.696875 0.02421875 0.125 0.0484375
2 0.20625 0.88828125 0.05625 0.059375
2 0.25546875 0.815625 0.0359375 0.04375
2 0.328125 0.95625 0.0609375 0.0875
2 0.41953125 0.75390625 0.05625 0.059375
2 0.21953125 0.64296875 0.025 0.0421875
2 0.20859375 0.6 0.025 0.0375
2 0.2359375 0.575 0.0203125 0.0375
2 0.215625 0.77578125 0.0171875 0.0171875
4 0.83359375 0.8515625 0.11875 0.1921875
2 0.84921875 0.94609375 0.0859375 0.0296875
4 0.775 0.90625 0.0734375 0.0859375
4 0.33671875 0.8125 0.03125 0.028125
3 0.7390625 0.3234375 0.0875 0.1671875