1 0.72734375 0.4703125 0.0734375 0.0453125
1 0.31796875 0.42265625 0.0328125 0.034375
1 0.4234375 0.39140625 0.0515625 0.0421875
1 0.1265625 0.2140625 0.025 0.01875
4 0.43203125 0.475 0.0421875 0.0359375
4 0.43046875 0.509375 0.034375 0.0421875
4 0.3796875 0.71328125 0.0359375 0.0765625
4 0.403125 0.675 0.05 0.0265625
4 0.50546875 0.8203125 0.0359375 0.0421875
4 0.503125 0.7046875 0.0296875 0.0625
2 0.5921875 0.48359375 0.0421875 0.0328125
4 0.60390625 0.4484375 0.0140625 0.03125
4 0.58515625 0.621875 0.01875 0.0375
4 0.4828125 0.40078125 0.0171875 0.021875
4 0.26015625 0.325 0.0109375 0.028125
4 0.20390625 0.3484375 0.0140625 0.025
0 0.2984375 0.3625 0.0109375 0.025
0 0.05703125 0.409375 0.015625 0.025
0 0.0359375 0.3890625 0.0171875 0.028125
0 0.1640625 0.40390625 0.0171875 0.025
0 0.1921875 0.44453125 0.0203125 0.0203125
0 0.31796875 0.51796875 0.0328125 0.0359375
0 0.35546875 0.509375 0.0203125 0.0375
0 0.371875 0.4890625 0.028125 0.01875
0 0.3796875 0.5171875 0.0328125 0.0296875
0 0.4015625 0.590625 0.03125 0.034375
0 0.4328125 0.55390625 0.0171875 0.034375
0 0.59296875 0.52265625 0.0171875 0.04375
0 0.5046875 0.38515625 0.01875 0.015625
4 0.45859375 0.53125 0.0234375 0.025
4 0.40234375 0.45546875 0.0421875 0.0296875