1 0.571875 0.0203125 0.053125 0.040625
1 0.39140625 0.33203125 0.040625 0.03125
1 0.39296875 0.46015625 0.0296875 0.028125
1 0.7734375 0.36875 0.0453125 0.05
4 0.50859375 0.38359375 0.0234375 0.0375
4 0.49375 0.3625 0.009375 0.0390625
4 0.73671875 0.371875 0.059375 0.040625
4 0.80234375 0.38515625 0.0609375 0.03125
4 0.76484375 0.28828125 0.0609375 0.03125
4 0.4953125 0.30625 0.034375 0.0125
4 0.48671875 0.2078125 0.0234375 0.025
4 0.68671875 0.16953125 0.0296875 0.025
4 0.54453125 0.2765625 0.03125 0.025
4 0.42890625 0.2859375 0.01875 0.0140625
4 0.4125 0.31328125 0.0328125 0.025
4 0.28984375 0.51640625 0.015625 0.015625
4 0.30390625 0.48671875 0.015625 0.015625
1 0.1546875 0.5984375 0.009375 0.015625
0 0.28046875 0.65859375 0.0203125 0.0125
0 0.30546875 0.6609375 0.0171875 0.009375
0 0.31953125 0.58671875 0.021875 0.0125
0 0.3875 0.57265625 0.021875 0.01875
0 0.325 0.45703125 0.0171875 0.0125
0 0.4765625 0.46953125 0.0265625 0.0125
0 0.48671875 0.48515625 0.028125 0.015625
0 0.484375 0.4203125 0.0265625 0.0171875
0 0.52109375 0.41640625 0.0375 0.0171875
0 0.61484375 0.3765625 0.040625 0.0234375
0 0.58515625 0.4234375 0.0265625 0.01875
0 0.36953125 0.2359375 0.0203125 0.0109375
0 0.57265625 0.18984375 0.0375 0.028125
4 0.546875 0.43515625 0.0265625 0.015625
2 0.4578125 0.409375 0.04375 0.0296875
2 0.58046875 0.16171875 0.046875 0.046875
4 0.946875 0.36484375 0.04375 0.040625