2 0.49296875 0.73125 0.2125 0.2359375
2 0.64609375 0.93046875 0.0765625 0.09375
2 0.5453125 0.96796875 0.14375 0.0640625
2 0.71875 0.6515625 0.3625 0.3171875
2 0.90078125 0.734375 0.1453125 0.1734375
2 0.54921875 0.4765625 0.13125 0.140625
2 0.55 0.5703125 0.134375 0.1203125
2 0.46875 0.571875 0.1 0.084375
2 0.55390625 0.2828125 0.0703125 0.0875
2 0.596875 0.3890625 0.084375 0.0890625
2 0.6734375 0.25390625 0.1359375 0.13125
2 0.82109375 0.25 0.2 0.2078125
1 0.81015625 0.22890625 0.1609375 0.1328125
2 0.5453125 0.1 0.040625 0.0625
2 0.60859375 0.0296875 0.0984375 0.0546875
4 0.7828125 0.1484375 0.15 0.1640625
2 0.61875 0.1453125 0.0328125 0.03125
2 0.28984375 0.83671875 0.028125 0.0359375
2 0.09765625 0.3640625 0.0484375 0.05625
2 0.10546875 0.51171875 0.0234375 0.025
2 0.2109375 0.1453125 0.028125 0.0328125
4 0.58046875 0.1 0.065625 0.08125