2 0.6625 0.7234375 0.0875 0.1859375
2 0.83359375 0.78515625 0.0578125 0.0640625
2 0.74765625 0.83671875 0.0859375 0.1015625
2 0.7796875 0.909375 0.0453125 0.053125
2 0.69453125 0.54453125 0.0484375 0.0546875
2 0.5703125 0.3484375 0.090625 0.065625
2 0.44140625 0.1859375 0.0578125 0.0953125
2 0.65078125 0.38359375 0.025 0.0375
4 0.7640625 0.39765625 0.025 0.01875
2 0.5125 0.60078125 0.0375 0.0328125
2 0.5875 0.63359375 0.0359375 0.059375
2 0.36953125 0.32421875 0.0390625 0.0828125
2 0.4296875 0.009375 0.040625 0.015625
2 0.82890625 0.29140625 0.0609375 0.0546875
2 0.8734375 0.4234375 0.025 0.034375
2 0.74609375 0.27578125 0.0125 0.046875
2 0.63984375 0.42109375 0.034375 0.03125
4 0.5890625 0.51328125 0.0484375 0.05625
2 0.69140625 0.29375 0.0453125 0.071875
2 0.42421875 0.5875 0.059375 0.0578125