3 0.22109375 0.746875 0.0296875 0.065625
2 0.346875 0.63984375 0.0796875 0.0859375
2 0.365625 0.56015625 0.0640625 0.0734375
4 0.55234375 0.634375 0.0671875 0.1078125
2 0.84296875 0.48671875 0.1140625 0.1046875
2 0.7375 0.40703125 0.1390625 0.153125
2 0.96875 0.490625 0.0625 0.20625
2 0.78671875 0.05546875 0.1796875 0.103125
2 0.7609375 0.225 0.140625 0.2015625
4 0.8953125 0.2203125 0.0640625 0.0765625
4 0.96015625 0.11328125 0.0796875 0.0890625
4 0.9046875 0.41640625 0.04375 0.046875
1 0.934375 0.34453125 0.1203125 0.1078125
1 0.8734375 0.4328125 0.028125 0.046875
1 0.81484375 0.1234375 0.034375 0.0421875