1 0.51171875 0.71484375 0.05625 0.0765625
1 0.359375 0.35 0.0375 0.0359375
1 0.35859375 0.45546875 0.0484375 0.0546875
1 0.11640625 0.228125 0.0203125 0.0265625
4 0.4375 0.44140625 0.0390625 0.04375
4 0.46953125 0.43125 0.046875 0.040625
4 0.64375 0.33046875 0.0765625 0.0484375
4 0.6140625 0.3609375 0.0359375 0.0515625
4 0.77578125 0.4171875 0.0484375 0.04375
4 0.66875 0.44609375 0.0640625 0.040625
2 0.4875 0.58671875 0.0375 0.0453125
4 0.459375 0.60703125 0.0328125 0.0203125
4 0.6140625 0.54296875 0.040625 0.025
4 0.3828125 0.50703125 0.025 0.0203125
4 0.25390625 0.32265625 0.0265625 0.015625
4 0.2609375 0.2640625 0.0265625 0.01875
0 0.2984375 0.34765625 0.0265625 0.015625
0 0.278125 0.1125 0.0265625 0.01875
0 0.253125 0.0984375 0.028125 0.0203125
0 0.3015625 0.2140625 0.028125 0.021875
0 0.34609375 0.228125 0.0234375 0.0234375
0 0.446875 0.32421875 0.040625 0.0390625
0 0.44921875 0.36171875 0.040625 0.025
0 0.434375 0.3828125 0.021875 0.03125
0 0.46328125 0.38125 0.034375 0.034375
0 0.53671875 0.3828125 0.0375 0.034375
0 0.5109375 0.421875 0.0375 0.0234375
0 0.525 0.5765625 0.046875 0.025
0 0.37421875 0.53125 0.0203125 0.021875
4 0.496875 0.45078125 0.025 0.0234375
4 0.4125 0.41875 0.0375 0.0453125