2 0.7640625 0.35390625 0.103125 0.1609375
2 0.95078125 0.42421875 0.09375 0.071875
2 0.84453125 0.38359375 0.08125 0.0390625
2 0.63203125 0.25390625 0.08125 0.10625
2 0.6171875 0.14609375 0.0609375 0.0609375
2 0.50703125 0.5125 0.046875 0.0625
2 0.40625 0.46484375 0.04375 0.0703125
2 0.3203125 0.21171875 0.0265625 0.0421875
2 0.1578125 0.22578125 0.0484375 0.0703125
4 0.63046875 0.8453125 0.0578125 0.046875
2 0.096875 0.8796875 0.0328125 0.103125
2 0.525 0.56953125 0.08125 0.065625
4 0.29140625 0.41015625 0.040625 0.046875