2 0.65625 0.09609375 0.16875 0.1921875
2 0.59921875 0.20859375 0.0890625 0.1234375
2 0.53125 0.16171875 0.14375 0.1859375
2 0.4484375 0.0578125 0.240625 0.115625
2 0.4578125 0.20625 0.125 0.1828125
2 0.37421875 0.26484375 0.0984375 0.1390625
2 0.09296875 0.20859375 0.1859375 0.2390625
1 0.08828125 0.18125 0.1765625 0.1625
2 0.18359375 0.2921875 0.09375 0.096875
2 0.18671875 0.390625 0.1265625 0.090625
4 0.07890625 0.4265625 0.1578125 0.2375
2 0.21796875 0.49453125 0.05 0.05
2 0.415625 0.390625 0.1109375 0.090625
2 0.36796875 0.63671875 0.0890625 0.0890625
2 0.21796875 0.7109375 0.1265625 0.128125
2 0.19375 0.8703125 0.271875 0.221875
4 0.26875 0.5953125 0.090625 0.103125
2 0.428125 0.58359375 0.0234375 0.03125
4 0.15 0.44921875 0.021875 0.021875
2 0.82109375 0.11015625 0.021875 0.03125
2 0.8484375 0.0421875 0.040625 0.0484375