2 0.35859375 0.5421875 0.0765625 0.153125
4 0.40703125 0.4234375 0.0421875 0.046875
2 0.51796875 0.453125 0.0578125 0.1109375
2 0.37109375 0.6671875 0.025 0.0515625
2 0.95546875 0.4421875 0.0890625 0.184375
4 0.83359375 0.70625 0.1140625 0.0953125
2 0.74296875 0.67890625 0.0515625 0.0859375
2 0.715625 0.590625 0.0515625 0.0859375
2 0.753125 0.5203125 0.078125 0.1234375
2 0.7671875 0.578125 0.05625 0.059375
2 0.9171875 0.78515625 0.0921875 0.11875
2 0.85625 0.77265625 0.059375 0.0671875
2 0.846875 0.88984375 0.109375 0.1203125
2 0.94140625 0.83984375 0.0484375 0.0703125
4 0.69765625 0.89140625 0.06875 0.090625
1 0.70625 0.74140625 0.03125 0.028125
2 0.92578125 0.91796875 0.0453125 0.021875
2 0.75859375 0.7359375 0.05625 0.0515625
4 0.81796875 0.56796875 0.05625 0.0671875
2 0.80546875 0.440625 0.059375 0.0734375
2 0.8515625 0.21875 0.08125 0.1046875
2 0.8578125 0.3203125 0.0890625 0.1265625
2 0.72109375 0.12109375 0.0359375 0.034375
2 0.44375 0.01796875 0.059375 0.0359375
2 0.63359375 0.12890625 0.0546875 0.1265625
2 0.67421875 0.1890625 0.025 0.0484375
2 0.68671875 0.3171875 0.0546875 0.0734375
4 0.70859375 0.159375 0.0390625 0.04375
4 0.61640625 0.20390625 0.0328125 0.040625
4 0.76484375 0.6921875 0.040625 0.0421875
4 0.66328125 0.37890625 0.021875 0.0234375
2 0.728125 0.396875 0.115625 0.125
4 0.66953125 0.1078125 0.0234375 0.0421875
4 0.66796875 0.02890625 0.021875 0.0234375
2 0.575 0.53671875 0.0859375 0.1265625