4 0.06015625 0.41953125 0.0203125 0.025
4 0.23515625 0.72421875 0.0359375 0.025
4 0.434375 0.7375 0.046875 0.0390625
4 0.65 0.71875 0.0859375 0.0609375
4 0.7609375 0.68359375 0.1109375 0.0671875
4 0.88515625 0.59921875 0.0640625 0.0671875
4 0.77265625 0.32734375 0.0625 0.0921875
4 0.6296875 0.328125 0.06875 0.0625
4 0.36171875 0.1484375 0.025 0.025
0 0.38515625 0.19375 0.03125 0.040625
0 0.44296875 0.21796875 0.046875 0.0390625
0 0.47890625 0.234375 0.046875 0.0421875
0 0.38515625 0.31796875 0.0265625 0.0265625
0 0.3578125 0.0828125 0.0296875 0.0265625
0 0.33671875 0.10859375 0.0234375 0.0234375
0 0.3109375 0.0421875 0.034375 0.025
0 0.32265625 0.021875 0.034375 0.025
4 0.21171875 0.03359375 0.0203125 0.028125
1 0.2875 0.0796875 0.0359375 0.0421875
4 0.41875 0.09453125 0.05625 0.0390625
0 0.06875 0.56953125 0.0203125 0.01875
4 0.1125 0.57578125 0.01875 0.0171875
1 0.1203125 0.7 0.0640625 0.0625
1 0.25078125 0.67265625 0.0671875 0.0734375
0 0.2875 0.53125 0.0328125 0.0453125
0 0.32890625 0.546875 0.0296875 0.0421875
4 0.45390625 0.62578125 0.05 0.0515625
4 0.60390625 0.63984375 0.0578125 0.053125
4 0.628125 0.63671875 0.053125 0.05
2 0.4484375 0.68984375 0.065625 0.078125
4 0.56171875 0.31171875 0.05625 0.0390625
2 0.3640625 0.3046875 0.0484375 0.0484375