0 0.3328125 0.5421875 0.075 0.0390625
0 0.2828125 0.6609375 0.0609375 0.053125
0 0.296875 0.61640625 0.04375 0.0453125
0 0.378125 0.78359375 0.059375 0.0359375
0 0.35234375 0.92734375 0.0609375 0.0578125
0 0.5453125 0.79609375 0.04375 0.0265625
0 0.49921875 0.64375 0.0421875 0.034375
0 0.38125 0.57421875 0.0703125 0.046875
4 0.60078125 0.87578125 0.0375 0.025
4 0.4671875 0.96484375 0.0421875 0.0375
4 0.22734375 0.63828125 0.0734375 0.0875
4 0.40703125 0.6421875 0.071875 0.0375
4 0.4578125 0.65234375 0.0421875 0.0546875
4 0.3109375 0.49921875 0.0828125 0.0703125
4 0.20625 0.47421875 0.053125 0.053125
4 0.45390625 0.41796875 0.0421875 0.0390625
4 0.54921875 0.54609375 0.05625 0.05625
4 0.5578125 0.56796875 0.0390625 0.0328125
1 0.628125 0.66796875 0.05625 0.053125
1 0.56171875 0.64609375 0.0546875 0.0453125
1 0.665625 0.2828125 0.0609375 0.0796875
2 0.6171875 0.5140625 0.0609375 0.0484375
2 0.559375 0.6046875 0.071875 0.0609375