0 0.65390625 0.08671875 0.0390625 0.0375
0 0.74609375 0.259375 0.0515625 0.04375
0 0.5484375 0.365625 0.0390625 0.0296875
0 0.4828125 0.41640625 0.0453125 0.03125
0 0.57734375 0.43984375 0.0359375 0.028125
0 0.26953125 0.75078125 0.0328125 0.021875
0 0.03359375 0.871875 0.025 0.0171875
4 0.0375 0.565625 0.015625 0.015625
4 0.4515625 0.765625 0.0296875 0.01875
1 0.21171875 0.57734375 0.0421875 0.0625
1 0.41953125 0.6390625 0.04375 0.0484375
2 0.63203125 0.54921875 0.05625 0.05625
4 0.50390625 0.4703125 0.025 0.025
4 0.6171875 0.4140625 0.0328125 0.0421875
4 0.55546875 0.4 0.034375 0.0375
2 0.66640625 0.0484375 0.065625 0.05625