0 0.65 0.40859375 0.071875 0.0390625
0 0.65078125 0.28828125 0.059375 0.053125
0 0.65390625 0.33125 0.0421875 0.0453125
0 0.525 0.21484375 0.0578125 0.0375
0 0.496875 0.0796875 0.059375 0.05625
0 0.4328125 0.0234375 0.0421875 0.046875
0 0.375 0.2625 0.0421875 0.0265625
0 0.46875 0.37890625 0.040625 0.034375
0 0.59609375 0.39765625 0.0671875 0.046875
4 0.2984375 0.2125 0.034375 0.025
4 0.3828125 0.0875 0.040625 0.0375
4 0.7078125 0.28828125 0.075 0.084375
4 0.55 0.3484375 0.0703125 0.0390625
4 0.50234375 0.35703125 0.04375 0.0546875
4 0.68359375 0.4390625 0.08125 0.0703125
4 0.784375 0.4234375 0.053125 0.0546875
4 0.5875 0.559375 0.0421875 0.040625
4 0.46015625 0.48203125 0.05625 0.0546875
4 0.44375 0.465625 0.0390625 0.034375
1 0.346875 0.403125 0.0546875 0.0515625
1 0.41328125 0.39921875 0.053125 0.0453125
1 0.45078125 0.7515625 0.0609375 0.078125
2 0.41171875 0.53359375 0.059375 0.0484375
2 0.4296875 0.434375 0.06875 0.0609375