0 0.69765625 0.38984375 0.015625 0.0171875
0 0.6984375 0.41171875 0.0140625 0.021875
0 0.61953125 0.43203125 0.0171875 0.0265625
0 0.6015625 0.49609375 0.0203125 0.0234375
0 0.48046875 0.4328125 0.0140625 0.0234375
0 0.51484375 0.4078125 0.01875 0.0171875
1 0.48046875 0.4984375 0.0328125 0.0328125
4 0.54765625 0.3953125 0.0203125 0.0171875
2 0.4296875 0.55078125 0.028125 0.0453125
0 0.446875 0.584375 0.0234375 0.03125
0 0.4921875 0.57421875 0.0171875 0.034375
0 0.51015625 0.5890625 0.0203125 0.0359375
0 0.4421875 0.62890625 0.021875 0.0390625
0 0.4453125 0.69375 0.0203125 0.0234375
0 0.4015625 0.7203125 0.0265625 0.0453125
4 0.46015625 0.6609375 0.0171875 0.0265625
4 0.41015625 0.61171875 0.0421875 0.0296875
4 0.3921875 0.58984375 0.0453125 0.0140625
4 0.3328125 0.596875 0.0171875 0.034375
4 0.33125 0.50234375 0.0265625 0.0359375
4 0.30390625 0.51796875 0.0171875 0.021875
1 0.35546875 0.48828125 0.0375 0.034375
0 0.253125 0.48046875 0.0140625 0.0203125
4 0.2171875 0.58984375 0.0296875 0.028125
4 0.290625 0.6765625 0.0265625 0.0296875
0 0.2 0.69921875 0.0265625 0.04375
2 0.17109375 0.7015625 0.05625 0.05625
1 0.01875 0.68046875 0.0375 0.0640625
4 0.390625 0.846875 0.04375 0.071875
4 0.303125 0.87578125 0.0390625 0.078125
4 0.403125 0.91640625 0.046875 0.0796875
4 0.178125 0.8171875 0.0265625 0.0296875
1 0.3671875 0.89921875 0.053125 0.059375