2 0.2640625 0.4859375 0.228125 0.2046875
2 0.071875 0.64375 0.090625 0.0734375
2 0.0296875 0.54765625 0.059375 0.1390625
2 0.35 0.70546875 0.3046875 0.353125
2 0.2734375 0.89765625 0.171875 0.1578125
2 0.51796875 0.5328125 0.1359375 0.1265625
2 0.425 0.5375 0.1171875 0.13125
2 0.4203125 0.45546875 0.08125 0.0984375
2 0.709375 0.5296875 0.084375 0.0671875
2 0.60625 0.5765625 0.084375 0.0796875
2 0.7421875 0.646875 0.125 0.13125
2 0.75078125 0.79375 0.2 0.1953125
1 0.771875 0.78203125 0.128125 0.1546875
2 0.88984375 0.515625 0.0609375 0.0390625
2 0.9671875 0.5765625 0.065625 0.1
4 0.85 0.75078125 0.1609375 0.146875
2 0.84765625 0.5890625 0.0296875 0.0328125
2 0.153125 0.28828125 0.0328125 0.0265625
2 0.6140625 0.08203125 0.053125 0.0453125
2 0.46796875 0.09453125 0.025 0.0203125
2 0.83359375 0.1859375 0.03125 0.0265625
4 0.89140625 0.55 0.078125 0.0625