2 0.46953125 0.92890625 0.078125 0.0515625
2 0.6953125 0.96171875 0.10625 0.0765625
2 0.271875 0.86171875 0.065625 0.08125
2 0.38671875 0.65625 0.1 0.08125
2 0.45 0.671875 0.0578125 0.0515625
2 0.63515625 0.446875 0.034375 0.025
2 0.78359375 0.35234375 0.06875 0.040625
2 0.2921875 0.43828125 0.046875 0.0421875
2 0.28046875 0.40546875 0.0875 0.04375
2 0.196875 0.70703125 0.1453125 0.0984375
2 0.0734375 0.71328125 0.0390625 0.05
4 0.71015625 0.69921875 0.0734375 0.0265625
2 0.4171875 0.41640625 0.0625 0.040625
2 0.36484375 0.0640625 0.0796875 0.0265625
4 0.02734375 0.39453125 0.03125 0.04375