0 0.209375 0.9421875 0.0234375 0.040625
0 0.2609375 0.7734375 0.0328125 0.04375
0 0.1328125 0.8421875 0.034375 0.04375
0 0.74140625 0.40234375 0.0125 0.015625
0 0.73203125 0.36953125 0.009375 0.0140625
0 0.60625 0.27890625 0.009375 0.0109375
0 0.60625 0.56484375 0.015625 0.0203125
4 0.646875 0.7359375 0.021875 0.025
2 0.30234375 0.96015625 0.0515625 0.065625
4 0.15546875 0.878125 0.0421875 0.040625
4 0.11484375 0.98671875 0.053125 0.0140625
4 0.13984375 0.86484375 0.0484375 0.0515625
1 0.4375 0.5109375 0.05625 0.03125
1 0.46328125 0.7203125 0.0390625 0.0375
4 0.9953125 0.55703125 0.0078125 0.0234375
4 0.85 0.403125 0.0125 0.01875
4 0.9359375 0.33125 0.0125 0.009375
4 0.8859375 0.28828125 0.009375 0.0078125
1 0.71015625 0.24375 0.0234375 0.0046875
4 0.775 0.4125 0.0125 0.00625