2 0.725 0.146875 0.059375 0.078125
2 0.8734375 0.26640625 0.0703125 0.06875
2 0.73671875 0.23359375 0.0859375 0.0640625
2 0.6015625 0.64140625 0.0796875 0.0875
2 0.77734375 0.88046875 0.1078125 0.0703125
2 0.7359375 0.8140625 0.065625 0.0671875
2 0.20546875 0.428125 0.0546875 0.0625
2 0.20078125 0.23359375 0.05625 0.103125
2 0.246875 0.25859375 0.0265625 0.0390625
2 0.42578125 0.04453125 0.0734375 0.0890625
2 0.4703125 0.34296875 0.1140625 0.146875
2 0.48359375 0.73984375 0.0828125 0.1046875
2 0.434375 0.83515625 0.10625 0.175
2 0.55 0.9140625 0.109375 0.171875
2 0.95859375 0.15703125 0.0828125 0.1234375
2 0.99453125 0.09140625 0.0109375 0.0984375
2 0.984375 0.30234375 0.03125 0.0578125
2 0.8828125 0.75625 0.0703125 0.1171875
2 0.96640625 0.39375 0.04375 0.1078125