2 0.51015625 0.35703125 0.159375 0.0890625
4 0.39375 0.41640625 0.05 0.0453125
2 0.43359375 0.5265625 0.115625 0.06875
2 0.6390625 0.3578125 0.0546875 0.0296875
2 0.4609375 0.9609375 0.190625 0.078125
4 0.71953125 0.82578125 0.1046875 0.121875
2 0.68359375 0.73671875 0.090625 0.059375
2 0.5921875 0.715625 0.090625 0.059375
2 0.5234375 0.7609375 0.13125 0.0890625
2 0.584375 0.76953125 0.0640625 0.0640625
2 0.8078125 0.903125 0.1265625 0.103125
2 0.78984375 0.84296875 0.071875 0.065625
2 0.9078125 0.821875 0.13125 0.1203125
2 0.865625 0.91796875 0.0703125 0.0421875
4 0.89609375 0.6703125 0.0953125 0.075
1 0.74453125 0.6921875 0.0296875 0.0328125
2 0.94296875 0.896875 0.025 0.0421875
2 0.74296875 0.74609375 0.05625 0.0609375
4 0.578125 0.821875 0.075 0.0625
2 0.44765625 0.82109375 0.078125 0.065625
2 0.225 0.8875 0.1125 0.090625
2 0.32890625 0.884375 0.134375 0.1
2 0.1140625 0.76328125 0.0375 0.040625
2 0.003125 0.48671875 0.00625 0.0578125
2 0.1140625 0.67265625 0.13125 0.065625
2 0.17890625 0.709375 0.05 0.028125
2 0.3109375 0.7109375 0.078125 0.0609375
4 0.15234375 0.746875 0.046875 0.0421875
4 0.1890625 0.65 0.0421875 0.0375
4 0.7 0.75625 0.04375 0.04375
4 0.371875 0.68125 0.025 0.0234375
2 0.3953125 0.746875 0.134375 0.1265625
4 0.0953125 0.71171875 0.04375 0.0265625
2 0.52421875 0.57734375 0.134375 0.096875