4 0.1546875 0.40625 0.01875 0.0390625
2 0.09453125 0.4125 0.0296875 0.021875
2 0.07265625 0.3640625 0.021875 0.0140625
1 0.196875 0.4390625 0.0234375 0.025
4 0.20078125 0.4046875 0.015625 0.0109375
4 0.03671875 0.61953125 0.034375 0.0796875
1 0.0140625 0.56328125 0.0203125 0.0234375
1 0.17734375 0.78515625 0.0015625 0.00625
1 0.18828125 0.76640625 0.0375 0.0453125
3 0.24296875 0.8140625 0.0375 0.1015625
4 0.12265625 0.35546875 0.0265625 0.0171875
3 0.43828125 0.4328125 0.0265625 0.0265625
0 0.2859375 0.45 0.0140625 0.0140625
3 0.303125 0.53125 0.04375 0.015625
3 0.35234375 0.5765625 0.0203125 0.0203125
1 0.37890625 0.559375 0.0421875 0.028125