4 0.19453125 0.7265625 0.0359375 0.0515625
4 0.24296875 0.67265625 0.034375 0.0390625
4 0.746875 0.68359375 0.0546875 0.0421875
4 0.48984375 0.23125 0.0125 0.0171875
1 0.421875 0.146875 0.0359375 0.01875
1 0.559375 0.4234375 0.0453125 0.046875
1 0.55625 0.671875 0.0609375 0.0609375
0 0.62421875 0.8046875 0.0390625 0.06875
0 0.45390625 0.76875 0.0328125 0.0671875
2 0.4375 0.81953125 0.0609375 0.1078125
2 0.7 0.7765625 0.0640625 0.0734375
0 0.73125 0.7046875 0.0453125 0.053125
0 0.39296875 0.5953125 0.0328125 0.0296875