2 0.665625 0.0625 0.15625 0.1171875
2 0.65234375 0.3296875 0.128125 0.11875
2 0.81171875 0.165625 0.0328125 0.090625
2 0.77421875 0.24921875 0.1140625 0.0875
2 0.97890625 0.51171875 0.0421875 0.0796875
2 0.37421875 0.28203125 0.040625 0.0484375
2 0.48984375 0.21171875 0.0484375 0.0734375
2 0.56015625 0.33515625 0.0859375 0.1203125
2 0.3984375 0.13515625 0.0703125 0.090625
2 0.6765625 0.1984375 0.1484375 0.1484375
2 0.81875 0.0734375 0.071875 0.1171875
4 0.77421875 0.08125 0.0296875 0.0390625
4 0.90625 0.028125 0.084375 0.0203125
4 0.49609375 0.41328125 0.040625 0.0625
4 0.4484375 0.3765625 0.034375 0.0265625
2 0.62265625 0.6671875 0.059375 0.06875
2 0.5765625 0.0859375 0.0234375 0.0421875
2 0.34375 0.43359375 0.025 0.0515625
2 0.38515625 0.684375 0.0578125 0.1046875
2 0.48671875 0.328125 0.0453125 0.090625
2 0.540625 0.48984375 0.0203125 0.03125
2 0.38046875 0.3359375 0.0171875 0.028125
2 0.4765625 0.61171875 0.09375 0.1609375
2 0.51796875 0.48203125 0.0796875 0.1171875
2 0.4453125 0.4328125 0.078125 0.0984375
2 0.4453125 0.278125 0.05625 0.0671875
2 0.4453125 0.34765625 0.0265625 0.0453125
2 0.5328125 0.04609375 0.1125 0.0921875