2 0.12578125 0.57890625 0.2515625 0.2265625
2 0.1734375 0.396875 0.103125 0.08125
2 0.253125 0.4375 0.0609375 0.071875
2 0.403125 0.5484375 0.0703125 0.0640625
2 0.67734375 0.3921875 0.1953125 0.1359375
2 0.515625 0.5 0.0578125 0.05
2 0.57734375 0.478125 0.1140625 0.0953125
2 0.6390625 0.5546875 0.0765625 0.065625
2 0.58046875 0.79375 0.084375 0.084375
2 0.86640625 0.4234375 0.0734375 0.065625
2 0.78828125 0.24296875 0.0421875 0.05
2 0.7953125 0.1484375 0.0765625 0.065625
4 0.88984375 0.315625 0.065625 0.053125
2 0.76015625 0.3203125 0.0703125 0.05