0 0.29453125 0.503125 0.0328125 0.034375
3 0.44296875 0.56171875 0.046875 0.0328125
3 0.48359375 0.5375 0.0234375 0.0515625
3 0.55859375 0.65078125 0.0375 0.0453125
3 0.440625 0.77890625 0.0328125 0.0359375
1 0.4 0.60234375 0.0453125 0.046875
1 0.2140625 0.64375 0.0421875 0.0421875
1 0.2453125 0.76796875 0.0484375 0.0765625
2 0.51953125 0.42890625 0.0328125 0.028125
3 0.35390625 0.51015625 0.0203125 0.028125
4 0.3125 0.459375 0.028125 0.021875
4 0.36328125 0.46875 0.0234375 0.015625
4 0.421875 0.428125 0.028125 0.021875
4 0.41484375 0.45625 0.025 0.021875
0 0.84375 0.60703125 0.01875 0.0265625
2 0.35390625 0.790625 0.0671875 0.08125