0 0.69453125 0.30703125 0.053125 0.0546875
0 0.60625 0.2265625 0.05 0.0390625
0 0.73984375 0.4609375 0.0578125 0.0359375
0 0.51640625 0.5703125 0.0390625 0.034375
0 0.09921875 0.55859375 0.0125 0.0171875
4 0.796875 0.71015625 0.0515625 0.0375
4 0.69140625 0.73984375 0.034375 0.021875
4 0.62265625 0.6859375 0.0328125 0.0328125
2 0.7375 0.5015625 0.0875 0.053125
1 0.63046875 0.38984375 0.0421875 0.0484375
2 0.67578125 0.2515625 0.075 0.0671875
4 0.5921875 0.19921875 0.046875 0.05625
1 0.31640625 0.4078125 0.0515625 0.0609375
4 0.14375 0.47109375 0.0109375 0.0125
1 0.0734375 0.5375 0.015625 0.0359375
4 0.12421875 0.9984375 0.0140625 0.003125