2 0.253125 0.69375 0.0578125 0.1
2 0.38828125 0.559375 0.053125 0.0703125
2 0.38984375 0.70546875 0.1 0.1265625
2 0.3828125 0.66328125 0.103125 0.1078125
2 0.41171875 0.59765625 0.046875 0.0421875
2 0.60546875 0.5265625 0.0546875 0.0765625
2 0.59765625 0.60859375 0.0640625 0.065625
2 0.83125 0.80703125 0.0671875 0.053125
2 0.978125 0.58203125 0.04375 0.1453125
1 0.6296875 0.0171875 0.0296875 0.015625
1 0.7421875 0.265625 0.0890625 0.0796875
2 0.7 0.16875 0.0625 0.09375
2 0.809375 0.2640625 0.10625 0.2171875
2 0.8484375 0.146875 0.040625 0.0546875
2 0.88125 0.16953125 0.034375 0.06875
2 0.95 0.184375 0.1 0.125
2 0.9890625 0.22109375 0.021875 0.0609375
2 0.9734375 0.33828125 0.053125 0.0765625
2 0.92890625 0.38671875 0.078125 0.11875
2 0.909375 0.34296875 0.0375 0.040625
2 0.85078125 0.309375 0.071875 0.103125
2 0.709375 0.3875 0.05625 0.096875
2 0.43046875 0.98515625 0.0609375 0.0265625
2 0.91640625 0.98671875 0.0703125 0.0265625
4 0.7046875 0.9453125 0.0921875 0.0609375
2 0.64921875 0.7609375 0.0890625 0.0921875
2 0.42265625 0.9625 0.078125 0.04375
4 0.46796875 0.91484375 0.0171875 0.0234375