4 0.69296875 0.7625 0.053125 0.0640625
4 0.084375 0.86328125 0.053125 0.0515625
4 0.01328125 0.14140625 0.0265625 0.0640625
4 0.646875 0.215625 0.03125 0.03125
2 0.59921875 0.43984375 0.1 0.0453125
0 0.76640625 0.37109375 0.05 0.0296875
0 0.5203125 0.52890625 0.075 0.04375
0 0.53046875 0.6734375 0.078125 0.04375
0 0.678125 0.7109375 0.0515625 0.0328125
2 0.60625 0.7203125 0.0765625 0.0796875
1 0.65859375 0.51328125 0.0578125 0.05625
4 0.47734375 0.28359375 0.0625 0.034375
4 0.690625 0.25234375 0.03125 0.0359375
0 0.28359375 0.553125 0.0515625 0.0390625