2 0.309375 0.2484375 0.0984375 0.196875
2 0.128125 0.18984375 0.0609375 0.06875
2 0.21640625 0.134375 0.0921875 0.1109375
2 0.18046875 0.059375 0.05 0.059375
2 0.2828125 0.43671875 0.05 0.059375
2 0.41953125 0.6375 0.096875 0.0703125
2 0.559375 0.80234375 0.0640625 0.1
2 0.33359375 0.60390625 0.0265625 0.040625
4 0.215625 0.5921875 0.0296875 0.0203125
2 0.4703125 0.371875 0.040625 0.0359375
2 0.390625 0.33984375 0.0375 0.0640625
2 0.63046875 0.65546875 0.0453125 0.0890625
2 0.57890625 0.9875 0.0453125 0.0203125
2 0.15078125 0.70625 0.0640625 0.059375
2 0.1 0.5703125 0.0265625 0.0375
2 0.23828125 0.71953125 0.015625 0.05
2 0.34453125 0.5640625 0.0359375 0.034375
4 0.39375 0.465625 0.053125 0.059375
2 0.29453125 0.6984375 0.046875 0.0765625
2 0.5625 0.3828125 0.0640625 0.0609375