4 0.17109375 0.440625 0.04375 0.0453125
4 0.4421875 0.5765625 0.03125 0.0328125
4 0.3765625 0.59296875 0.04375 0.0265625
4 0.56796875 0.63125 0.0265625 0.0265625
4 0.621875 0.5359375 0.021875 0.0171875
4 0.63671875 0.5203125 0.0390625 0.0359375
4 0.3125 0.48671875 0.0546875 0.0359375
4 0.34296875 0.403125 0.0515625 0.0484375
4 0.31484375 0.38359375 0.0671875 0.0515625
4 0.49609375 0.4375 0.0265625 0.025
4 0.55234375 0.4484375 0.046875 0.025
4 0.57734375 0.46328125 0.025 0.0453125
4 0.559375 0.490625 0.0453125 0.025
1 0.64375 0.49296875 0.04375 0.0421875
1 0.63359375 0.41328125 0.034375 0.0359375
2 0.5953125 0.459375 0.0390625 0.040625
0 0.5515625 0.42421875 0.0375 0.0328125
0 0.57421875 0.4046875 0.040625 0.025
0 0.57734375 0.3828125 0.0390625 0.0328125
0 0.5828125 0.41640625 0.03125 0.0265625
0 0.7125 0.39765625 0.0265625 0.0203125
0 0.6359375 0.571875 0.0203125 0.021875
0 0.440625 0.43515625 0.034375 0.034375
0 0.47265625 0.42890625 0.0359375 0.025
0 0.64921875 0.271875 0.025 0.025
0 0.72109375 0.26484375 0.034375 0.0234375
0 0.74140625 0.1625 0.028125 0.021875
0 0.7625 0.15234375 0.025 0.0234375
4 0.75859375 0.315625 0.021875 0.0171875
4 0.7515625 0.36328125 0.0234375 0.0203125
1 0.88203125 0.2515625 0.0171875 0.025
1 0.49609375 0.7484375 0.0609375 0.08125
2 0.5015625 0.62109375 0.040625 0.040625
0 0.478125 0.61328125 0.0390625 0.0265625