4 0.48515625 0.04140625 0.025 0.0171875
4 0.76953125 0.2625 0.021875 0.0359375
4 0.75390625 0.4671875 0.0359375 0.04375
4 0.7046875 0.68203125 0.0515625 0.08125
4 0.653125 0.7890625 0.05625 0.1078125
4 0.55 0.903125 0.0640625 0.059375
4 0.290625 0.7515625 0.090625 0.0546875
4 0.31171875 0.60625 0.0546875 0.0671875
4 0.1671875 0.30859375 0.021875 0.0234375
0 0.2109375 0.3390625 0.0390625 0.028125
0 0.22734375 0.4015625 0.0359375 0.0453125
0 0.23828125 0.43984375 0.0375 0.04375
0 0.3359375 0.35625 0.0234375 0.0234375
0 0.10234375 0.2953125 0.0234375 0.0265625
0 0.13125 0.278125 0.0234375 0.0203125
0 0.06796875 0.2421875 0.021875 0.0328125
0 0.04609375 0.25078125 0.021875 0.0328125
4 0.07265625 0.140625 0.0265625 0.01875
1 0.10859375 0.22421875 0.0421875 0.0328125
4 0.10546875 0.35859375 0.034375 0.05625
0 0.6359375 0.071875 0.01875 0.0203125
4 0.6359375 0.1171875 0.0140625 0.01875
1 0.76015625 0.14296875 0.0578125 0.0578125
1 0.71484375 0.27109375 0.0671875 0.0609375
0 0.56640625 0.2890625 0.0421875 0.0296875
0 0.57734375 0.3328125 0.0390625 0.025
4 0.63828125 0.4703125 0.046875 0.046875
4 0.63125 0.625 0.05 0.053125
4 0.62421875 0.6484375 0.046875 0.05
2 0.7046875 0.4734375 0.0734375 0.059375
4 0.3046875 0.53515625 0.034375 0.05625
2 0.3265625 0.33359375 0.0453125 0.0453125