2 0.821875 0.8921875 0.2015625 0.184375
2 0.7171875 0.94921875 0.2625 0.1015625
2 0.68125 0.80625 0.0578125 0.084375
2 0.6671875 0.87578125 0.084375 0.1203125
2 0.584375 0.85 0.134375 0.11875
2 0.48125 0.85546875 0.078125 0.075
1 0.29453125 0.9625 0.103125 0.059375
2 0.3140625 0.96328125 0.1640625 0.0625
2 0.353125 0.9078125 0.065625 0.071875
2 0.40390625 0.78671875 0.06875 0.0640625
2 0.24765625 0.7109375 0.0546875 0.0359375
2 0.26171875 0.7984375 0.0234375 0.0328125
4 0.23203125 0.7390625 0.059375 0.046875
4 0.23359375 0.93203125 0.14375 0.1171875
2 0.15078125 0.73671875 0.0734375 0.084375
2 0.0734375 0.69609375 0.146875 0.0828125
2 0.95390625 0.7484375 0.03125 0.0234375
2 0.5765625 0.41171875 0.046875 0.040625
2 0.70625 0.46484375 0.0203125 0.0171875
2 0.3640625 0.43046875 0.0265625 0.0203125