2 0.40859375 0.690625 0.3203125 0.2640625
2 0.63515625 0.92421875 0.075 0.0875
2 0.76796875 0.959375 0.0640625 0.08125
2 0.69609375 0.70703125 0.140625 0.20625
2 0.51796875 0.48984375 0.09375 0.121875
2 0.5421875 0.575 0.1234375 0.0796875
2 0.6296875 0.57265625 0.0609375 0.0734375
2 0.18984375 0.84765625 0.3359375 0.2515625
2 0.42109375 0.7703125 0.04375 0.03125
2 0.44140625 0.4203125 0.0703125 0.0984375
2 0.41796875 0.28984375 0.0765625 0.0640625
2 0.30703125 0.303125 0.1 0.0328125
2 0.29765625 0.34765625 0.0859375 0.0484375
2 0.1421875 0.35234375 0.2078125 0.1296875
2 0.31953125 0.11875 0.0640625 0.059375
2 0.296875 0.2 0.034375 0.025
2 0.1859375 0.0390625 0.0984375 0.0546875
2 0.25234375 0.04765625 0.03125 0.03125
2 0.20625 0.00234375 0.075 0.0046875
4 0.1625 0.22578125 0.1703125 0.11875
1 0.1546875 0.325 0.153125 0.0765625
2 0.89765625 0.278125 0.046875 0.0546875
4 0.94375 0.42421875 0.01875 0.01875
2 0.91875 0.76953125 0.021875 0.025