4 0.36171875 0.36875 0.021875 0.0625
4 0.359375 0.446875 0.03125 0.0234375
4 0.4609375 0.38671875 0.015625 0.021875
4 0.48046875 0.38359375 0.0265625 0.0390625
4 0.51953125 0.4953125 0.0328125 0.03125
4 0.571875 0.690625 0.0421875 0.0359375
4 0.58671875 0.71875 0.04375 0.0515625
4 0.4765625 0.70859375 0.0265625 0.0578125
4 0.5 0.840625 0.0375 0.034375
4 0.54140625 0.56640625 0.0203125 0.021875
4 0.54375 0.5109375 0.0171875 0.04375
4 0.53515625 0.48046875 0.04375 0.0171875
1 0.23671875 0.49765625 0.071875 0.053125
2 0.36484375 0.52109375 0.0359375 0.0359375
0 0.3734375 0.55390625 0.0203125 0.0359375
4 0.37890625 0.6359375 0.01875 0.0328125
1 0.509375 0.378125 0.0390625 0.0390625
1 0.59609375 0.4015625 0.0328125 0.0265625
2 0.546875 0.4515625 0.0359375 0.03125
0 0.57265625 0.51796875 0.0296875 0.0296875
0 0.5890625 0.47734375 0.028125 0.0296875
0 0.5953125 0.49921875 0.0171875 0.0375
0 0.62734375 0.5 0.0296875 0.03125
0 0.55078125 0.58515625 0.021875 0.0265625
0 0.61640625 0.3484375 0.0140625 0.01875
0 0.55078125 0.60703125 0.0296875 0.0265625
0 0.75234375 0.3625 0.0171875 0.0265625
0 0.73671875 0.40703125 0.0234375 0.0171875
0 0.85859375 0.36875 0.0203125 0.0234375
0 0.8734375 0.35 0.0171875 0.0234375
1 0.79609375 0.19921875 0.021875 0.0140625
4 0.7078125 0.3234375 0.0125 0.015625
4 0.6546875 0.31640625 0.0171875 0.021875
0 0.42890625 0.3671875 0.0171875 0.0171875