2 0.71953125 0.9015625 0.1578125 0.1578125
2 0.67890625 0.63984375 0.128125 0.1203125
2 0.840625 0.77578125 0.0390625 0.0859375
2 0.7984375 0.7015625 0.1109375 0.0890625
2 0.96875 0.440625 0.0625 0.08125
2 0.428125 0.7109375 0.040625 0.0484375
2 0.540625 0.76484375 0.0515625 0.0734375
2 0.59296875 0.64453125 0.090625 0.11875
2 0.46328125 0.84453125 0.0734375 0.0890625
2 0.7140625 0.7578125 0.146875 0.15
2 0.85859375 0.878125 0.08125 0.1484375
4 0.8140625 0.85703125 0.0296875 0.0375
4 0.94375 0.9109375 0.084375 0.0609375
4 0.5265625 0.5796875 0.0421875 0.0609375
4 0.48671875 0.61640625 0.034375 0.0296875
4 0.9734375 0.34765625 0.028125 0.078125
2 0.61875 0.33359375 0.059375 0.0671875
2 0.63203125 0.87109375 0.028125 0.040625
2 0.384375 0.57421875 0.0265625 0.05
2 0.39921875 0.340625 0.0625 0.1
2 0.5265625 0.6578125 0.05 0.0859375
2 0.56015625 0.50390625 0.0234375 0.03125
2 0.428125 0.6609375 0.01875 0.0265625
2 0.48984375 0.39765625 0.1 0.1546875
2 0.540625 0.51328125 0.084375 0.115625
2 0.478125 0.56484375 0.08125 0.096875
2 0.49296875 0.7078125 0.059375 0.0671875
2 0.48671875 0.64375 0.03125 0.04375
2 0.59921875 0.93125 0.115625 0.13125
4 0.9921875 0.90859375 0.015625 0.0390625