0 0.92265625 0.4078125 0.01875 0.01875
4 0.91640625 0.5609375 0.021875 0.021875
4 0.57734375 0.36328125 0.0421875 0.0453125
4 0.45390625 0.3875 0.0609375 0.0453125
4 0.45390625 0.40625 0.0546875 0.0484375
4 0.39609375 0.31640625 0.0953125 0.05625
4 0.3234375 0.3890625 0.084375 0.053125
4 0.30625 0.6046875 0.0875 0.0796875
4 0.42421875 0.61328125 0.0625 0.0671875
0 0.7125 0.45078125 0.040625 0.0375
0 0.728125 0.49453125 0.0328125 0.0390625
0 0.68828125 0.91796875 0.0234375 0.03125
0 0.6953125 0.890625 0.034375 0.034375
0 0.625 0.83984375 0.034375 0.03125
0 0.5921875 0.76015625 0.0359375 0.0234375
0 0.69375 0.8125 0.034375 0.03125
0 0.5625 0.69453125 0.0484375 0.0359375
0 0.52265625 0.7015625 0.0421875 0.0421875
4 0.784375 0.93046875 0.0234375 0.0265625
1 0.7046875 0.86328125 0.0375 0.04375
4 0.65859375 0.79140625 0.028125 0.0265625
2 0.63671875 0.6796875 0.0609375 0.046875
0 0.62578125 0.6484375 0.028125 0.01875
0 0.5078125 0.72734375 0.03125 0.021875
4 0.47265625 0.61328125 0.0484375 0.0453125
4 0.5453125 0.8296875 0.053125 0.0625
4 0.17109375 0.4109375 0.0671875 0.0546875
1 0.7640625 0.34921875 0.05625 0.05625
1 0.86015625 0.3015625 0.0546875 0.059375
4 0.7515625 0.30234375 0.0375 0.046875
4 0.553125 0.253125 0.05 0.0390625