3 0.2140625 0.7578125 0.0328125 0.0703125
2 0.346875 0.6484375 0.084375 0.090625
2 0.36796875 0.56640625 0.06875 0.0765625
4 0.56171875 0.646875 0.071875 0.1125
2 0.86796875 0.49765625 0.11875 0.1109375
2 0.76015625 0.41328125 0.146875 0.1625
2 0.98203125 0.5046875 0.0359375 0.215625
2 0.8171875 0.05546875 0.1890625 0.0953125
2 0.78828125 0.2234375 0.1515625 0.2109375
4 0.92890625 0.2203125 0.06875 0.0796875
4 0.97734375 0.10859375 0.0453125 0.0921875
4 0.934375 0.42578125 0.0453125 0.05
1 0.95078125 0.35078125 0.0984375 0.1140625
1 0.90078125 0.44296875 0.0296875 0.0515625
1 0.84609375 0.11796875 0.0359375 0.0453125