2 0.92421875 0.66171875 0.0390625 0.046875
0 0.8953125 0.6703125 0.03125 0.040625
0 0.72734375 0.79375 0.0328125 0.0484375
0 0.58515625 0.57890625 0.0328125 0.040625
4 0.79453125 0.55703125 0.046875 0.065625
0 0.58359375 0.49140625 0.034375 0.0453125
4 0.5328125 0.57890625 0.059375 0.046875
4 0.5390625 0.54921875 0.0359375 0.0453125
4 0.49765625 0.6734375 0.0390625 0.0484375
0 0.50234375 0.640625 0.0421875 0.0375
2 0.4046875 0.67109375 0.075 0.084375
4 0.43828125 0.50390625 0.028125 0.0359375
1 0.3421875 0.25 0.0640625 0.0375
4 0.20703125 0.78515625 0.0296875 0.053125
1 0.26796875 0.42890625 0.0484375 0.0421875
1 0.20234375 0.31875 0.0203125 0.034375
4 0.3359375 0.06328125 0.015625 0.0171875