0 0.246875 0.63984375 0.0515625 0.03125
0 0.4515625 0.65390625 0.0375 0.0296875
0 0.92734375 0.50625 0.0125 0.0171875
0 0.22109375 0.4484375 0.053125 0.0375
4 0.29921875 0.91875 0.053125 0.0375
4 0.4234375 0.8390625 0.0375 0.0375
4 0.38984375 0.93203125 0.0328125 0.01875
0 0.284375 0.30625 0.0484375 0.046875
4 0.2859375 0.27890625 0.0296875 0.053125
2 0.23125 0.3640625 0.05625 0.059375
1 0.31171875 0.4890625 0.0578125 0.06875
1 0.61171875 0.4296875 0.0546875 0.0484375
1 0.9421875 0.4828125 0.0171875 0.0390625
4 0.8328125 0.4453125 0.0140625 0.0109375
2 0.246875 0.67265625 0.0390625 0.0390625