2 0.32734375 0.12265625 0.0671875 0.078125
2 0.50546875 0.26484375 0.1453125 0.159375
2 0.6078125 0.115625 0.05 0.103125
2 0.6234375 0.278125 0.0296875 0.0515625
2 0.334375 0.3140625 0.2046875 0.1421875
4 0.3390625 0.37734375 0.103125 0.0734375
2 0.14375 0.3578125 0.0796875 0.084375
4 0.0609375 0.2828125 0.121875 0.05
2 0.47734375 0.303125 0.090625 0.0703125
2 0.55859375 0.20390625 0.040625 0.04375
2 0.7890625 0.378125 0.0546875 0.0765625
2 0.8796875 0.70234375 0.0984375 0.15
2 0.7921875 0.95234375 0.0984375 0.0484375