2 0.1546875 0.62265625 0.309375 0.2578125
2 0.36640625 0.71328125 0.16875 0.2046875
2 0.29453125 0.95703125 0.1 0.0796875
2 0.209375 0.8984375 0.0640625 0.0859375
2 0.346875 0.4796875 0.1171875 0.11875
2 0.39765625 0.58046875 0.08125 0.0640625
2 0.09375 0.69453125 0.05 0.025
2 0.0234375 0.66328125 0.046875 0.0609375
2 0.3125 0.40546875 0.053125 0.0703125
2 0.3609375 0.26953125 0.0484375 0.0703125
1 0.10859375 0.2125 0.1453125 0.1
2 0.09140625 0.24140625 0.1734375 0.1671875
2 0.23203125 0.28515625 0.0796875 0.0578125
2 0.26015625 0.24765625 0.0921875 0.0484375
2 0.3109375 0.15703125 0.03125 0.021875
4 0.146875 0.14609375 0.15625 0.140625
2 0.7875 0.4015625 0.040625 0.0484375
2 0.753125 0.54609375 0.0125 0.021875
2 0.69765625 0.1703125 0.021875 0.028125
2 0.53984375 0.840625 0.021875 0.028125
4 0.509375 0.95390625 0.040625 0.0375
2 0.37421875 0.0890625 0.0296875 0.059375
4 0.33359375 0.09765625 0.0515625 0.0734375
2 0.30859375 0.009375 0.0328125 0.01875
2 0.34609375 0.0109375 0.0234375 0.021875