2 0.0125 0.44453125 0.025 0.0828125
2 0.02734375 0.671875 0.0546875 0.075
2 0.2609375 0.6078125 0.0953125 0.1140625
2 0.26171875 0.53671875 0.0609375 0.0671875
2 0.55390625 0.40390625 0.03125 0.040625
2 0.69609375 0.2734375 0.0484375 0.0765625
2 0.46484375 0.7703125 0.05 0.0546875
2 0.49609375 0.7921875 0.0515625 0.096875
2 0.153125 0.79453125 0.115625 0.1640625
2 0.1109375 0.92421875 0.0578125 0.046875
4 0.30625 0.25234375 0.03125 0.0796875
2 0.52265625 0.64453125 0.046875 0.0703125
2 0.88359375 0.79921875 0.034375 0.0890625