0 0.51484375 0.6421875 0.0296875 0.0171875
0 0.44609375 0.46640625 0.0328125 0.0296875
0 0.4640625 0.44921875 0.0296875 0.0171875
0 0.5125 0.4375 0.03125 0.0265625
0 0.53671875 0.428125 0.0265625 0.0171875
0 0.521875 0.4125 0.0328125 0.0171875
0 0.64453125 0.58046875 0.0109375 0.015625
4 0.6234375 0.54609375 0.01875 0.0171875
4 0.63359375 0.52734375 0.0359375 0.025
4 0.5375 0.5109375 0.0265625 0.0296875
4 0.54140625 0.47734375 0.025 0.040625
4 0.51953125 0.46171875 0.0328125 0.0171875
4 0.478125 0.44140625 0.0234375 0.0140625
4 0.3609375 0.43828125 0.0484375 0.0359375
4 0.3296875 0.4203125 0.0625 0.04375
4 0.353125 0.52265625 0.0546875 0.028125
4 0.5796875 0.64609375 0.021875 0.0234375
4 0.48828125 0.61015625 0.0328125 0.025
4 0.434375 0.63046875 0.0390625 0.021875
4 0.21171875 0.4765625 0.034375 0.0375
1 0.54296875 0.771875 0.0296875 0.0703125
1 0.84296875 0.22109375 0.0171875 0.0234375
1 0.62265625 0.42109375 0.0359375 0.0328125
1 0.63515625 0.5015625 0.0296875 0.0328125
2 0.56015625 0.46796875 0.0421875 0.028125
0 0.66796875 0.3921875 0.021875 0.0171875
0 0.653125 0.25546875 0.025 0.015625
0 0.6015625 0.27421875 0.01875 0.021875
0 0.67109375 0.15390625 0.025 0.015625
0 0.69140625 0.14296875 0.0234375 0.01875
4 0.7078125 0.35390625 0.021875 0.0171875
4 0.70859375 0.3078125 0.021875 0.0140625
0 0.51953125 0.38828125 0.0265625 0.0171875