4 0.83515625 0.48515625 0.0421875 0.04375
4 0.55546875 0.603125 0.0296875 0.0328125
4 0.61953125 0.62421875 0.04375 0.0234375
4 0.42578125 0.64765625 0.025 0.025
4 0.378125 0.54921875 0.0203125 0.015625
4 0.365625 0.53359375 0.0375 0.0328125
4 0.69140625 0.521875 0.053125 0.0328125
4 0.66640625 0.4359375 0.05 0.0453125
4 0.6953125 0.41875 0.065625 0.0484375
4 0.51015625 0.46015625 0.025 0.0234375
4 0.45390625 0.4671875 0.0453125 0.0234375
4 0.428125 0.48046875 0.021875 0.0453125
4 0.44453125 0.509375 0.04375 0.0234375
1 0.3609375 0.50546875 0.040625 0.040625
1 0.37578125 0.4265625 0.0328125 0.034375
2 0.4109375 0.47421875 0.0375 0.0390625
0 0.45625 0.44375 0.0359375 0.03125
0 0.43515625 0.42265625 0.0390625 0.021875
0 0.43359375 0.4 0.0375 0.03125
0 0.4265625 0.43359375 0.0296875 0.025
0 0.2984375 0.4046875 0.0265625 0.01875
0 0.3625 0.58359375 0.01875 0.021875
0 0.5671875 0.4609375 0.0328125 0.0328125
0 0.53515625 0.453125 0.0359375 0.021875
0 0.36953125 0.28359375 0.0234375 0.0234375
0 0.2984375 0.27109375 0.0328125 0.0203125
0 0.2859375 0.16875 0.0265625 0.0203125
0 0.265625 0.15625 0.0234375 0.021875
4 0.2578125 0.31953125 0.0203125 0.015625
4 0.26171875 0.36796875 0.0234375 0.01875
1 0.1390625 0.246875 0.015625 0.0234375
1 0.48984375 0.77109375 0.0578125 0.078125
2 0.49375 0.6421875 0.0390625 0.0390625
0 0.5171875 0.63671875 0.0390625 0.025