1 0.71953125 0.459375 0.0734375 0.046875
1 0.309375 0.3828125 0.0328125 0.034375
1 0.41796875 0.35859375 0.0515625 0.0421875
1 0.13125 0.15859375 0.025 0.0203125
4 0.4203125 0.44296875 0.0421875 0.0359375
4 0.4171875 0.47734375 0.0359375 0.0421875
4 0.3515625 0.6796875 0.0375 0.0765625
4 0.37734375 0.64375 0.05 0.0265625
4 0.47109375 0.796875 0.0359375 0.0421875
4 0.4765625 0.68046875 0.0296875 0.0640625
2 0.5828125 0.46328125 0.0421875 0.0328125
4 0.59609375 0.428125 0.0140625 0.03125
4 0.5640625 0.60234375 0.01875 0.0375
4 0.47734375 0.371875 0.01875 0.0234375
4 0.25859375 0.27890625 0.0109375 0.028125
4 0.2 0.29921875 0.0140625 0.025
0 0.29375 0.3203125 0.0109375 0.025
0 0.04609375 0.35078125 0.015625 0.0265625
0 0.02734375 0.32890625 0.0171875 0.028125
0 0.15625 0.353125 0.0171875 0.025
0 0.18125 0.3953125 0.021875 0.021875
0 0.30234375 0.478125 0.0328125 0.0359375
0 0.34140625 0.47265625 0.0203125 0.0375
0 0.36015625 0.453125 0.028125 0.0203125
0 0.36484375 0.4828125 0.0328125 0.0296875
0 0.38203125 0.55859375 0.0328125 0.034375
0 0.4171875 0.52265625 0.0171875 0.034375
0 0.5796875 0.503125 0.0171875 0.0453125
0 0.5 0.3578125 0.01875 0.015625
4 0.44375 0.5015625 0.0234375 0.025
4 0.3921875 0.421875 0.0421875 0.0296875