3 0.73046875 0.2140625 0.0671875 0.034375
2 0.634375 0.34609375 0.090625 0.084375
2 0.55625 0.36953125 0.0765625 0.06875
4 0.6421875 0.55 0.1109375 0.075
2 0.515625 0.84921875 0.1109375 0.11875
2 0.43046875 0.75 0.1609375 0.146875
2 0.52890625 0.96796875 0.2078125 0.0640625
2 0.08046875 0.8234375 0.1234375 0.1875
2 0.25078125 0.7859375 0.2078125 0.1546875
4 0.25546875 0.91953125 0.0796875 0.06875
4 0.15390625 0.97421875 0.0921875 0.0515625
4 0.45078125 0.915625 0.05 0.046875
1 0.38125 0.9421875 0.115625 0.115625
1 0.465625 0.8828125 0.0484375 0.0296875
1 0.153125 0.846875 0.0453125 0.0359375