4 0.39765625 0.69296875 0.08125 0.0640625
4 0.6796875 0.5796875 0.1140625 0.0703125
4 0.74609375 0.85703125 0.0953125 0.04375
4 0.12578125 0.940625 0.034375 0.034375
4 0.23828125 0.82890625 0.0703125 0.028125
4 0.2984375 0.7171875 0.05 0.0421875
4 0.15390625 0.8890625 0.0390625 0.0359375
4 0.08671875 0.9359375 0.0453125 0.01875
0 0.09140625 0.6265625 0.040625 0.021875
0 0.075 0.59375 0.0453125 0.028125
0 0.296875 0.5390625 0.059375 0.034375
0 0.3234375 0.509375 0.0671875 0.03125
0 0.3421875 0.2734375 0.065625 0.034375
2 0.20703125 0.34375 0.0421875 0.05625
4 0.23828125 0.35859375 0.0421875 0.05
2 0.1765625 0.54921875 0.06875 0.0375