2 0.715625 0.684375 0.053125 0.0984375
2 0.5875 0.54296875 0.05 0.06875
2 0.57890625 0.68828125 0.09375 0.1234375
2 0.5875 0.64765625 0.0984375 0.103125
2 0.56171875 0.5796875 0.0453125 0.0390625
2 0.371875 0.49921875 0.05 0.075
2 0.375 0.58125 0.0609375 0.0625
2 0.13203125 0.7671875 0.065625 0.05
2 0.00703125 0.534375 0.0140625 0.14375
1 0.24921875 0.23125 0.084375 0.0765625
2 0.29609375 0.1375 0.0578125 0.0921875
2 0.1828125 0.22578125 0.0953125 0.2140625
2 0.15 0.1078125 0.0390625 0.053125
2 0.115625 0.12734375 0.03125 0.0671875
2 0.04609375 0.13828125 0.0921875 0.1203125
2 0.00703125 0.171875 0.0140625 0.059375
2 0.01875 0.290625 0.0375 0.075
2 0.05625 0.34140625 0.0734375 0.115625
2 0.078125 0.29921875 0.0359375 0.0390625
2 0.13828125 0.26875 0.0671875 0.1
2 0.27578125 0.3546875 0.0515625 0.09375
2 0.52265625 0.9765625 0.0609375 0.046875
2 0.78671875 0.975 0.0296875 0.0234375
2 0.04609375 0.965625 0.0484375 0.06875
4 0.25078125 0.91171875 0.090625 0.05625
2 0.315625 0.73046875 0.0859375 0.0890625
2 0.5328125 0.94375 0.0765625 0.0390625
4 0.48828125 0.89296875 0.0171875 0.0234375