2 0.68125 0.27109375 0.0484375 0.0375
2 0.63203125 0.32578125 0.078125 0.0671875
4 0.4359375 0.2140625 0.0734375 0.0421875
1 0.1109375 0.04921875 0.0625 0.0359375
3 0.046875 0.103125 0.0546875 0.0375
3 0.25234375 0.4390625 0.1234375 0.053125
3 0.3234375 0.1859375 0.0484375 0.0578125
3 0.553125 0.121875 0.0484375 0.0703125
1 0.48984375 0.33125 0.08125 0.0765625
4 0.97890625 0.22890625 0.0421875 0.0796875
2 0.98359375 0.32421875 0.0328125 0.1015625
2 0.90078125 0.25234375 0.04375 0.0765625
4 0.9296875 0.75546875 0.10625 0.1125