4 0.53671875 0.384375 0.025 0.0203125
4 0.50859375 0.47890625 0.03125 0.028125
4 0.53828125 0.56640625 0.034375 0.028125
4 0.43515625 0.634375 0.0359375 0.021875
4 0.46328125 0.71953125 0.05 0.0359375
4 0.43828125 0.75859375 0.075 0.0421875
4 0.51640625 0.7140625 0.06875 0.040625
4 0.49375 0.6921875 0.0359375 0.0484375
4 0.39765625 0.64609375 0.028125 0.028125
4 0.98359375 0.4671875 0.015625 0.0234375
0 0.94453125 0.478125 0.0234375 0.0203125
0 0.95546875 0.45078125 0.01875 0.025
1 0.88359375 0.43203125 0.0390625 0.0203125
4 0.83671875 0.528125 0.01875 0.025
0 0.79375 0.52421875 0.0265625 0.0265625
0 0.76640625 0.50859375 0.028125 0.025
4 0.73671875 0.49921875 0.040625 0.0328125
0 0.70625 0.5125 0.0203125 0.0359375
0 0.678125 0.59765625 0.0234375 0.034375
2 0.77734375 0.496875 0.028125 0.03125
0 0.59921875 0.4765625 0.0296875 0.0234375
0 0.60390625 0.46015625 0.028125 0.025
0 0.56328125 0.31875 0.0171875 0.0171875
2 0.3640625 0.5921875 0.046875 0.03125
1 0.38203125 0.4875 0.0453125 0.0421875
1 0.2640625 0.4859375 0.0625 0.04375
4 0.3421875 0.49453125 0.021875 0.0203125
0 0.384375 0.37421875 0.0203125 0.01875
4 0.4125 0.975 0.05 0.0421875