0 0.740625 0.39375 0.053125 0.0328125
0 0.53203125 0.38046875 0.0375 0.0296875
0 0.04296875 0.53125 0.0125 0.0171875
0 0.7671875 0.590625 0.0546875 0.0375
4 0.6859375 0.1078125 0.0546875 0.0375
4 0.559375 0.190625 0.0390625 0.0390625
4 0.59453125 0.09453125 0.0328125 0.01875
0 0.70234375 0.73671875 0.0484375 0.0484375
4 0.7 0.76328125 0.03125 0.053125
2 0.75625 0.67734375 0.05625 0.059375
1 0.67421875 0.5484375 0.0578125 0.06875
1 0.3671875 0.609375 0.0546875 0.05
1 0.02890625 0.5546875 0.0171875 0.0390625
4 0.140625 0.59375 0.0140625 0.0125
2 0.74140625 0.3609375 0.0390625 0.040625