0 0.621875 0.6015625 0.0265625 0.0265625
0 0.45234375 0.91953125 0.0359375 0.059375
0 0.59453125 0.821875 0.0328125 0.0546875
0 0.31171875 0.84765625 0.0375 0.0515625
4 0.29375 0.82265625 0.0546875 0.040625
4 0.84609375 0.67109375 0.0265625 0.0453125
4 0.78671875 0.58671875 0.0171875 0.0265625
4 0.81640625 0.6046875 0.01875 0.0265625
4 0.5703125 0.24296875 0.0390625 0.0546875
4 0.421875 0.29296875 0.0140625 0.015625
1 0.4609375 0.20546875 0.0359375 0.015625
0 0.4796875 0.22734375 0.015625 0.0109375
1 0.41484375 0.48359375 0.046875 0.05
1 0.47578125 0.76484375 0.0546875 0.0578125
2 0.62578125 0.86484375 0.05 0.075
2 0.35703125 0.91640625 0.05625 0.0640625