2 0.73359375 0.85859375 0.065625 0.05625
2 0.63671875 0.87421875 0.040625 0.04375
2 0.3765625 0.8875 0.1125 0.159375
2 0.35 0.80625 0.053125 0.05
2 0.43984375 0.80703125 0.115625 0.084375
2 0.640625 0.9703125 0.04375 0.0375
2 0.33359375 0.9609375 0.08125 0.0421875
2 0.1078125 0.603125 0.0859375 0.0796875
2 0.22109375 0.73046875 0.2046875 0.165625
2 0.05625 0.89453125 0.0828125 0.0296875
2 0.203125 0.90234375 0.065625 0.0453125
2 0.1140625 0.8953125 0.0578125 0.046875
2 0.14609375 0.9109375 0.0359375 0.03125
2 0.253125 0.93671875 0.0359375 0.034375
2 0.21953125 0.9328125 0.021875 0.0171875
2 0.1078125 0.8921875 0.0234375 0.0234375
2 0.19375 0.83671875 0.04375 0.028125