4 0.41640625 0.2515625 0.0203125 0.03125
4 0.3984375 0.1875 0.03125 0.0234375
4 0.353125 0.20859375 0.0625 0.0234375
0 0.45078125 0.42421875 0.0328125 0.03125
0 0.125 0.64296875 0.0625 0.0328125
0 0.19140625 0.46328125 0.05625 0.0296875
2 0.15078125 0.43828125 0.0796875 0.0546875
2 0.15390625 0.73671875 0.0671875 0.05625
1 0.2984375 0.5890625 0.0671875 0.0578125
0 0.2296875 0.7796875 0.0546875 0.0390625
0 0.87109375 0.51328125 0.009375 0.015625
1 0.88984375 0.5359375 0.0171875 0.0375
4 0.80078125 0.5953125 0.01875 0.009375
1 0.59140625 0.63671875 0.0453125 0.0453125
4 0.25546875 0.796875 0.0359375 0.05625