2 0.5859375 0.25234375 0.1671875 0.15625
2 0.6390625 0.29765625 0.0421875 0.059375
2 0.63203125 0.3875 0.1015625 0.1015625
2 0.4796875 0.18984375 0.075 0.034375
2 0.3828125 0.22109375 0.0359375 0.025
2 0.36171875 0.41796875 0.06875 0.0640625
2 0.74140625 0.803125 0.2375 0.2984375
2 0.80625 0.7546875 0.0734375 0.1703125
4 0.88359375 0.934375 0.0609375 0.071875
2 0.290625 0.03671875 0.084375 0.046875
2 0.090625 0.05234375 0.059375 0.0359375
2 0.06875 0.10703125 0.0875 0.0421875
4 0.446875 0.37421875 0.0703125 0.05625