2 0.653125 0.428125 0.190625 0.2359375
2 0.6921875 0.5890625 0.0578125 0.0515625
2 0.7640625 0.55078125 0.065625 0.090625
2 0.5125 0.775 0.0546875 0.0578125
2 0.534375 0.65390625 0.0578125 0.0640625
2 0.2390625 0.6828125 0.0828125 0.0734375
2 0.509375 0.93671875 0.134375 0.1265625
2 0.49453125 0.84375 0.08125 0.1046875
2 0.39609375 0.85234375 0.065625 0.075
2 0.77890625 0.284375 0.0234375 0.028125
2 0.69921875 0.16953125 0.0296875 0.0265625
2 0.84921875 0.22890625 0.04375 0.0390625
2 0.6 0.19453125 0.0375 0.025