2 0.40703125 0.5421875 0.2078125 0.18125
2 0.5734375 0.7296875 0.0734375 0.0765625
2 0.63515625 0.96640625 0.103125 0.0640625
2 0.4046875 0.9828125 0.121875 0.034375
2 0.43046875 0.890625 0.0421875 0.0421875
4 0.47109375 0.78984375 0.0640625 0.0953125
2 0.41484375 0.67578125 0.0859375 0.1046875
2 0.25234375 0.56328125 0.0515625 0.065625
4 0.2515625 0.92578125 0.171875 0.1484375
2 0.975 0.328125 0.0328125 0.0375
1 0.3671875 0.9421875 0.01875 0.01875
2 0.59375 0.8859375 0.021875 0.0234375
4 0.6265625 0.77578125 0.0171875 0.028125