2 0.51875 0.2921875 0.125 0.1375
2 0.4640625 0.078125 0.18125 0.15625
2 0.7125 0.128125 0.340625 0.25625
2 0.90703125 0.059375 0.1578125 0.11875
4 0.7625 0.025 0.0453125 0.0265625
2 0.528125 0.50703125 0.059375 0.0734375
2 0.53046875 0.68203125 0.0390625 0.059375
4 0.571875 0.66953125 0.0484375 0.0640625
2 0.61171875 0.76328125 0.0875 0.071875
2 0.60703125 0.85859375 0.1328125 0.1484375
4 0.753125 0.61328125 0.1546875 0.1359375
1 0.790625 0.53203125 0.140625 0.0953125
2 0.80078125 0.5125 0.1734375 0.1640625
2 0.64140625 0.50625 0.1109375 0.096875
2 0.56328125 0.37578125 0.0703125 0.0796875