4 0.209375 0.73515625 0.0671875 0.0734375
2 0.35390625 0.91796875 0.1703125 0.15
2 0.05703125 0.88203125 0.1140625 0.0984375
2 0.66015625 0.86171875 0.1171875 0.1
2 0.66796875 0.94921875 0.090625 0.059375
2 0.590625 0.82890625 0.1234375 0.090625
2 0.45078125 0.79921875 0.0984375 0.078125
2 0.525 0.7859375 0.084375 0.0859375
4 0.609375 0.7734375 0.0828125 0.0390625
1 0.2625 0.5625 0.053125 0.0421875
2 0.28828125 0.61953125 0.0609375 0.0671875
2 0.2265625 0.61171875 0.0671875 0.06875
2 0.27578125 0.74296875 0.103125 0.059375
2 0.01328125 0.428125 0.021875 0.0328125
2 0.06796875 0.61953125 0.1359375 0.1140625
4 0.490625 0.9609375 0.121875 0.078125
2 0.5203125 0.91484375 0.059375 0.046875
2 0.25390625 0.80859375 0.040625 0.0515625
2 0.2625 0.95234375 0.0453125 0.0296875
2 0.078125 0.765625 0.1453125 0.121875
2 0.00703125 0.5109375 0.0140625 0.065625
2 0.146875 0.61015625 0.14375 0.134375
2 0.59296875 0.65703125 0.040625 0.0234375
2 0.24765625 0.884375 0.071875 0.084375