4 0.284375 0.2359375 0.0921875 0.103125
4 0.3375 0.32109375 0.0671875 0.078125
2 0.5125 0.65234375 0.0796875 0.05625
2 0.53671875 0.3390625 0.06875 0.0890625
2 0.440625 0.34140625 0.0859375 0.09375
2 0.50625 0.171875 0.0765625 0.0984375
2 0.54140625 0.27421875 0.08125 0.0921875
2 0.4203125 0.021875 0.06875 0.04375
2 0.40859375 0.06875 0.04375 0.0640625
1 0.15 0.69453125 0.059375 0.0671875
4 0.0625 0.6234375 0.04375 0.065625
2 0.85625 0.42734375 0.05 0.065625
2 0.6 0.403125 0.0484375 0.053125
4 0.7171875 0.75703125 0.1859375 0.2375
4 0.5640625 0.02265625 0.121875 0.0453125
4 0.6046875 0.57265625 0.0578125 0.0546875