2 0.56796875 0.0953125 0.0875 0.1140625
2 0.5328125 0.325 0.153125 0.190625
2 0.74765625 0.35234375 0.2921875 0.240625
2 0.91171875 0.2234375 0.1765625 0.203125
4 0.78515625 0.25625 0.0375 0.028125
4 0.659375 0.14140625 0.0625 0.075
2 0.625 0.53125 0.0921875 0.1265625
2 0.6125 0.45625 0.1171875 0.084375
2 0.53203125 0.4625 0.0796875 0.0609375
2 0.6890625 0.6078125 0.0609375 0.0671875
2 0.64296875 0.7203125 0.0796875 0.0640625
2 0.790625 0.71640625 0.0734375 0.0484375
2 0.9109375 0.71171875 0.1734375 0.1515625
1 0.90703125 0.7265625 0.1453125 0.0875
4 0.88359375 0.84765625 0.159375 0.1375
2 0.72421875 0.8515625 0.03125 0.028125
2 0.64140625 0.90390625 0.0421875 0.0625
2 0.71875 0.9828125 0.103125 0.034375
4 0.6859375 0.90703125 0.0609375 0.065625
2 0.76015625 0.7625 0.0953125 0.0421875
4 0.5953125 0.85234375 0.0125 0.0203125
2 0.153125 0.7140625 0.0390625 0.05625
4 0.16484375 0.565625 0.015625 0.021875