4 0.396875 0.79140625 0.0359375 0.021875
2 0.40703125 0.8453125 0.0234375 0.0296875
2 0.36484375 0.8703125 0.015625 0.0203125
1 0.4234375 0.75078125 0.025 0.0234375
4 0.39140625 0.74921875 0.0125 0.0171875
4 0.60234375 0.8828125 0.075 0.0390625
1 0.5515625 0.909375 0.0234375 0.025
1 0.74296875 0.73984375 0.0046875 0.003125
1 0.72421875 0.73203125 0.04375 0.0375
3 0.7640625 0.678125 0.0953125 0.040625
4 0.35234375 0.825 0.0171875 0.025
3 0.39765625 0.52890625 0.0265625 0.025
0 0.42578125 0.66796875 0.0140625 0.0125
3 0.49921875 0.64609375 0.01875 0.040625
3 0.53671875 0.59765625 0.021875 0.0203125
1 0.51875 0.5734375 0.028125 0.040625
1 0.9734375 0.878125 0.053125 0.071875