2 0.21484375 0.38359375 0.2125 0.0625
2 0.328125 0.59296875 0.06875 0.06875
4 0.3875 0.63515625 0.01875 0.0125
4 0.37109375 0.85625 0.034375 0.090625
4 0.08671875 0.9125 0.046875 0.1125
4 0.39921875 0.77421875 0.0328125 0.03125
2 0.353125 0.428125 0.0375 0.01875
2 0.46015625 0.3921875 0.0359375 0.015625
4 0.48359375 0.40703125 0.025 0.021875
2 0.5671875 0.43828125 0.096875 0.040625
2 0.58203125 0.559375 0.134375 0.0875
2 0.66953125 0.5890625 0.034375 0.0421875
4 0.70546875 0.5671875 0.0625 0.04375
4 0.6796875 0.4421875 0.0328125 0.01875
2 0.675 0.7734375 0.06875 0.0515625
2 0.7546875 0.78515625 0.071875 0.05
4 0.63984375 0.9296875 0.059375 0.05
2 0.8953125 0.9015625 0.103125 0.05625
2 0.959375 0.98671875 0.078125 0.0265625
1 0.990625 0.9515625 0.01875 0.090625
2 0.5296875 0.81015625 0.08125 0.06875
2 0.48984375 0.97734375 0.046875 0.0453125