0 0.41796875 0.396875 0.028125 0.028125
0 0.09140625 0.609375 0.059375 0.0328125
0 0.1828125 0.44609375 0.059375 0.028125
0 0.18203125 0.75390625 0.053125 0.034375
4 0.2109375 0.7703125 0.0390625 0.05625
4 0.32109375 0.1625 0.046875 0.025
4 0.41796875 0.21796875 0.028125 0.0171875
4 0.39609375 0.18828125 0.028125 0.01875
4 0.80703125 0.41953125 0.05625 0.0375
4 0.76796875 0.5828125 0.015625 0.0125
1 0.8578125 0.5328125 0.0125 0.0375
0 0.8328125 0.5140625 0.0109375 0.015625
1 0.56328125 0.60859375 0.0515625 0.0453125
1 0.25546875 0.56953125 0.0578125 0.053125
2 0.13359375 0.4171875 0.078125 0.046875
2 0.10390625 0.7109375 0.0640625 0.05625