2 0.3125 0.70859375 0.05 0.0953125
2 0.425 0.56015625 0.0484375 0.065625
2 0.44609375 0.70078125 0.090625 0.11875
2 0.43359375 0.66171875 0.09375 0.1
2 0.45234375 0.59375 0.04375 0.0375
2 0.63046875 0.49921875 0.05 0.0703125
2 0.634375 0.57890625 0.0578125 0.0609375
2 0.8859375 0.7390625 0.0640625 0.046875
2 0.990625 0.503125 0.01875 0.140625
1 0.5828125 0.00546875 0.028125 0.0109375
1 0.7265625 0.2296875 0.08125 0.075
2 0.67265625 0.1421875 0.05625 0.0890625
2 0.79140625 0.21796875 0.0890625 0.20625
2 0.81171875 0.10078125 0.0359375 0.0515625
2 0.846875 0.1171875 0.0296875 0.0640625
2 0.91640625 0.12265625 0.0921875 0.115625
2 0.9671875 0.15078125 0.0359375 0.0578125
2 0.96171875 0.2671875 0.05 0.0703125
2 0.92265625 0.3203125 0.06875 0.1125
2 0.8984375 0.28046875 0.0359375 0.0375
2 0.83671875 0.25625 0.0640625 0.0953125
2 0.71171875 0.35078125 0.0484375 0.0921875
2 0.5234375 0.9765625 0.0578125 0.0453125
2 0.26796875 0.9921875 0.0296875 0.015625
2 0.98203125 0.93203125 0.0359375 0.0859375
4 0.7828125 0.88984375 0.0875 0.053125
2 0.784375 0.984375 0.046875 0.0140625
2 0.7046875 0.71875 0.08125 0.0859375
2 0.5125 0.94453125 0.075 0.0375
4 0.55078125 0.89140625 0.015625 0.0203125