4 0.69375 0.86953125 0.0421875 0.0234375
4 0.23671875 0.7671875 0.0515625 0.028125
4 0.29921875 0.4515625 0.0125 0.009375
4 0.81875 0.3046875 0.034375 0.0484375
1 0.478125 0.43984375 0.0578125 0.04375
1 0.7625 0.49296875 0.0609375 0.059375
1 0.2140625 0.49453125 0.0171875 0.034375
0 0.23671875 0.515625 0.0125 0.015625
0 0.63984375 0.6484375 0.0328125 0.0265625
0 0.82578125 0.60703125 0.0546875 0.0296875
0 0.9140625 0.46015625 0.0578125 0.03125
2 0.9046875 0.36875 0.065625 0.05625
4 0.63046875 0.84765625 0.025 0.0234375
4 0.6078125 0.81484375 0.0296875 0.0171875
0 0.83515625 0.32421875 0.05 0.0375
2 0.87734375 0.63828125 0.0703125 0.046875