2 0.49453125 0.73515625 0.13125 0.14375
2 0.53515625 0.940625 0.1890625 0.11875
2 0.28125 0.878125 0.35625 0.2421875
2 0.0765625 0.9375 0.153125 0.1
4 0.2203125 0.9875 0.0453125 0.0078125
2 0.50078125 0.51015625 0.0609375 0.0765625
2 0.5109375 0.3265625 0.0390625 0.0625
4 0.46640625 0.33671875 0.0515625 0.0671875
2 0.43203125 0.23671875 0.090625 0.075
2 0.44375 0.13671875 0.1390625 0.15625
4 0.27265625 0.38359375 0.1609375 0.1421875
1 0.228125 0.46484375 0.1484375 0.0984375
2 0.215625 0.48515625 0.18125 0.171875
2 0.38203125 0.50390625 0.115625 0.1
2 0.45546875 0.64453125 0.0734375 0.084375