4 0.6234375 0.2921875 0.0296875 0.065625
4 0.64296875 0.3703125 0.034375 0.0265625
4 0.5265625 0.33203125 0.0171875 0.0234375
4 0.50703125 0.3328125 0.03125 0.040625
4 0.490625 0.453125 0.0375 0.0359375
4 0.4796875 0.6625 0.046875 0.0421875
4 0.47109375 0.69453125 0.0484375 0.059375
4 0.58046875 0.66015625 0.034375 0.0609375
4 0.58515625 0.7984375 0.0421875 0.0390625
4 0.48515625 0.53046875 0.021875 0.025
4 0.46953125 0.475 0.021875 0.046875
4 0.47265625 0.4421875 0.046875 0.0234375
1 0.77734375 0.3953125 0.078125 0.0625
2 0.653125 0.44765625 0.0421875 0.040625
0 0.6515625 0.48125 0.0234375 0.0390625
4 0.6640625 0.565625 0.0234375 0.0359375
1 0.47578125 0.3328125 0.0453125 0.046875
1 0.39375 0.37578125 0.034375 0.0296875
2 0.45390625 0.415625 0.040625 0.0359375
0 0.4421875 0.4875 0.0328125 0.0328125
0 0.41796875 0.45078125 0.0328125 0.034375
0 0.41484375 0.47421875 0.0234375 0.0390625
0 0.38359375 0.48203125 0.034375 0.0359375
0 0.47890625 0.55078125 0.025 0.028125
0 0.36171875 0.3265625 0.0171875 0.0203125
0 0.4828125 0.5734375 0.034375 0.0296875
0 0.22734375 0.3703125 0.01875 0.0265625
0 0.25234375 0.4109375 0.025 0.0203125
0 0.12109375 0.3984375 0.021875 0.025
0 0.10234375 0.3828125 0.01875 0.0234375
1 0.14765625 0.21328125 0.0234375 0.015625
4 0.26328125 0.3203125 0.0140625 0.0171875
4 0.315625 0.30234375 0.01875 0.0234375
0 0.55546875 0.3046875 0.01875 0.01875