2 0.87734375 0.81640625 0.053125 0.040625
2 0.8359375 0.1359375 0.1109375 0.1625
2 0.75390625 0.1890625 0.0671875 0.0984375
2 0.99140625 0.74765625 0.0171875 0.0703125
2 0.56484375 0.65625 0.05 0.065625
4 0.353125 0.984375 0.021875 0.03125
4 0.34765625 0.48515625 0.021875 0.0578125
2 0.4046875 0.57265625 0.053125 0.0875
2 0.38125 0.8203125 0.0328125 0.0765625
2 0.40234375 0.8078125 0.0875 0.1796875
2 0.37109375 0.86328125 0.028125 0.0390625
2 0.31640625 0.83828125 0.0390625 0.0796875
2 0.2609375 0.56484375 0.0359375 0.0765625