4 0.69765625 0.9171875 0.0109375 0.0109375
4 0.728125 0.86953125 0.00625 0.009375
4 0.59453125 0.803125 0.0109375 0.0125
0 0.57734375 0.73125 0.015625 0.0109375
0 0.6203125 0.7125 0.0125 0.0125
1 0.7453125 0.69375 0.0078125 0.0234375
4 0.571875 0.76015625 0.009375 0.0125
4 0.22265625 0.684375 0.0234375 0.0171875
0 0.39453125 0.6140625 0.0203125 0.0140625
1 0.4515625 0.43515625 0.0375 0.053125
0 0.1734375 0.28359375 0.0359375 0.0375
4 0.1578125 0.290625 0.015625 0.03125
4 0.0890625 0.18671875 0.0578125 0.04375
0 0.12578125 0.16171875 0.0484375 0.0375
0 0.04453125 0.24765625 0.0515625 0.03125
2 0.03359375 0.34296875 0.0671875 0.0609375
1 0.21875 0.47890625 0.0328125 0.0421875
4 0.63828125 0.4140625 0.015625 0.0140625
0 0.7234375 0.59375 0.0109375 0.00625