2 0.6015625 0.559375 0.1046875 0.134375
2 0.309375 0.71953125 0.05 0.0640625
2 0.20703125 0.628125 0.0265625 0.0609375
2 0.39296875 0.609375 0.040625 0.0734375
2 0.3328125 0.99609375 0.0125 0.0078125
2 0.18203125 0.9546875 0.025 0.0390625
2 0.23828125 0.9890625 0.0203125 0.021875
4 0.91953125 0.25390625 0.0265625 0.059375
4 0.98203125 0.2796875 0.0234375 0.034375
2 0.459375 0.1078125 0.01875 0.028125
2 0.409375 0.51328125 0.0140625 0.04375
2 0.46796875 0.38515625 0.0203125 0.025
2 0.39765625 0.49140625 0.0140625 0.0109375
2 0.4765625 0.734375 0.0125 0.015625
2 0.52734375 0.534375 0.0171875 0.0265625