2 0.9578125 0.821875 0.059375 0.075
2 0.66484375 0.934375 0.115625 0.1078125
2 0.50546875 0.6625 0.0875 0.096875
2 0.13125 0.965625 0.034375 0.06875
2 0.19921875 0.578125 0.0484375 0.084375
2 0.3453125 0.50703125 0.0734375 0.06875
2 0.30625 0.4453125 0.1140625 0.084375
2 0.61875 0.5375 0.1 0.1078125
2 0.65859375 0.43515625 0.1328125 0.1859375
2 0.67734375 0.19296875 0.10625 0.09375
2 0.52421875 0.3171875 0.134375 0.2890625
2 0.3625 0.2640625 0.2171875 0.209375
4 0.421875 0.10078125 0.234375 0.2015625
4 0.009375 0.17109375 0.01875 0.1328125
2 0.08046875 0.95546875 0.0484375 0.0515625