2 0.81796875 0.17890625 0.253125 0.1828125
2 0.7125 0.2859375 0.125 0.09375
2 0.78125 0.32734375 0.1875 0.15
2 0.9203125 0.35546875 0.159375 0.2453125
2 0.77109375 0.4125 0.1828125 0.13125
2 0.75234375 0.51015625 0.1390625 0.1046875
2 0.90234375 0.77109375 0.1953125 0.2640625
1 0.9296875 0.74140625 0.140625 0.1953125
2 0.803125 0.69296875 0.1 0.0953125
2 0.7140625 0.72890625 0.09375 0.1265625
4 0.73359375 0.865625 0.2453125 0.2234375
2 0.60859375 0.74296875 0.053125 0.053125
2 0.62265625 0.5234375 0.096875 0.1140625
2 0.42109375 0.665625 0.090625 0.090625
2 0.4140625 0.82890625 0.13125 0.13125
2 0.2796875 0.88828125 0.23125 0.2234375
4 0.496875 0.7375 0.103125 0.09375
2 0.44453125 0.58984375 0.03125 0.025
4 0.6765625 0.7859375 0.0234375 0.0234375
2 0.02109375 0.15078125 0.0421875 0.0703125
2 0.7125 0.04765625 0.03125 0.0234375
2 0.7625 0.0078125 0.05 0.015625