2 0.35078125 0.59765625 0.16875 0.2265625
2 0.2875 0.43828125 0.05625 0.046875
2 0.21875 0.4875 0.0578125 0.0875
2 0.4453125 0.22109375 0.05 0.0546875
2 0.43984375 0.3484375 0.0546875 0.0609375
2 0.73984375 0.2765625 0.078125 0.0671875
2 0.42265625 0.05625 0.1203125 0.1125
2 0.453125 0.1484375 0.071875 0.103125
2 0.553125 0.12421875 0.0609375 0.071875
2 0.2421875 0.76328125 0.0203125 0.028125
2 0.340625 0.8703125 0.0265625 0.025
2 0.178125 0.83046875 0.040625 0.0375
2 0.4390625 0.8296875 0.0375 0.021875