2 0.471875 0.4015625 0.046875 0.046875
2 0.35546875 0.47734375 0.06875 0.071875
1 0.7015625 0.3578125 0.0734375 0.0765625
1 0.296875 0.38984375 0.0578125 0.078125
1 0.29765625 0.48203125 0.05 0.0484375
4 0.31484375 0.57890625 0.0609375 0.053125
4 0.3203125 0.6328125 0.040625 0.084375
4 0.33359375 0.8765625 0.0953125 0.065625
4 0.3375 0.7703125 0.0609375 0.059375
4 0.5640625 0.91171875 0.0625 0.0609375
4 0.50078125 0.81328125 0.0671875 0.0921875
4 0.578125 0.62578125 0.040625 0.0515625
4 0.40078125 0.4875 0.0609375 0.0671875
0 0.13359375 0.48359375 0.028125 0.040625
0 0.11171875 0.66015625 0.0359375 0.0546875
4 0.0625 0.421875 0.034375 0.040625
0 0.284375 0.80703125 0.05625 0.0484375
0 0.3484375 0.79296875 0.0484375 0.06875
0 0.3796875 0.73203125 0.0546875 0.0671875
0 0.37578125 0.678125 0.04375 0.0703125
0 0.30078125 0.52890625 0.0359375 0.0484375