4 0.10546875 0.73671875 0.1859375 0.134375
4 0.43125 0.471875 0.0625 0.14375
4 0.27890625 0.32734375 0.053125 0.109375
4 0.49453125 0.52734375 0.0484375 0.0625
2 0.49296875 0.85546875 0.059375 0.08125
2 0.4484375 0.640625 0.0671875 0.053125
2 0.31796875 0.746875 0.1 0.090625
2 0.503125 0.5921875 0.05 0.05625
2 0.79921875 0.5234375 0.028125 0.0390625
2 0.8453125 0.5296875 0.03125 0.065625
2 0.26953125 0.5328125 0.090625 0.134375
2 0.05390625 0.71484375 0.0828125 0.0484375
2 0.17421875 0.63359375 0.1140625 0.015625
3 0.41328125 0.07421875 0.05 0.13125
2 0.67421875 0.3921875 0.0296875 0.0390625
2 0.77109375 0.60859375 0.0390625 0.0765625
4 0.59453125 0.7125 0.0390625 0.034375
4 0.52734375 0.78828125 0.0484375 0.078125
4 0.3875 0.78203125 0.0625 0.084375
4 0.29765625 0.5421875 0.0546875 0.06875
4 0.20703125 0.59609375 0.0375 0.0484375
4 0.25078125 0.64921875 0.0515625 0.0578125
4 0.32421875 0.6234375 0.025 0.0265625
4 0.23359375 0.96875 0.1484375 0.0625
4 0.1921875 0.03984375 0.028125 0.040625
4 0.51328125 0.65390625 0.021875 0.0203125
4 0.37109375 0.73359375 0.0296875 0.053125
4 0.7296875 0.48671875 0.0234375 0.0296875
2 0.31953125 0.8265625 0.0859375 0.071875
4 0.4828125 0.71171875 0.05625 0.075
4 0.81640625 0.7671875 0.015625 0.05