2 0.24140625 0.56875 0.0625 0.0875
2 0.1765625 0.20703125 0.0625 0.0765625
4 0.18671875 0.38984375 0.0453125 0.065625
2 0.13984375 0.815625 0.04375 0.0546875
2 0.36875 0.48046875 0.0921875 0.1890625
2 0.0890625 0.421875 0.153125 0.2328125
2 0.271875 0.146875 0.10625 0.2390625
2 0.20625 0.2328125 0.028125 0.03125
2 0.2234375 0.1953125 0.025 0.03125
2 0.31953125 0.21484375 0.0453125 0.1
2 0.23671875 0.3609375 0.0328125 0.071875
2 0.25078125 0.6265625 0.05625 0.0359375
2 0.11484375 0.2125 0.053125 0.0640625