2 0.84140625 0.12265625 0.184375 0.171875
2 0.68984375 0.43203125 0.0375 0.078125
2 0.54921875 0.7515625 0.0484375 0.0671875
2 0.50703125 0.99453125 0.0640625 0.0109375
2 0.41875 0.61875 0.0921875 0.1453125
2 0.4859375 0.65234375 0.0796875 0.1140625
2 0.521875 0.528125 0.034375 0.05625
2 0.3640625 0.55625 0.028125 0.034375
2 0.3859375 0.19453125 0.0421875 0.075
2 0.4390625 0.10546875 0.0265625 0.034375
2 0.58515625 0.02265625 0.05 0.0375
2 0.8234375 0.98984375 0.028125 0.0203125
2 0.96484375 0.13203125 0.0703125 0.1296875