2 0.40390625 0.60625 0.15 0.11875
2 0.5140625 0.7109375 0.1859375 0.1796875
2 0.603125 0.83984375 0.190625 0.1265625
2 0.27734375 0.6109375 0.0765625 0.0765625
2 0.115625 0.571875 0.1 0.0765625
2 0.553125 0.3328125 0.1046875 0.0640625
2 0.2265625 0.9171875 0.209375 0.165625
2 0.103125 0.97265625 0.075 0.0546875
4 0.0859375 0.875 0.1140625 0.0625
4 0.17734375 0.746875 0.0921875 0.08125
2 0.10234375 0.84453125 0.165625 0.2390625
2 0.159375 0.709375 0.1125 0.103125
4 0.04453125 0.7015625 0.059375 0.0375
1 0.33125 0.76796875 0.096875 0.0984375
4 0.41640625 0.7984375 0.059375 0.0796875
1 0.28671875 0.66875 0.028125 0.0265625
4 0.38984375 0.87890625 0.1234375 0.13125
2 0.3375 0.98671875 0.03125 0.0265625
2 0.4921875 0.890625 0.0234375 0.0203125
2 0.4859375 0.990625 0.121875 0.01875
2 0.64921875 0.89921875 0.2109375 0.1953125
2 0.73125 0.3546875 0.1 0.0671875
2 0.221875 0.72734375 0.075 0.08125