2 0.75234375 0.4921875 0.1203125 0.1296875
2 0.6375 0.38515625 0.071875 0.090625
2 0.6859375 0.32421875 0.078125 0.1140625
2 0.77890625 0.2359375 0.1703125 0.1875
1 0.7359375 0.15546875 0.0921875 0.0984375
2 0.69765625 0.21953125 0.034375 0.0546875
2 0.6703125 0.23359375 0.03125 0.06875
2 0.47578125 0.47421875 0.0375 0.0375
2 0.590625 0.1828125 0.034375 0.0546875
2 0.846875 0.49921875 0.059375 0.071875
2 0.86171875 0.58125 0.1140625 0.103125
2 0.9453125 0.74140625 0.0359375 0.0765625
4 0.57890625 0.62734375 0.0203125 0.0234375
4 0.9078125 0.121875 0.084375 0.084375
2 0.7203125 0.434375 0.065625 0.071875