1 0.421875 0.271875 0.0515625 0.0765625
1 0.403125 0.690625 0.0359375 0.034375
1 0.3640625 0.5859375 0.0453125 0.0546875
1 0.2046875 0.9 0.021875 0.0265625
4 0.44765625 0.57109375 0.0390625 0.04375
4 0.48203125 0.5703125 0.0453125 0.0390625
4 0.69296875 0.6078125 0.0796875 0.0421875
4 0.653125 0.58671875 0.0296875 0.0515625
4 0.7921875 0.47265625 0.0453125 0.0390625
4 0.67578125 0.4828125 0.065625 0.034375
2 0.44375 0.40859375 0.0359375 0.04375
4 0.40859375 0.39921875 0.0328125 0.015625
4 0.5859375 0.40625 0.040625 0.021875
4 0.36875 0.52578125 0.025 0.0203125
4 0.30703125 0.75703125 0.0296875 0.0125
4 0.33515625 0.81171875 0.0265625 0.015625
0 0.34296875 0.715625 0.0265625 0.0125
0 0.4078125 0.9578125 0.028125 0.0171875
0 0.3875 0.97890625 0.0296875 0.01875
0 0.39453125 0.8484375 0.0265625 0.01875
0 0.43359375 0.81640625 0.0234375 0.0234375
0 0.49921875 0.684375 0.0375 0.034375
0 0.4875 0.64609375 0.040625 0.0234375
0 0.465625 0.63046875 0.021875 0.0296875
0 0.49453125 0.62265625 0.03125 0.034375
0 0.5671875 0.59453125 0.0359375 0.034375
0 0.52734375 0.56484375 0.0359375 0.01875
0 0.484375 0.4046875 0.046875 0.0203125
0 0.3515625 0.5046875 0.0171875 0.0203125
4 0.50234375 0.540625 0.0265625 0.025
4 0.43046875 0.603125 0.0328125 0.04375