2 0.58671875 0.2765625 0.1453125 0.1375
2 0.63203125 0.32421875 0.0375 0.053125
2 0.61640625 0.40703125 0.0890625 0.0890625
2 0.49375 0.20703125 0.06875 0.028125
2 0.40078125 0.22734375 0.0328125 0.01875
2 0.36171875 0.40859375 0.0609375 0.0578125
2 0.67734375 0.803125 0.2046875 0.265625
2 0.7421875 0.76484375 0.0578125 0.1546875
4 0.79609375 0.94453125 0.053125 0.0703125
2 0.3328125 0.0453125 0.075 0.0421875
2 0.14453125 0.0421875 0.053125 0.0328125
2 0.11953125 0.090625 0.078125 0.0328125
4 0.4453125 0.3765625 0.0640625 0.0484375