2 0.93671875 0.74140625 0.1265625 0.1828125
2 0.63671875 0.68984375 0.0734375 0.040625
2 0.30703125 0.65 0.065625 0.0484375
2 0.07890625 0.840625 0.08125 0.178125
2 0.05 0.68359375 0.059375 0.06875
2 0.390625 0.49453125 0.1421875 0.09375
2 0.37890625 0.565625 0.109375 0.0796875
2 0.50234375 0.56328125 0.053125 0.034375
2 0.4328125 0.428125 0.034375 0.0296875
2 0.7671875 0.346875 0.0734375 0.04375
2 0.8640625 0.3703125 0.0328125 0.0265625
2 0.98046875 0.48046875 0.0390625 0.0515625
2 0.15234375 0.97109375 0.046875 0.0296875
2 0.96171875 0.86171875 0.0765625 0.0828125