2 0.13515625 0.85078125 0.0484375 0.0671875
2 0.42109375 0.9375 0.0984375 0.1234375
2 0.53984375 0.65 0.0734375 0.0828125
2 0.925 0.909375 0.0203125 0.103125
2 0.81484375 0.53515625 0.0375 0.075
2 0.67109375 0.4859375 0.0640625 0.0578125
2 0.70078125 0.4234375 0.1 0.0671875
2 0.41953125 0.54609375 0.0828125 0.0921875
2 0.3703125 0.4546875 0.10625 0.1640625
2 0.325 0.23125 0.0921875 0.0796875
2 0.4828125 0.33046875 0.096875 0.2640625
2 0.62734375 0.2609375 0.1859375 0.1765625
4 0.5515625 0.11015625 0.2015625 0.1765625
4 0.96328125 0.13203125 0.0390625 0.121875
2 0.9921875 0.096875 0.015625 0.090625
2 0.971875 0.875 0.04375 0.04375