4 0.23515625 0.64296875 0.03125 0.028125
4 0.20078125 0.76796875 0.0375 0.053125
4 0.1671875 0.69453125 0.021875 0.0328125
4 0.7984375 0.67421875 0.053125 0.0359375
4 0.515625 0.1875 0.0125 0.0125
1 0.4578125 0.1 0.0359375 0.015625
0 0.440625 0.128125 0.0171875 0.0109375
0 0.40390625 0.5875 0.0265625 0.03125
0 0.4765625 0.79453125 0.03125 0.05625
2 0.4453125 0.7953125 0.040625 0.0359375
1 0.5890625 0.68359375 0.0609375 0.053125
0 0.6609375 0.78359375 0.0359375 0.059375
2 0.73515625 0.7546875 0.0609375 0.046875
0 0.77890625 0.69375 0.0453125 0.0515625
1 0.578125 0.39453125 0.04375 0.053125