4 0.1296875 0.24375 0.0125 0.0125
4 0.18125 0.2234375 0.0109375 0.0078125
0 0.05625 0.225 0.0078125 0.0109375
4 0.21953125 0.3625 0.0140625 0.0140625
0 0.28515625 0.3921875 0.0125 0.0171875
0 0.3109375 0.3546875 0.015625 0.015625
1 0.3515625 0.23984375 0.0234375 0.0109375
4 0.25703125 0.39296875 0.0140625 0.0125
4 0.2640625 0.73828125 0.01875 0.0234375
0 0.3625 0.5875 0.0171875 0.021875
1 0.54375 0.5671875 0.05625 0.0453125
0 0.6359375 0.859375 0.040625 0.0390625
4 0.62734375 0.871875 0.034375 0.021875
4 0.7125 0.95703125 0.053125 0.0625
0 0.74296875 0.9265625 0.0421875 0.0515625
0 0.6453125 0.98046875 0.0375 0.0390625
2 0.55078125 0.971875 0.0734375 0.05625
1 0.459375 0.78046875 0.04375 0.0375
4 0.5984375 0.3921875 0.015625 0.0171875
0 0.4421875 0.2796875 0.009375 0.0125