2 0.390625 0.59296875 0.1203125 0.15
2 0.28828125 0.48203125 0.1828125 0.1875
2 0.16171875 0.39140625 0.128125 0.1921875
2 0.384375 0.71875 0.0765625 0.0765625
2 0.4203125 0.88046875 0.078125 0.1
2 0.66484375 0.45 0.065625 0.1046875
2 0.08125 0.7625 0.1625 0.2125
2 0.02421875 0.884375 0.0484375 0.075
4 0.11796875 0.90703125 0.0640625 0.115625
4 0.246875 0.815625 0.0796875 0.0921875
2 0.1484375 0.890625 0.2390625 0.1734375
2 0.284375 0.834375 0.1046875 0.1125
4 0.290625 0.95078125 0.0375 0.0625
1 0.228125 0.6625 0.0984375 0.0984375
4 0.20078125 0.57734375 0.0796875 0.0609375
1 0.32734375 0.70859375 0.028125 0.0296875
4 0.1203125 0.603125 0.13125 0.125
2 0.0125 0.6515625 0.025 0.03125
2 0.109375 0.5015625 0.0203125 0.0234375
2 0.0109375 0.5046875 0.021875 0.121875
2 0.103125 0.34375 0.1984375 0.2140625
2 0.646875 0.271875 0.06875 0.1
2 0.2671875 0.771875 0.08125 0.0765625