1 0.1375 0.8328125 0.04375 0.084375
4 0.075 0.8703125 0.0328125 0.0265625
2 0.47890625 0.7703125 0.040625 0.065625
0 0.3296875 0.59765625 0.053125 0.0359375
0 0.33125 0.5359375 0.04375 0.034375
2 0.46875 0.48046875 0.090625 0.053125
0 0.52578125 0.44609375 0.0359375 0.021875
4 0.56015625 0.41015625 0.053125 0.0390625
0 0.35234375 0.31640625 0.0421875 0.034375
4 0.9421875 0.590625 0.109375 0.090625
4 0.94375 0.50078125 0.078125 0.0484375
4 0.93515625 0.3359375 0.0671875 0.0515625
4 0.603125 0.14140625 0.04375 0.0453125
4 0.66328125 0.22890625 0.059375 0.0484375
4 0.69140625 0.19296875 0.0421875 0.034375
4 0.6421875 0.08359375 0.06875 0.0421875
0 0.365625 0.09296875 0.053125 0.0421875
0 0.090625 0.1640625 0.034375 0.04375
4 0.17734375 0.2234375 0.025 0.01875
0 0.0765625 0.22578125 0.0375 0.028125
0 0.096875 0.20859375 0.0296875 0.0234375
4 0.10390625 0.275 0.025 0.0265625
1 0.08203125 0.2703125 0.015625 0.0328125