2 0.36640625 0.6296875 0.071875 0.046875
4 0.57578125 0.36796875 0.053125 0.075
4 0.64453125 0.30234375 0.084375 0.0953125
2 0.425 0.3234375 0.084375 0.0796875
2 0.43046875 0.26796875 0.0859375 0.0953125
2 0.5 0.35234375 0.0609375 0.0875
2 0.47578125 0.184375 0.0703125 0.1
1 0.709375 0.75859375 0.05625 0.05625
4 0.80546875 0.71796875 0.0359375 0.0421875
4 0.13984375 0.69140625 0.209375 0.19375
4 0.45859375 0.02109375 0.0953125 0.0421875
2 0.334375 0.37109375 0.040625 0.0484375
2 0.08359375 0.32109375 0.040625 0.0609375
2 0.74765625 0.39140625 0.040625 0.0453125
4 0.5453125 0.0875 0.0640625 0.125
4 0.30234375 0.540625 0.046875 0.0515625