4 0.41796875 0.8109375 0.0484375 0.0453125
4 0.41953125 0.496875 0.034375 0.034375
4 0.3734375 0.5484375 0.0265625 0.04375
4 0.428125 0.35546875 0.028125 0.0265625
4 0.5421875 0.34921875 0.0171875 0.021875
4 0.5625 0.34453125 0.034375 0.0390625
4 0.4421875 0.6578125 0.0359375 0.05625
4 0.53359375 0.66953125 0.05 0.0515625
4 0.5375 0.7046875 0.053125 0.0703125
4 0.5734375 0.5125 0.0265625 0.0265625
4 0.58984375 0.4546875 0.025 0.046875
4 0.5875 0.42578125 0.0484375 0.025
4 0.553125 0.42890625 0.025 0.046875
1 0.59140625 0.35 0.0421875 0.04375
1 0.66015625 0.39765625 0.0375 0.034375
2 0.6 0.4109375 0.040625 0.0375
0 0.6109375 0.46640625 0.034375 0.0375
0 0.63984375 0.45546875 0.0265625 0.04375
0 0.66171875 0.46328125 0.0328125 0.0421875
0 0.6328125 0.44140625 0.028125 0.0328125
0 0.71171875 0.3328125 0.0203125 0.028125
0 0.51484375 0.3203125 0.021875 0.01875
0 0.54921875 0.56484375 0.0375 0.0359375
0 0.56953125 0.53828125 0.0265625 0.0375
0 0.7984375 0.4484375 0.0265625 0.0265625
0 0.8390625 0.3859375 0.021875 0.0359375
0 0.9421875 0.415625 0.0234375 0.0296875
0 0.96171875 0.4015625 0.0234375 0.025
4 0.809375 0.328125 0.015625 0.0203125
4 0.76171875 0.31171875 0.0203125 0.025
1 0.9265625 0.24375 0.0234375 0.0171875
1 0.2859375 0.36640625 0.0828125 0.0625
2 0.40703125 0.421875 0.040625 0.040625
0 0.40234375 0.44609375 0.0265625 0.040625