1 0.2546875 0.4921875 0.078125 0.0515625
1 0.534375 0.36328125 0.046875 0.053125
1 0.62578125 0.38125 0.034375 0.0359375
1 0.790625 0.11875 0.0234375 0.01875
1 0.6734375 0.2609375 0.015625 0.0234375
0 0.39296875 0.5171875 0.025 0.0375
0 0.59140625 0.49375 0.0328125 0.0375
0 0.61328125 0.478125 0.021875 0.0359375
0 0.60703125 0.4640625 0.03125 0.0234375
0 0.65 0.48125 0.0359375 0.034375
0 0.76875 0.37265625 0.025 0.021875
0 0.7828125 0.3046875 0.01875 0.025
0 0.640625 0.3 0.0203125 0.028125
0 0.5546875 0.5375 0.028125 0.021875
0 0.57734375 0.55859375 0.0328125 0.034375
0 0.45234375 0.3671875 0.01875 0.025
4 0.3765625 0.453125 0.028125 0.0328125
4 0.403125 0.584375 0.021875 0.0328125
4 0.50234375 0.37578125 0.0296875 0.034375
4 0.73203125 0.25625 0.015625 0.0203125
2 0.38359375 0.4921875 0.0390625 0.0296875
4 0.5109375 0.63515625 0.03125 0.05625
4 0.54453125 0.72578125 0.0421875 0.04375
4 0.62109375 0.640625 0.0484375 0.0546875
4 0.553125 0.496875 0.0328125 0.0390625
4 0.5515625 0.465625 0.04375 0.03125
4 0.53984375 0.525 0.01875 0.021875
0 0.89375 0.29375 0.021875 0.0265625
2 0.5671875 0.43671875 0.0421875 0.0390625