4 0.703125 0.2625 0.0328125 0.0296875
4 0.51640625 0.20078125 0.05 0.040625
4 0.2921875 0.38359375 0.0890625 0.046875
4 0.30078125 0.48125 0.14375 0.084375
1 0.55859375 0.809375 0.065625 0.0890625
1 0.6359375 0.40703125 0.0796875 0.0734375
1 0.534375 0.54921875 0.0578125 0.05
1 0.71484375 0.0375 0.0484375 0.05
0 0.60546875 0.359375 0.040625 0.040625
0 0.50078125 0.47265625 0.0359375 0.040625
0 0.4265625 0.2609375 0.04375 0.0515625
0 0.4453125 0.15234375 0.05625 0.0296875
0 0.4109375 0.06328125 0.0734375 0.04375
0 0.27578125 0.43359375 0.071875 0.0484375
0 0.26484375 0.46796875 0.05625 0.04375
0 0.26640625 0.5828125 0.05625 0.05625
4 0.36640625 0.665625 0.0421875 0.025
2 0.6171875 0.5109375 0.0578125 0.053125