0 0.790625 0.57421875 0.009375 0.0171875
1 0.81015625 0.5515625 0.0203125 0.0375
4 0.734375 0.47890625 0.0109375 0.0109375
1 0.51953125 0.43203125 0.0484375 0.053125
1 0.22265625 0.43359375 0.05 0.0578125
0 0.128125 0.34921875 0.059375 0.0546875
0 0.115625 0.52890625 0.0578125 0.0375
2 0.11171875 0.5625 0.0875 0.0546875
4 0.1828125 0.82578125 0.040625 0.0234375
4 0.24609375 0.76015625 0.0265625 0.0375
0 0.325 0.61484375 0.04375 0.0296875
4 0.0890625 0.796875 0.040625 0.0421875
2 0.15546875 0.2859375 0.05625 0.0640625
4 0.23125 0.22734375 0.05 0.05625
0 0.21796875 0.253125 0.0515625 0.0421875