0 0.81171875 0.3375 0.0203125 0.04375
3 0.4703125 0.29296875 0.0625 0.053125
3 0.36875 0.334375 0.0578125 0.0359375
3 0.553125 0.565625 0.0671875 0.0609375
3 0.6234375 0.27421875 0.025 0.021875
3 0.7515625 0.47421875 0.028125 0.0765625
3 0.79609375 0.5765625 0.0765625 0.0375
1 0.50234375 0.5 0.040625 0.053125
1 0.87109375 0.521875 0.0640625 0.053125
1 0.92265625 0.88984375 0.059375 0.0875
4 0.62421875 0.428125 0.03125 0.04375
2 0.6578125 0.2515625 0.04375 0.0453125
2 0.81171875 0.140625 0.0234375 0.015625
2 0.6140625 0.0734375 0.0203125 0.01875
2 0.78515625 0.02890625 0.025 0.025