0 0.55625 0.596875 0.0265625 0.0328125
0 0.5390625 0.70390625 0.0375 0.0421875
0 0.546875 0.7546875 0.0390625 0.0546875
0 0.6109375 0.7578125 0.046875 0.04375
0 0.54765625 0.8078125 0.03125 0.0609375
0 0.7765625 0.64453125 0.028125 0.0375
0 0.84921875 0.603125 0.034375 0.0421875
0 0.72265625 0.51171875 0.028125 0.0375
0 0.4578125 0.58125 0.021875 0.0390625
2 0.3703125 0.53203125 0.059375 0.0671875
4 0.29609375 0.75234375 0.0375 0.05625
4 0.3859375 0.88828125 0.0546875 0.0875
4 0.55 0.884375 0.0640625 0.0828125
4 0.5171875 0.80078125 0.0484375 0.0390625
4 0.53046875 0.63359375 0.0546875 0.040625
4 0.53125 0.66796875 0.0375 0.04375
4 0.88203125 0.55390625 0.0375 0.0375
4 0.77578125 0.47421875 0.03125 0.028125
1 0.5859375 0.56796875 0.04375 0.0375
1 0.54609375 0.47890625 0.06875 0.0671875
1 0.97421875 0.46015625 0.04375 0.040625
0 0.95625 0.61171875 0.0375 0.028125
0 0.98515625 0.61171875 0.009375 0.034375
1 0.16875 0.528125 0.0765625 0.0734375
4 0.48671875 0.57109375 0.0484375 0.053125
2 0.525 0.57421875 0.04375 0.046875