2 0.45 0.8125 0.0484375 0.0921875
2 0.659375 0.5796875 0.0671875 0.103125
2 0.69921875 0.73984375 0.084375 0.0640625
2 0.58984375 0.7296875 0.1203125 0.1125
2 0.63515625 0.79375 0.05 0.078125
2 0.6171875 0.86328125 0.0625 0.059375
2 0.46328125 0.59296875 0.0734375 0.078125
2 0.36796875 0.53125 0.065625 0.0453125
2 0.37890625 0.4359375 0.1359375 0.065625
2 0.87421875 0.60078125 0.046875 0.0546875
1 0.8828125 0.503125 0.03125 0.0140625
4 0.91484375 0.58046875 0.059375 0.053125
2 0.91328125 0.75 0.1125 0.1015625
2 0.82265625 0.67734375 0.059375 0.059375
2 0.90625 0.66015625 0.084375 0.0609375
2 0.96875 0.65 0.0625 0.059375
2 0.96015625 0.60625 0.021875 0.0328125
2 0.95703125 0.575 0.0546875 0.0421875
2 0.73515625 0.640625 0.0921875 0.0859375
2 0.65 0.684375 0.05625 0.0375
2 0.50859375 0.69765625 0.0453125 0.0515625
2 0.26484375 0.44921875 0.084375 0.0546875
2 0.49921875 0.4078125 0.0296875 0.03125
2 0.09296875 0.80703125 0.1578125 0.084375
2 0.93671875 0.93984375 0.1265625 0.0828125
2 0.74453125 0.9140625 0.128125 0.13125
2 0.88984375 0.540625 0.090625 0.0671875
4 0.97421875 0.68515625 0.0265625 0.0265625