2 0.60234375 0.5140625 0.215625 0.1859375
2 0.43046875 0.7140625 0.075 0.078125
2 0.3703125 0.96484375 0.10625 0.0703125
2 0.6125 0.9796875 0.128125 0.040625
2 0.584375 0.87890625 0.04375 0.04375
4 0.53828125 0.77421875 0.065625 0.0984375
2 0.59609375 0.653125 0.0890625 0.109375
2 0.7640625 0.53203125 0.0515625 0.0671875
4 0.771875 0.91796875 0.178125 0.1625
2 0.01015625 0.3 0.0203125 0.040625
1 0.65078125 0.93203125 0.0203125 0.0203125
2 0.41328125 0.87734375 0.0234375 0.025
4 0.37578125 0.7625 0.01875 0.03125