4 0.42265625 0.70859375 0.05 0.0890625
2 0.578125 0.3921875 0.05625 0.0546875
1 0.478125 0.3765625 0.06875 0.0734375
1 0.121875 0.2921875 0.059375 0.0546875
1 0.61484375 0.465625 0.0515625 0.05625
1 0.85 0.47890625 0.0921875 0.065625
0 0.6171875 0.76171875 0.053125 0.0484375
0 0.5140625 0.6109375 0.040625 0.0515625
0 0.50234375 0.74375 0.046875 0.05625
0 0.465625 0.73203125 0.0546875 0.075
0 0.434375 0.4015625 0.0421875 0.0421875
0 0.53125 0.49375 0.0421875 0.0421875
0 0.32265625 0.5609375 0.0578125 0.05
0 0.1296875 0.5546875 0.0453125 0.075
0 0.21953125 0.5359375 0.034375 0.0578125
4 0.2703125 0.46796875 0.04375 0.0515625
4 0.3484375 0.31796875 0.0328125 0.0359375