0 0.65703125 0.4796875 0.01875 0.0328125
0 0.48125 0.5828125 0.03125 0.034375
0 0.459375 0.5671875 0.021875 0.03125
0 0.43984375 0.51796875 0.03125 0.0328125
0 0.42578125 0.49375 0.0203125 0.0296875
0 0.41171875 0.51171875 0.01875 0.0359375
0 0.56953125 0.353125 0.0203125 0.0125
4 0.5359375 0.38125 0.0171875 0.0203125
4 0.51484375 0.37421875 0.028125 0.0390625
4 0.5140625 0.478125 0.0328125 0.028125
4 0.47734375 0.4796875 0.04375 0.028125
4 0.46484375 0.50625 0.0203125 0.034375
4 0.45 0.553125 0.015625 0.0265625
4 0.4671875 0.67890625 0.0390625 0.053125
4 0.45234375 0.7140625 0.0453125 0.0671875
4 0.55703125 0.6734375 0.0296875 0.059375
4 0.64921875 0.4109375 0.0234375 0.0234375
4 0.62734375 0.5140625 0.028125 0.0359375
4 0.65703125 0.56796875 0.021875 0.0421875
4 0.53203125 0.8296875 0.0421875 0.0375
1 0.78984375 0.42890625 0.075 0.034375
1 0.15390625 0.203125 0.0234375 0.0171875
1 0.40390625 0.40234375 0.0359375 0.040625
1 0.4875 0.37578125 0.0375 0.034375
2 0.46484375 0.46171875 0.03125 0.0453125
0 0.365625 0.359375 0.0171875 0.0234375
0 0.22265625 0.39765625 0.0171875 0.0265625
0 0.2515625 0.45 0.0234375 0.0203125
0 0.11171875 0.39609375 0.0171875 0.0265625
0 0.09765625 0.37578125 0.0203125 0.025
4 0.31875 0.32421875 0.0203125 0.0234375
4 0.26875 0.33125 0.015625 0.0234375
0 0.38671875 0.51796875 0.01875 0.0296875