4 0.375 0.22890625 0.0171875 0.028125
4 0.359375 0.16953125 0.03125 0.021875
4 0.315625 0.18828125 0.0578125 0.021875
0 0.40390625 0.38984375 0.03125 0.028125
0 0.09765625 0.58828125 0.05625 0.0296875
0 0.16171875 0.42265625 0.05 0.0265625
2 0.125 0.3984375 0.0734375 0.05
2 0.1234375 0.675 0.0609375 0.053125
1 0.259375 0.540625 0.0625 0.0546875
0 0.19296875 0.7171875 0.05 0.0375
0 0.79296875 0.4796875 0.009375 0.015625
1 0.809375 0.50078125 0.0140625 0.034375
4 0.72578125 0.55390625 0.0171875 0.009375
1 0.53125 0.58984375 0.040625 0.040625
4 0.215625 0.7328125 0.034375 0.0515625