0 0.1765625 0.04375 0.0203125 0.0171875
0 0.3640625 0.2 0.0359375 0.021875
1 0.45390625 0.26953125 0.0375 0.0453125
1 0.2796875 0.33203125 0.028125 0.0609375
4 0.53125 0.446875 0.03125 0.0296875
2 0.675 0.4375 0.0703125 0.0671875
4 0.5859375 0.5546875 0.034375 0.05
4 0.55703125 0.55625 0.0421875 0.034375
0 0.503125 0.5890625 0.034375 0.0296875
0 0.6359375 0.5328125 0.0328125 0.0359375
0 0.57578125 0.60625 0.0421875 0.03125
4 0.665625 0.5359375 0.0390625 0.034375
0 0.75078125 0.759375 0.0484375 0.0265625
0 0.5921875 0.92109375 0.0390625 0.028125
2 0.58515625 0.94921875 0.0484375 0.0375
4 0.0890625 0.3078125 0.009375 0.009375
4 0.8 0.253125 0.046875 0.025