0 0.15078125 0.3203125 0.025 0.0390625
1 0.22265625 0.421875 0.05 0.0421875
1 0.29765625 0.234375 0.0671875 0.03125
4 0.41328125 0.51328125 0.0328125 0.034375
2 0.39765625 0.66953125 0.0765625 0.078125
4 0.5296875 0.5765625 0.05625 0.0375
4 0.53125 0.5453125 0.0375 0.046875
0 0.56875 0.4875 0.0328125 0.0390625
0 0.50390625 0.63046875 0.0421875 0.0375
0 0.5859375 0.5671875 0.034375 0.046875
4 0.50546875 0.6625 0.0390625 0.04375
0 0.74609375 0.76484375 0.0296875 0.0515625
0 0.92890625 0.59765625 0.0328125 0.0453125
2 0.959375 0.590625 0.0421875 0.053125
4 0.278125 0.025 0.0125 0.0125
4 0.1921875 0.79921875 0.0296875 0.0515625