4 0.4640625 0.740625 0.0390625 0.0421875
4 0.49765625 0.4859375 0.0359375 0.0359375
4 0.49296875 0.50625 0.05 0.0390625
0 0.4828125 0.521875 0.04375 0.0328125
0 0.57265625 0.7921875 0.0296875 0.0296875
0 0.75703125 0.64296875 0.0421875 0.0359375
2 0.5765625 0.83203125 0.05625 0.05
4 0.58671875 0.4828125 0.0359375 0.0453125
2 0.615625 0.3375 0.078125 0.065625
0 0.54765625 0.4390625 0.0359375 0.0296875
0 0.43125 0.43515625 0.04375 0.03125
4 0.453125 0.40703125 0.03125 0.025
1 0.3765625 0.20546875 0.040625 0.0515625
4 0.42265625 0.04453125 0.0296875 0.03125
0 0.2390625 0.0609375 0.0296875 0.0234375
1 0.18046875 0.25546875 0.0375 0.06875