4 0.35546875 0.9203125 0.0125 0.0109375
4 0.31953125 0.8734375 0.00625 0.009375
0 0.35703125 0.9984375 0.0109375 0.003125
4 0.45 0.7921875 0.0125 0.0140625
0 0.4625 0.7171875 0.015625 0.009375
0 0.415625 0.7015625 0.0125 0.0125
1 0.28515625 0.69375 0.0078125 0.025
4 0.4703125 0.74609375 0.009375 0.0125
4 0.8234375 0.63671875 0.021875 0.015625
4 0.62578125 0.99453125 0.015625 0.003125
0 0.6390625 0.58046875 0.0203125 0.0140625
1 0.565625 0.4 0.0390625 0.0546875
0 0.83828125 0.21953125 0.0359375 0.0390625
4 0.8546875 0.225 0.0171875 0.0328125
4 0.915625 0.11171875 0.0609375 0.0453125
0 0.8765625 0.08984375 0.05 0.0359375
0 0.96484375 0.1703125 0.0484375 0.0296875
2 0.9734375 0.2703125 0.0390625 0.0609375
1 0.809375 0.42421875 0.0328125 0.0421875
4 0.3703125 0.3953125 0.015625 0.0125
0 0.3 0.58828125 0.0125 0.00625