2 0.5109375 0.33671875 0.11875 0.1890625
2 0.63828125 0.40078125 0.11875 0.159375
2 0.59296875 0.33125 0.0828125 0.1140625
2 0.58203125 0.2890625 0.0828125 0.1171875
2 0.72578125 0.6 0.109375 0.1046875
2 0.94921875 0.5453125 0.1015625 0.115625
2 0.47734375 0.609375 0.03125 0.0328125
1 0.49375 0.6390625 0.021875 0.028125
2 0.540625 0.5546875 0.0390625 0.046875
2 0.575 0.6015625 0.0734375 0.06875
2 0.3546875 0.5 0.0640625 0.10625
2 0.38671875 0.42421875 0.0328125 0.034375
4 0.3953125 0.46015625 0.01875 0.0203125
2 0.51328125 0.915625 0.0671875 0.0875
2 0.47265625 0.8515625 0.065625 0.05
2 0.71953125 0.9375 0.0671875 0.053125
2 0.07890625 0.5265625 0.015625 0.0171875
4 0.29375 0.5109375 0.0234375 0.0234375