2 0.1734375 0.68203125 0.2421875 0.2421875
2 0.11640625 0.53359375 0.175 0.16875
2 0.0390625 0.40703125 0.078125 0.2046875
2 0.49765625 0.7640625 0.0703125 0.0625
2 0.56953125 0.80546875 0.075 0.0890625
0 0.77265625 0.57890625 0.01875 0.01875
3 0.71953125 0.4890625 0.0390625 0.071875
2 0.2578125 0.84609375 0.0984375 0.109375
4 0.346875 0.7125 0.0328125 0.0453125
4 0.50390625 0.59609375 0.0671875 0.1140625
4 0.54921875 0.67421875 0.0515625 0.0671875
4 0.47890625 0.32578125 0.04375 0.0703125
4 0.5046875 0.1375 0.046875 0.0828125
1 0.540625 0.090625 0.053125 0.0671875
1 0.3953125 0.09140625 0.084375 0.1203125
2 0.421875 0.91484375 0.078125 0.1
2 0.3890625 0.6140625 0.0828125 0.0671875
2 0.2796875 0.703125 0.0546875 0.1078125
2 0.2671875 0.77421875 0.0375 0.0453125
2 0.46796875 0.4171875 0.071875 0.1171875
2 0.353125 0.5625 0.0484375 0.0796875
2 0.7921875 0.46953125 0.021875 0.028125
2 0.83125 0.67578125 0.025 0.0578125
2 0.821875 0.58984375 0.0203125 0.0359375
2 0.7921875 0.56015625 0.025 0.046875
2 0.365625 0.83984375 0.0640625 0.075
2 0.5828125 0.98125 0.040625 0.025
2 0.565625 0.98984375 0.03125 0.0203125
2 0.49453125 0.69453125 0.0859375 0.075
2 0.33046875 0.6 0.053125 0.071875