0 0.3046875 0.40625 0.03125 0.0359375
3 0.05859375 0.496875 0.0859375 0.0609375
1 0.340625 0.51640625 0.05 0.0484375
1 0.27890625 0.5484375 0.0515625 0.040625
1 0.29296875 0.675 0.059375 0.0765625
3 0.46015625 0.55078125 0.034375 0.053125
3 0.38046875 0.453125 0.025 0.01875
3 0.41953125 0.74765625 0.0359375 0.0359375
3 0.57578125 0.6421875 0.0375 0.03125
3 0.50078125 0.5125 0.0484375 0.0359375
2 0.44296875 0.65390625 0.0625 0.071875
4 0.4125 0.49296875 0.0359375 0.0328125
4 0.30390625 0.371875 0.0453125 0.021875
2 0.58046875 0.40703125 0.0359375 0.0265625
4 0.40390625 0.36640625 0.0234375 0.028125
4 0.4015625 0.34609375 0.0234375 0.0171875
4 0.42421875 0.34453125 0.0140625 0.0140625
0 0.8296875 0.65546875 0.0203125 0.021875