2 0.371875 0.1265625 0.0359375 0.0484375
0 0.77265625 0.215625 0.034375 0.0171875
1 0.80703125 0.37578125 0.0359375 0.065625
1 0.475 0.32578125 0.0453125 0.053125
4 0.45546875 0.2234375 0.0359375 0.05
4 0.1 0.12265625 0.1359375 0.0671875
0 0.27109375 0.2875 0.08125 0.0421875
0 0.50390625 0.56796875 0.0515625 0.0265625
4 0.4984375 0.60546875 0.0421875 0.046875
2 0.38828125 0.51640625 0.0671875 0.0734375
4 0.0796875 0.68203125 0.053125 0.0390625
4 0.44921875 0.36875 0.034375 0.034375
4 0.4796875 0.409375 0.03125 0.0359375
0 0.54609375 0.27109375 0.05 0.0234375
4 0.65390625 0.471875 0.028125 0.03125