0 0.92890625 0.52578125 0.034375 0.0375
0 0.7890625 0.6765625 0.040625 0.05
0 0.61640625 0.5171875 0.0265625 0.0359375
0 0.54453125 0.46953125 0.025 0.0421875
0 0.55390625 0.5703125 0.025 0.0359375
0 0.140625 0.371875 0.01875 0.0328125
4 0.2453125 0.07890625 0.0140625 0.0140625
4 0.18828125 0.5578125 0.0171875 0.03125
1 0.29296875 0.25625 0.0625 0.0359375
1 0.3015625 0.4828125 0.046875 0.040625
2 0.4640625 0.6625 0.053125 0.0546875
4 0.4984375 0.509375 0.0234375 0.0234375
4 0.5921875 0.6015625 0.040625 0.028125
4 0.584375 0.5359375 0.0359375 0.03125
2 0.97265625 0.52578125 0.0546875 0.0640625