2 0.17421875 0.934375 0.1765625 0.13125
2 0.2703125 0.61796875 0.03125 0.0765625
2 0.35625 0.2734375 0.04375 0.065625
2 0.18515625 0.025 0.18125 0.028125
2 0.35390625 0.01640625 0.065625 0.021875
2 0.509375 0.3828125 0.0859375 0.14375
2 0.4359375 0.3609375 0.0734375 0.109375
2 0.421875 0.4921875 0.03125 0.0546875
2 0.57421875 0.4359375 0.0265625 0.034375
2 0.61640625 0.8 0.0375 0.0734375
2 0.5796875 0.8984375 0.0265625 0.0328125
2 0.44609375 0.99453125 0.0484375 0.0109375
2 0.03671875 0.06875 0.025 0.0484375
2 0.0515625 0.94921875 0.0625 0.1015625