0 0.93046875 0.79765625 0.0421875 0.028125
0 0.7671875 0.73125 0.046875 0.0375
0 0.82421875 0.86484375 0.046875 0.0390625
0 0.43984375 0.21953125 0.0171875 0.0140625
0 0.40625 0.2265625 0.015625 0.0109375
0 0.30546875 0.34375 0.0125 0.0109375
0 0.5890625 0.36953125 0.021875 0.0171875
4 0.7640625 0.34296875 0.0265625 0.025
2 0.953125 0.70546875 0.0609375 0.05625
4 0.86171875 0.84453125 0.0453125 0.046875
4 0.84765625 0.86015625 0.0546875 0.0515625
1 0.52109375 0.53203125 0.0359375 0.059375
1 0.73203125 0.525 0.040625 0.0421875
4 0.45 0.11171875 0.0203125 0.0140625
4 0.38515625 0.0203125 0.0109375 0.0140625
4 0.33828125 0.065625 0.009375 0.009375
1 0.27890625 0.23828125 0.0078125 0.0234375
4 0.45234375 0.1875 0.0078125 0.0125