4 0.39296875 0.6953125 0.0359375 0.0375
4 0.46953125 0.4546875 0.0328125 0.0328125
4 0.46015625 0.47421875 0.0453125 0.034375
0 0.4484375 0.4875 0.0421875 0.0296875
0 0.48828125 0.7640625 0.028125 0.028125
0 0.6921875 0.65078125 0.0375 0.0328125
2 0.4859375 0.803125 0.0515625 0.0453125
4 0.55546875 0.4671875 0.03125 0.0421875
2 0.6078125 0.33125 0.0703125 0.05625
0 0.525 0.4171875 0.0328125 0.0265625
0 0.41328125 0.39453125 0.0421875 0.0265625
4 0.4390625 0.37109375 0.028125 0.0234375
1 0.39921875 0.1625 0.0359375 0.0484375
4 0.471875 0.0140625 0.028125 0.028125
0 0.2890625 0.0046875 0.025 0.009375
1 0.2015625 0.17734375 0.0296875 0.065625