4 0.66796875 0.60234375 0.0625 0.0265625
4 0.5921875 0.61953125 0.0265625 0.0328125
4 0.63125 0.50859375 0.0234375 0.0171875
4 0.63203125 0.48828125 0.040625 0.0296875
4 0.515625 0.471875 0.0328125 0.034375
4 0.31484375 0.4578125 0.0390625 0.0453125
4 0.284375 0.44921875 0.0546875 0.046875
4 0.31484375 0.5546875 0.059375 0.03125
4 0.18203125 0.55703125 0.0375 0.0390625
4 0.44140625 0.46484375 0.0234375 0.021875
4 0.4953125 0.4515625 0.0453125 0.021875
4 0.52734375 0.4546875 0.021875 0.0453125
1 0.5671875 0.74765625 0.059375 0.0734375
2 0.51875 0.62734375 0.0390625 0.0390625
0 0.4859375 0.62578125 0.0359375 0.0234375
4 0.40390625 0.6359375 0.0328125 0.021875
1 0.63125 0.459375 0.0421875 0.0421875
1 0.5921875 0.3796875 0.0296875 0.034375
2 0.55234375 0.4375 0.034375 0.0375
0 0.4828125 0.42421875 0.03125 0.03125
0 0.5203125 0.40078125 0.03125 0.0296875
0 0.49765625 0.3984375 0.0390625 0.0203125
0 0.4890625 0.36796875 0.03125 0.03125
0 0.421875 0.4578125 0.028125 0.0234375
0 0.63984375 0.35 0.0203125 0.015625
0 0.4 0.4625 0.028125 0.03125
0 0.6 0.21953125 0.0265625 0.01875
0 0.56015625 0.24296875 0.01875 0.0234375
0 0.575 0.1171875 0.025 0.021875
0 0.590625 0.09921875 0.0234375 0.01875
1 0.7515625 0.14609375 0.015625 0.0234375
4 0.64765625 0.25625 0.0171875 0.0125
4 0.6640625 0.30625 0.021875 0.01875
0 0.65703125 0.5359375 0.0171875 0.0171875