2 0.6015625 0.3578125 0.0828125 0.0609375
4 0.3390625 0.58984375 0.06875 0.0859375
4 0.25625 0.64375 0.103125 0.1125
2 0.4859375 0.66328125 0.1 0.0953125
2 0.4703125 0.71953125 0.103125 0.1125
2 0.4140625 0.61953125 0.078125 0.0984375
2 0.40859375 0.79765625 0.090625 0.115625
1 0.271875 0.16171875 0.065625 0.0671875
4 0.16484375 0.1859375 0.046875 0.0515625
4 0.84765625 0.33515625 0.246875 0.2328125
4 0.396875 0.96875 0.103125 0.0609375
2 0.5875 0.63125 0.0484375 0.0578125
2 0.8375 0.728125 0.0546875 0.071875
2 0.165625 0.534375 0.05 0.053125
4 0.31953125 0.884375 0.0875 0.1390625
4 0.65234375 0.4609375 0.0546875 0.0609375