4 0.45546875 0.33125 0.0921875 0.0796875
2 0.57578125 0.25625 0.1015625 0.11875
1 0.67578125 0.82734375 0.065625 0.071875
4 0.88515625 0.896875 0.0515625 0.034375
2 0.19609375 0.26484375 0.1140625 0.1171875
2 0.13046875 0.2046875 0.1015625 0.1234375
2 0.103125 0.49609375 0.046875 0.065625
2 0.009375 0.5046875 0.01875 0.040625
2 0.41640625 0.22421875 0.0734375 0.078125
2 0.51640625 0.140625 0.075 0.0625
2 0.57421875 0.1390625 0.0640625 0.05
4 0.47890625 0.10078125 0.0921875 0.0828125
2 0.1671875 0.5625 0.0828125 0.0796875
4 0.06953125 0.871875 0.0625 0.0671875
4 0.34296875 0.99375 0.1109375 0.0125
2 0.41171875 0.396875 0.1125 0.1
2 0.40078125 0.14453125 0.0640625 0.05625