4 0.47734375 0.196875 0.05625 0.0671875
4 0.28125 0.703125 0.03125 0.03125
2 0.42109375 0.525 0.0984375 0.0515625
0 0.24296875 0.5140625 0.0515625 0.0328125
0 0.52890625 0.48046875 0.075 0.0484375
0 0.58359375 0.34765625 0.0765625 0.046875
0 0.46796875 0.25078125 0.0515625 0.0359375
2 0.5359375 0.27265625 0.078125 0.0828125
1 0.0953125 0.19609375 0.0625 0.05625
1 0.39921875 0.434375 0.059375 0.0578125
4 0.4609375 0.71796875 0.0640625 0.0375
4 0.2578125 0.65234375 0.0328125 0.0359375
0 0.75078125 0.56171875 0.053125 0.0421875