4 0.7921875 0.2609375 0.0875 0.0984375
4 0.7171875 0.334375 0.0640625 0.0765625
2 0.4578125 0.62265625 0.078125 0.0515625
2 0.5125 0.3015625 0.0625 0.0875
2 0.609375 0.32890625 0.08125 0.090625
2 0.58515625 0.1421875 0.071875 0.096875
2 0.525 0.23515625 0.078125 0.0890625
2 0.71015625 0.02265625 0.0640625 0.0234375
2 0.709375 0.0625 0.0421875 0.065625
1 0.8125 0.75625 0.0546875 0.065625
4 0.91875 0.7078125 0.040625 0.065625
2 0.16953125 0.3109375 0.0453125 0.0640625
2 0.4328125 0.35078125 0.046875 0.053125
4 0.2265625 0.67734375 0.171875 0.2328125
4 0.3859375 0.51953125 0.05625 0.0515625