0 0.4171875 0.690625 0.03125 0.0328125
4 0.3421875 0.75859375 0.03125 0.0453125
4 0.31328125 0.74296875 0.025 0.0296875
4 0.30703125 0.63828125 0.040625 0.0375
2 0.353125 0.45625 0.0234375 0.028125
3 0.46640625 0.47890625 0.0515625 0.04375
4 0.4734375 0.61640625 0.0453125 0.046875
3 0.415625 0.5953125 0.025 0.0296875
3 0.446875 0.68828125 0.071875 0.071875
3 0.715625 0.5296875 0.0328125 0.0390625
3 0.56015625 0.4 0.0359375 0.0421875
1 0.59609375 0.60390625 0.0765625 0.0578125
1 0.4875 0.6921875 0.05625 0.05625
1 0.540625 0.7234375 0.046875 0.0515625
1 0.44921875 0.89375 0.0359375 0.040625
3 0.5015625 0.559375 0.0421875 0.04375
2 0.55859375 0.44765625 0.06875 0.0578125
0 0.56484375 0.2390625 0.025 0.0203125