1 0.20625 0.0546875 0.11875 0.0703125
2 0.875 0.790625 0.0546875 0.0578125
2 0.81171875 0.73203125 0.034375 0.0421875
2 0.771875 0.884375 0.05625 0.084375
2 0.63984375 0.70859375 0.0546875 0.0578125
2 0.8078125 0.55703125 0.021875 0.0421875
2 0.80859375 0.5140625 0.021875 0.0359375
2 0.77734375 0.4953125 0.0171875 0.0359375
2 0.84140625 0.684375 0.0171875 0.0171875
4 0.2625 0.89453125 0.109375 0.1875
2 0.2703125 0.9875 0.0875 0.025
4 0.33125 0.934375 0.0671875 0.08125
4 0.7328125 0.74609375 0.0296875 0.028125
3 0.23671875 0.365625 0.078125 0.1609375