2 0.409375 0.63046875 0.190625 0.24375
2 0.309375 0.48671875 0.059375 0.053125
2 0.25234375 0.55078125 0.065625 0.0953125
2 0.415625 0.234375 0.0546875 0.059375
2 0.440625 0.3625 0.059375 0.0671875
2 0.72265625 0.22109375 0.084375 0.075
2 0.3546875 0.0734375 0.13125 0.1296875
2 0.40703125 0.159375 0.08125 0.109375
2 0.50234375 0.11328125 0.065625 0.0765625
2 0.3390625 0.8203125 0.0234375 0.03125
2 0.46171875 0.9046875 0.028125 0.028125
2 0.290625 0.90234375 0.0453125 0.040625
2 0.55078125 0.84140625 0.040625 0.025