1 0.790625 0.98515625 0.140625 0.0296875
3 0.35859375 0.5546875 0.053125 0.0828125
4 0.56875 0.35078125 0.0953125 0.078125
1 0.80546875 0.06484375 0.0671875 0.0546875
2 0.96953125 0.37578125 0.0609375 0.1296875
2 0.81171875 0.2796875 0.0328125 0.046875
2 0.81953125 0.5875 0.0578125 0.1015625
2 0.915625 0.5703125 0.1171875 0.1390625
2 0.7578125 0.3609375 0.109375 0.175
4 0.71484375 0.1109375 0.0671875 0.1
2 0.87578125 0.8140625 0.2109375 0.371875
2 0.80859375 0.721875 0.1734375 0.1625
2 0.96484375 0.33046875 0.0359375 0.059375