2 0.42421875 0.56328125 0.1125 0.140625
2 0.7375 0.68203125 0.0546875 0.0671875
2 0.82734375 0.57734375 0.0328125 0.0625
2 0.63828125 0.584375 0.0453125 0.0765625
2 0.75234375 0.965625 0.0140625 0.01875
2 0.896875 0.89921875 0.0265625 0.0390625
2 0.84609375 0.9484375 0.021875 0.0359375
4 0.0640625 0.3046875 0.03125 0.0609375
4 0.00859375 0.3390625 0.0171875 0.0375
2 0.50234375 0.0953125 0.0203125 0.0296875
2 0.609375 0.49140625 0.0171875 0.0453125
2 0.5328125 0.371875 0.021875 0.0265625
2 0.6171875 0.4671875 0.015625 0.0125
2 0.571875 0.72109375 0.0140625 0.0171875
2 0.4953125 0.52890625 0.01875 0.028125