4 0.7921875 0.76484375 0.0390625 0.0546875
4 0.746875 0.70625 0.0359375 0.040625
4 0.2328125 0.68125 0.0578125 0.0453125
4 0.52734375 0.2390625 0.0125 0.0171875
1 0.60234375 0.1578125 0.0375 0.021875
1 0.4421875 0.43046875 0.05 0.05
1 0.42734375 0.68359375 0.065625 0.0640625
0 0.34921875 0.8140625 0.04375 0.0703125
0 0.52578125 0.7890625 0.0375 0.06875
2 0.5390625 0.8421875 0.06875 0.1109375
2 0.2734375 0.77890625 0.0671875 0.0765625
0 0.246875 0.703125 0.0484375 0.0578125
0 0.6 0.615625 0.034375 0.0328125