2 0.3296875 0.29453125 0.0953125 0.0515625
2 0.4671875 0.41953125 0.0671875 0.05
2 0.325 0.428125 0.1203125 0.0921875
2 0.365625 0.41953125 0.1015625 0.0953125
2 0.43203125 0.44375 0.0375 0.04375
2 0.51015625 0.62890625 0.071875 0.05
2 0.43046875 0.62578125 0.0625 0.059375
2 0.24921875 0.86328125 0.0484375 0.0640625
2 0.47421875 0.98828125 0.1421875 0.0234375
1 0.77109375 0.74921875 0.0765625 0.08125
2 0.8625 0.703125 0.090625 0.0578125
2 0.77578125 0.81328125 0.2078125 0.0921875
2 0.8921875 0.8453125 0.0515625 0.0375
2 0.871875 0.87890625 0.0640625 0.03125
2 0.8609375 0.94765625 0.1171875 0.0953125
2 0.82734375 0.98828125 0.0578125 0.0234375
2 0.7125 0.97734375 0.071875 0.0453125
2 0.66328125 0.93671875 0.1140625 0.071875
2 0.70546875 0.91484375 0.0375 0.0359375
2 0.73515625 0.85625 0.096875 0.065625
2 0.65078125 0.7234375 0.0921875 0.05
2 0.0390625 0.48125 0.05625 0.059375
2 0.03984375 0.22578125 0.0390625 0.0296875
2 0.046875 0.95078125 0.0875 0.05625
4 0.1078125 0.746875 0.0546875 0.0890625
2 0.0109375 0.73984375 0.021875 0.0484375
2 0.28515625 0.68359375 0.0875 0.0828125
2 0.07734375 0.4734375 0.0375 0.075
4 0.12578125 0.515625 0.021875 0.0171875