2 0.36640625 0.5734375 0.115625 0.1484375
2 0.259375 0.465625 0.1765625 0.1828125
2 0.13046875 0.3796875 0.1234375 0.1890625
2 0.36484375 0.7015625 0.075 0.075
2 0.40546875 0.86171875 0.075 0.0984375
2 0.6375 0.4203125 0.0625 0.103125
2 0.0703125 0.75625 0.140625 0.20625
2 0.015625 0.88125 0.03125 0.071875
4 0.10234375 0.9078125 0.0625 0.134375
4 0.2296875 0.803125 0.0796875 0.090625
2 0.13359375 0.890625 0.2375 0.184375
2 0.26875 0.8203125 0.1015625 0.1109375
4 0.278125 0.94609375 0.0375 0.0796875
1 0.20625 0.64921875 0.096875 0.0953125
4 0.175 0.56484375 0.078125 0.0578125
1 0.30703125 0.6921875 0.0265625 0.028125
4 0.09453125 0.59375 0.1296875 0.1203125
2 0.08046875 0.4921875 0.0203125 0.0234375
2 0.084375 0.334375 0.1625 0.20625
2 0.6125 0.2421875 0.065625 0.1
2 0.24921875 0.7578125 0.0796875 0.0734375