2 0.3703125 0.2953125 0.0734375 0.109375
2 0.45546875 0.47578125 0.065625 0.078125
2 0.509375 0.3328125 0.1203125 0.14375
2 0.4875 0.37109375 0.1203125 0.1234375
2 0.4921875 0.44765625 0.053125 0.046875
2 0.6578125 0.5859375 0.0671875 0.084375
2 0.6796875 0.503125 0.0734375 0.075
2 0.97109375 0.390625 0.0578125 0.0625
1 0.69921875 0.8921875 0.1 0.0953125
2 0.62265625 0.959375 0.0765625 0.08125
2 0.7640625 0.9 0.1375 0.2
2 0.91171875 0.8359375 0.0671875 0.125
2 0.890625 0.87578125 0.0453125 0.046875
2 0.82109375 0.88828125 0.0875 0.1140625
2 0.71015625 0.76015625 0.0703125 0.10625
2 0.65390625 0.05546875 0.075 0.0703125
4 0.90625 0.209375 0.103125 0.075
2 0.93046875 0.1046875 0.0546875 0.0359375
2 0.78515625 0.37109375 0.103125 0.10625
2 0.63359375 0.09140625 0.084375 0.0546875
4 0.66171875 0.1546875 0.021875 0.025