2 0.53046875 0.9046875 0.175 0.190625
2 0.69296875 0.82421875 0.0578125 0.0921875
2 0.6328125 0.75859375 0.0625 0.046875
2 0.4875 0.6421875 0.05 0.0578125
2 0.56796875 0.3390625 0.09375 0.175
2 0.50546875 0.521875 0.0390625 0.05
2 0.5109375 0.45703125 0.0703125 0.0984375
2 0.4203125 0.41640625 0.05 0.065625
2 0.20625 0.53515625 0.06875 0.06875
2 0.48828125 0.165625 0.05 0.0625
2 0.50703125 0.0234375 0.05 0.034375
4 0.3734375 0.02890625 0.025 0.01875
2 0.68203125 0.19375 0.04375 0.03125
2 0.771875 0.1625 0.05 0.0640625
4 0.58671875 0.11484375 0.040625 0.0546875
2 0.26875 0.06328125 0.028125 0.034375
2 0.615625 0.240625 0.034375 0.0625