2 0.37890625 0.85 0.06875 0.0890625
2 0.08671875 0.7734375 0.075 0.090625
2 0.41640625 0.56171875 0.103125 0.08125
2 0.33203125 0.55078125 0.0546875 0.0625
2 0.5375 0.7109375 0.1625 0.109375
2 0.6421875 0.8234375 0.053125 0.0828125
2 0.7390625 0.93515625 0.0640625 0.0859375
2 0.7109375 0.41328125 0.0609375 0.053125
2 0.76328125 0.39609375 0.0765625 0.04375
2 0.9796875 0.40859375 0.040625 0.0515625
2 0.62421875 0.30859375 0.0671875 0.034375
4 0.525 0.21953125 0.0453125 0.0375
2 0.3734375 0.2421875 0.0234375 0.0296875
2 0.3546875 0.075 0.0828125 0.0421875
4 0.1046875 0.44375 0.0421875 0.0453125