2 0.3609375 0.7125 0.1828125 0.228125
2 0.3171875 0.81171875 0.021875 0.040625
2 0.37421875 0.778125 0.0734375 0.0953125
2 0.403125 0.84453125 0.0265625 0.053125
2 0.4125 0.97109375 0.0390625 0.053125
2 0.05 0.7125 0.09375 0.1078125
2 0.25546875 0.5234375 0.103125 0.1546875
2 0.02890625 0.24140625 0.0578125 0.0984375
2 0.359375 0.41171875 0.1140625 0.1109375
2 0.378125 0.54375 0.0859375 0.0984375
2 0.34140625 0.10078125 0.0546875 0.0671875
2 0.56796875 0.0703125 0.0421875 0.1
4 0.54453125 0.36875 0.03125 0.025
4 0.49765625 0.334375 0.05 0.0609375
4 0.003125 0.16171875 0.00625 0.0953125
2 0.1703125 0.92421875 0.0484375 0.0671875
2 0.0859375 0.86328125 0.0953125 0.1171875
2 0.22890625 0.66796875 0.05625 0.1453125
2 0.24140625 0.7890625 0.0640625 0.1109375
2 0.434375 0.9421875 0.046875 0.0640625
2 0.42265625 0.99609375 0.0359375 0.0078125
2 0.61640625 0.5640625 0.0703125 0.1171875
2 0.515625 0.88515625 0.0828125 0.1234375
2 0.35390625 0.96171875 0.0328125 0.0734375
2 0.52734375 0.503125 0.0421875 0.0953125
4 0.078125 0.9765625 0.040625 0.04375
2 0.1546875 0.71015625 0.0796875 0.0546875
2 0.45234375 0.4046875 0.0953125 0.1078125
2 0.6296875 0.46015625 0.04375 0.04375
2 0.63515625 0.3140625 0.021875 0.0484375
2 0.57421875 0.4921875 0.0328125 0.0625
2 0.490625 0.6859375 0.078125 0.1203125
2 0.5984375 0.6734375 0.0640625 0.1046875
2 0.45 0.265625 0.021875 0.03125
2 0.61171875 0.4078125 0.0171875 0.028125
2 0.4515625 0.27421875 0.10625 0.1109375
2 0.490625 0.15625 0.1 0.15625
2 0.54375 0.31875 0.06875 0.0859375