0 0.8171875 0.03359375 0.0203125 0.0171875
0 0.63203125 0.19375 0.0359375 0.0203125
1 0.5421875 0.26484375 0.0359375 0.0453125
1 0.71875 0.32578125 0.0265625 0.0625
4 0.46796875 0.4453125 0.03125 0.0296875
2 0.3234375 0.43828125 0.06875 0.065625
4 0.415625 0.5546875 0.034375 0.05
4 0.44375 0.5546875 0.0421875 0.0328125
0 0.4984375 0.5875 0.034375 0.0296875
0 0.3640625 0.53359375 0.0328125 0.0375
0 0.4265625 0.60546875 0.0421875 0.0296875
4 0.33515625 0.5375 0.0390625 0.0328125
0 0.253125 0.76328125 0.0484375 0.0265625
0 0.41484375 0.9234375 0.0390625 0.0265625
2 0.4234375 0.95078125 0.0484375 0.0375
4 0.91015625 0.29765625 0.009375 0.009375
4 0.1953125 0.25546875 0.046875 0.0234375