2 0.1140625 0.5171875 0.228125 0.1875
2 0.19453125 0.35390625 0.0921875 0.0640625
2 0.2625 0.40625 0.05 0.0625
2 0.3859375 0.5359375 0.059375 0.0515625
2 0.6703125 0.434375 0.1765625 0.1046875
2 0.5 0.509375 0.0515625 0.0421875
2 0.56171875 0.4984375 0.1 0.0765625
2 0.60859375 0.58125 0.065625 0.0515625
2 0.5125 0.796875 0.071875 0.071875
2 0.84296875 0.4953125 0.0640625 0.0546875
2 0.978125 0.46640625 0.0375 0.05
4 0.984375 0.59375 0.0203125 0.0265625
2 0.80078125 0.3125 0.034375 0.0453125
2 0.82265625 0.22421875 0.0671875 0.053125
4 0.88359375 0.39765625 0.05625 0.0453125
2 0.959375 0.69765625 0.0328125 0.0296875
2 0.7609375 0.3796875 0.0640625 0.0375