4 0.32734375 0.88828125 0.1171875 0.1734375
4 0.56015625 0.55625 0.134375 0.05
4 0.71015625 0.69296875 0.103125 0.04375
4 0.503125 0.4984375 0.059375 0.0421875
2 0.1859375 0.52265625 0.075 0.053125
2 0.39609375 0.55078125 0.046875 0.0625
2 0.303125 0.68359375 0.08125 0.090625
2 0.43984375 0.49375 0.053125 0.0453125
2 0.4859375 0.20390625 0.0359375 0.025
2 0.4765625 0.16015625 0.0625 0.025
2 0.51328125 0.715625 0.125 0.078125
2 0.35234375 0.94921875 0.040625 0.1015625
2 0.42265625 0.81484375 0.0078125 0.1109375
3 0.94140625 0.54609375 0.1171875 0.0390625
2 0.62109375 0.315625 0.0375 0.025
2 0.40546875 0.2375 0.071875 0.0328125
4 0.3171875 0.4140625 0.03125 0.0375
4 0.24765625 0.484375 0.071875 0.040625
4 0.2640625 0.61875 0.078125 0.053125
4 0.5015625 0.68984375 0.0625 0.0484375
4 0.45546875 0.78125 0.0453125 0.0328125
4 0.4015625 0.74296875 0.053125 0.046875
4 0.42109375 0.66875 0.025 0.021875
4 0.06875 0.78046875 0.103125 0.1390625
4 0.9875 0.7578125 0.025 0.025
4 0.3796875 0.4890625 0.01875 0.01875
4 0.31171875 0.63203125 0.05 0.025
4 0.52578125 0.26953125 0.0265625 0.021875
2 0.22578125 0.6875 0.0625 0.078125
4 0.32578125 0.521875 0.06875 0.05
4 0.24921875 0.20390625 0.046875 0.0125