2 0.26640625 0.753125 0.1171875 0.2046875
2 0.0796875 0.7953125 0.065625 0.0734375
2 0.1640625 0.859375 0.1015625 0.1171875
2 0.12109375 0.92734375 0.053125 0.0546875
2 0.25625 0.5609375 0.05625 0.0625
2 0.4109375 0.3734375 0.1015625 0.0796875
2 0.56640625 0.2203125 0.071875 0.10625
2 0.321875 0.3984375 0.0296875 0.04375
4 0.20234375 0.4 0.0296875 0.021875
2 0.4390625 0.64296875 0.04375 0.0390625
2 0.35625 0.66875 0.04375 0.0671875
2 0.6234375 0.3734375 0.053125 0.0921875
2 0.603125 0.02890625 0.046875 0.04375
2 0.1484375 0.28046875 0.0703125 0.0640625
2 0.08515625 0.41171875 0.0296875 0.0390625
2 0.23671875 0.275 0.01875 0.0515625
2 0.3296875 0.43984375 0.0390625 0.0375
4 0.3703125 0.5421875 0.0578125 0.0640625
2 0.290625 0.3 0.053125 0.0796875
2 0.53203125 0.64140625 0.06875 0.065625