0 0.684375 0.33046875 0.0546875 0.0265625
0 0.675 0.45625 0.0328125 0.0421875
0 0.665625 0.48515625 0.0421875 0.05
0 0.5453125 0.53125 0.0234375 0.034375
0 0.49140625 0.47890625 0.025 0.0296875
0 0.7421875 0.753125 0.0640625 0.034375
1 0.49921875 0.64296875 0.0359375 0.0484375
1 0.4484375 0.7984375 0.0421875 0.0609375
1 0.465625 0.45078125 0.05625 0.0765625
1 0.47421875 0.18828125 0.0390625 0.046875
4 0.43984375 0.36015625 0.0328125 0.0265625
4 0.5828125 0.41171875 0.0359375 0.03125
4 0.721875 0.50546875 0.0703125 0.05625
2 0.4625 0.50625 0.0484375 0.0359375