4 0.54765625 0.54296875 0.0375 0.046875
4 0.55703125 0.60703125 0.025 0.03125
4 0.73515625 0.72421875 0.01875 0.0390625
4 0.7359375 0.47421875 0.0265625 0.0359375
4 0.665625 0.6296875 0.025 0.0296875
4 0.290625 0.55703125 0.0140625 0.0171875
1 0.31484375 0.00546875 0.0171875 0.0109375
0 0.25078125 0.26640625 0.0109375 0.0109375
4 0.41484375 0.97265625 0.0171875 0.0203125
0 0.51015625 0.54921875 0.0234375 0.0234375
2 0.4578125 0.63671875 0.021875 0.0296875
0 0.67578125 0.740625 0.0359375 0.028125