4 0.45390625 0.57578125 0.140625 0.075
2 0.18515625 0.55390625 0.0828125 0.071875
2 0.44765625 0.921875 0.2359375 0.15625
2 0.61875 0.9484375 0.19375 0.103125
2 0.2578125 0.89921875 0.1078125 0.0859375
4 0.37109375 0.55625 0.065625 0.05
4 0.9234375 0.49296875 0.084375 0.04375
4 0.3875 0.78359375 0.046875 0.0328125
4 0.0609375 0.55546875 0.084375 0.0625
0 0.41171875 0.2890625 0.0234375 0.0203125
3 0.5234375 0.36015625 0.078125 0.04375
3 0.9828125 0.61796875 0.01875 0.0578125
1 0.965625 0.446875 0.06875 0.05
2 0.525 0.3 0.053125 0.0359375
2 0.52109375 0.24296875 0.0328125 0.0234375
2 0.28828125 0.25078125 0.0546875 0.0203125
2 0.23515625 0.28203125 0.065625 0.040625
2 0.28046875 0.634375 0.0625 0.065625
2 0.3125 0.4984375 0.0640625 0.046875
2 0.35078125 0.62890625 0.071875 0.0859375
2 0.38359375 0.6140625 0.0609375 0.046875
2 0.30234375 0.60546875 0.071875 0.0671875
2 0.24296875 0.78671875 0.0609375 0.0453125
2 0.503125 0.775 0.078125 0.0734375
2 0.41875 0.86015625 0.1046875 0.0359375
2 0.48046875 0.72421875 0.06875 0.065625
2 0.528125 0.72109375 0.046875 0.0328125
2 0.15234375 0.6203125 0.0484375 0.0546875
2 0.07421875 0.91484375 0.1484375 0.0890625
2 0.2765625 0.2171875 0.0203125 0.0109375
4 0.31484375 0.21171875 0.0140625 0.0171875
2 0.14609375 0.7265625 0.0765625 0.075
4 0.67109375 0.80546875 0.0984375 0.1265625
2 0.3296875 0.87265625 0.040625 0.0484375