0 0.44296875 0.2703125 0.0328125 0.0265625
3 0.57265625 0.0390625 0.0515625 0.078125
1 0.546875 0.32421875 0.04375 0.046875
1 0.5890625 0.2671875 0.0359375 0.0484375
1 0.7125 0.3015625 0.071875 0.05
3 0.5625 0.4484375 0.0515625 0.0265625
3 0.47734375 0.35390625 0.015625 0.021875
3 0.765625 0.4390625 0.0328125 0.034375
3 0.6359375 0.57890625 0.0265625 0.034375
3 0.51875 0.48359375 0.0296875 0.046875
2 0.66875 0.44765625 0.0640625 0.053125
4 0.5125 0.39140625 0.0296875 0.0328125
4 0.40859375 0.2640625 0.015625 0.04375
2 0.40078125 0.5453125 0.021875 0.034375
4 0.3875 0.36328125 0.025 0.0203125
4 0.36796875 0.3578125 0.0125 0.021875
4 0.3625 0.38046875 0.0125 0.0125
0 0.609375 0.834375 0.01875 0.0171875