2 0.934375 0.44296875 0.0609375 0.0859375
2 0.975 0.6765625 0.05 0.11875
2 0.84296875 0.24140625 0.0890625 0.0765625
2 0.63828125 0.38515625 0.0953125 0.1140625
2 0.66171875 0.45 0.0609375 0.065625
2 0.44453125 0.6703125 0.03125 0.0390625
2 0.36171875 0.83671875 0.05 0.0765625
2 0.39765625 0.309375 0.05 0.0546875
2 0.36171875 0.30078125 0.0546875 0.0953125
2 0.67109375 0.18046875 0.11875 0.1625
2 0.6640625 0.04921875 0.05625 0.046875
4 0.71953125 0.72109375 0.034375 0.0765625
2 0.3890625 0.44296875 0.0484375 0.0703125
2 0.01484375 0.42734375 0.0296875 0.0859375
4 0.321875 0.0375 0.046875 0.03125