2 0.20859375 0.21015625 0.1640625 0.18125
2 0.096875 0.30234375 0.1921875 0.240625
2 0.2796875 0.34609375 0.0765625 0.0515625
2 0.21484375 0.35546875 0.1078125 0.0734375
2 0.2328125 0.4328125 0.1046875 0.1203125
2 0.22109375 0.52734375 0.06875 0.0703125
1 0.0734375 0.69296875 0.1265625 0.09375
2 0.06953125 0.67421875 0.1390625 0.1515625
2 0.165625 0.64296875 0.065625 0.0609375
2 0.28046875 0.60390625 0.0578125 0.0640625
2 0.3390625 0.7515625 0.0328125 0.05
2 0.2609375 0.734375 0.028125 0.0203125
4 0.3125 0.76484375 0.0421875 0.053125
4 0.125 0.75078125 0.1203125 0.128125
2 0.31015625 0.840625 0.0765625 0.065625
2 0.34140625 0.92265625 0.071875 0.1515625
2 0.125 0.0140625 0.06875 0.028125
2 0.0328125 0.05390625 0.0515625 0.0765625
2 0.35078125 0.09921875 0.0203125 0.028125
2 0.6375 0.46796875 0.0359375 0.0421875
2 0.59609375 0.3453125 0.015625 0.015625
2 0.60625 0.6625 0.01875 0.025