0 0.5921875 0.5859375 0.0296875 0.021875
0 0.7015625 0.5921875 0.0390625 0.03125
0 0.75 0.61015625 0.0515625 0.0328125
0 0.7390625 0.6734375 0.0375 0.040625
0 0.8015625 0.621875 0.059375 0.021875
0 0.59296875 0.81328125 0.034375 0.021875
0 0.5375 0.8765625 0.0375 0.028125
0 0.47421875 0.73203125 0.034375 0.021875
0 0.596875 0.48671875 0.0375 0.015625
2 0.5671875 0.38984375 0.0609375 0.05
4 0.8 0.36328125 0.053125 0.0296875
4 0.91484375 0.48046875 0.08125 0.0421875
4 0.8765625 0.640625 0.0765625 0.053125
4 0.8015625 0.590625 0.03125 0.04375
4 0.6328125 0.56875 0.0328125 0.05
4 0.6671875 0.5765625 0.040625 0.03125
4 0.48203125 0.89765625 0.0328125 0.03125
4 0.42578125 0.7765625 0.0234375 0.0265625
1 0.5578125 0.609375 0.03125 0.0390625
1 0.47890625 0.55234375 0.0578125 0.0609375
1 0.3703125 0.96875 0.0359375 0.0375
0 0.5234375 0.9828125 0.021875 0.034375
1 0.60546875 0.190625 0.0640625 0.0671875
4 0.58125 0.51328125 0.046875 0.0421875
2 0.57734375 0.5515625 0.040625 0.0359375