2 0.2765625 0.33984375 0.0390625 0.0484375
2 0.32265625 0.390625 0.071875 0.0796875
4 0.1984375 0.56484375 0.0484375 0.0734375
1 0.015625 0.8546875 0.03125 0.0625
3 0.05703125 0.91484375 0.0390625 0.0453125
3 0.3921875 0.76015625 0.0609375 0.1203125
3 0.1609375 0.66796875 0.059375 0.0515625
3 0.12265625 0.44453125 0.071875 0.053125
1 0.3140625 0.525 0.0796875 0.0828125
4 0.26953125 0.03984375 0.08125 0.078125
2 0.36015625 0.0421875 0.103125 0.0796875
2 0.28046875 0.13046875 0.0765625 0.0484375
4 0.75703125 0.15390625 0.1171875 0.1109375