2 0.33125 0.43359375 0.1796875 0.096875
2 0.378125 0.56640625 0.15 0.1046875
2 0.315625 0.51328125 0.109375 0.071875
2 0.275 0.49765625 0.1109375 0.0703125
2 0.5625 0.67578125 0.0953125 0.1
2 0.48359375 0.9015625 0.10625 0.1171875
2 0.75 0.9390625 0.08125 0.075
2 0.603125 0.43359375 0.03125 0.028125
1 0.62890625 0.45234375 0.0265625 0.01875
2 0.540625 0.4890625 0.04375 0.0328125
2 0.58203125 0.528125 0.0625 0.065625
2 0.51015625 0.30078125 0.1046875 0.053125
2 0.43203125 0.32265625 0.03125 0.0296875
4 0.465625 0.33515625 0.0171875 0.0171875
2 0.8984375 0.5046875 0.08125 0.0578125
2 0.840625 0.4578125 0.04375 0.0609375
2 0.89453125 0.7109375 0.046875 0.0640625
2 0.56875 0.0328125 0.015625 0.0140625
4 0.52734375 0.24140625 0.0203125 0.0203125