4 0.60546875 0.21484375 0.025 0.0296875
4 0.7203125 0.16171875 0.05 0.0328125
4 0.64375 0.1421875 0.0328125 0.0203125
4 0.73125 0.74765625 0.03125 0.05
4 0.21953125 0.56015625 0.0109375 0.0109375
4 0.06875 0.0359375 0.0109375 0.009375
1 0.12578125 0.51953125 0.0125 0.0328125
0 0.15 0.49765625 0.0109375 0.015625
0 0.58125 0.38515625 0.0296875 0.0234375
0 0.790625 0.41953125 0.0546875 0.028125
2 0.78671875 0.38984375 0.0328125 0.0375
1 0.70390625 0.54609375 0.0484375 0.0578125
0 0.81171875 0.59765625 0.0546875 0.03125
2 0.79609375 0.6734375 0.0421875 0.05625
0 0.746875 0.72578125 0.0453125 0.0421875
1 0.42734375 0.584375 0.0484375 0.040625