2 0.3953125 0.45546875 0.1109375 0.134375
2 0.68984375 0.36171875 0.0515625 0.0625
2 0.7671875 0.4625 0.0328125 0.05625
2 0.59375 0.446875 0.04375 0.071875
2 0.75859375 0.07890625 0.0265625 0.025
2 0.76015625 0.05 0.0234375 0.03125
2 0.72578125 0.0421875 0.028125 0.028125
2 0.7171875 0.1015625 0.0140625 0.0171875
2 0.84765625 0.16953125 0.0265625 0.0375
2 0.80390625 0.115625 0.025 0.0484375
2 0.84140625 0.08515625 0.0234375 0.0359375
2 0.840625 0.05390625 0.03125 0.0171875
4 0.05234375 0.6765625 0.03125 0.05625
4 0.00625 0.640625 0.0125 0.0375
2 0.44453125 0.890625 0.0203125 0.028125
2 0.5625 0.53125 0.0171875 0.0421875
2 0.48671875 0.63828125 0.0203125 0.025
2 0.56875 0.55390625 0.0140625 0.0109375
2 0.53984375 0.31875 0.0125 0.0140625
2 0.459375 0.49140625 0.0171875 0.0265625