0 0.03125 0.45078125 0.0125 0.00625
0 0.1609375 0.30390625 0.0140625 0.0125
4 0.13046875 0.4421875 0.015625 0.01875
4 0.48125 0.346875 0.03125 0.034375
4 0.584375 0.3984375 0.05 0.03125
4 0.58046875 0.41484375 0.04375 0.034375
4 0.653125 0.3484375 0.08125 0.03125
4 0.70078125 0.43046875 0.071875 0.03125
4 0.665625 0.628125 0.06875 0.05625
4 0.5578125 0.6078125 0.046875 0.053125
0 0.3390625 0.39296875 0.03125 0.028125
0 0.3140625 0.42890625 0.025 0.03125
0 0.2484375 0.81640625 0.015625 0.025
0 0.2484375 0.790625 0.0265625 0.025
0 0.3234375 0.7625 0.025 0.021875
0 0.37265625 0.6984375 0.03125 0.0140625
0 0.26875 0.72109375 0.028125 0.0234375
0 0.4140625 0.646875 0.040625 0.021875
0 0.44765625 0.6625 0.0328125 0.03125
4 0.16015625 0.8046875 0.0171875 0.0203125
1 0.246875 0.76328125 0.028125 0.034375
4 0.30546875 0.7109375 0.021875 0.021875
2 0.3515625 0.615625 0.0484375 0.03125
0 0.36875 0.590625 0.0234375 0.009375
0 0.45546875 0.6890625 0.0265625 0.0140625
4 0.5140625 0.5953125 0.0375 0.034375
4 0.39765625 0.771875 0.0375 0.05
4 0.83203125 0.48671875 0.05625 0.0375
1 0.3171875 0.28984375 0.0421875 0.04375
1 0.24296875 0.2234375 0.040625 0.0453125
4 0.33984375 0.25078125 0.025 0.0375
4 0.52890625 0.2546875 0.040625 0.0265625