2 0.759375 0.51015625 0.0609375 0.084375
2 0.740625 0.146875 0.0609375 0.0734375
4 0.77265625 0.325 0.04375 0.0625
2 0.91328125 0.72578125 0.0421875 0.053125
2 0.61796875 0.45390625 0.0875 0.184375
2 0.87421875 0.33515625 0.1484375 0.23125
2 0.63671875 0.1140625 0.1015625 0.228125
2 0.71953125 0.178125 0.028125 0.0296875
2 0.69375 0.14609375 0.025 0.0296875
2 0.60546875 0.18671875 0.04375 0.0984375
2 0.71796875 0.30859375 0.03125 0.06875
2 0.7625 0.56796875 0.05625 0.0328125
2 0.803125 0.13828125 0.053125 0.0640625