0 0.83125 0.04296875 0.0203125 0.0171875
0 0.63125 0.1984375 0.0359375 0.0234375
1 0.534375 0.26796875 0.0421875 0.046875
1 0.7140625 0.33984375 0.03125 0.0640625
4 0.44765625 0.45 0.034375 0.03125
2 0.2984375 0.43515625 0.075 0.071875
4 0.3875 0.56015625 0.0359375 0.053125
4 0.4171875 0.5625 0.04375 0.0359375
0 0.47265625 0.5984375 0.0375 0.03125
0 0.33515625 0.5359375 0.0375 0.040625
0 0.39609375 0.6140625 0.0453125 0.0328125
4 0.3046875 0.53828125 0.0421875 0.0375
0 0.2078125 0.76796875 0.0484375 0.028125
0 0.3671875 0.9421875 0.04375 0.03125
2 0.3734375 0.97109375 0.05 0.0390625
4 0.9140625 0.32109375 0.0125 0.0109375
4 0.17578125 0.23828125 0.0484375 0.028125