2 0.721875 0.73046875 0.053125 0.084375
2 0.8078125 0.48828125 0.0421875 0.0515625
2 0.796875 0.91171875 0.0453125 0.075
2 0.7125 0.928125 0.078125 0.0921875
2 0.89609375 0.85546875 0.1359375 0.2109375
2 0.60234375 0.82421875 0.0671875 0.178125
2 0.83046875 0.790625 0.05 0.0671875
2 0.990625 0.7546875 0.01875 0.125
2 0.634375 0.65234375 0.078125 0.0984375
2 0.70859375 0.67578125 0.0578125 0.034375
2 0.74453125 0.9265625 0.0171875 0.0328125
2 0.61953125 0.10625 0.0234375 0.021875
2 0.1859375 0.30546875 0.034375 0.0625