2 0.58828125 0.93359375 0.1375 0.1109375
2 0.75625 0.93515625 0.153125 0.1046875
2 0.82890625 0.77890625 0.0703125 0.125
2 0.9 0.75390625 0.0859375 0.071875
2 0.75546875 0.859375 0.0859375 0.0703125
2 0.7703125 0.76796875 0.040625 0.08125
2 0.71796875 0.71015625 0.1015625 0.1265625
2 0.6421875 0.696875 0.071875 0.0921875
2 0.68671875 0.6015625 0.0296875 0.025
4 0.6609375 0.5875 0.0875 0.0890625
2 0.5890625 0.6234375 0.0625 0.0453125
2 0.64453125 0.5203125 0.096875 0.1
2 0.7015625 0.51796875 0.0953125 0.103125
4 0.73203125 0.446875 0.05 0.0625
2 0.684375 0.44453125 0.05 0.05
2 0.625 0.41015625 0.0734375 0.1296875
4 0.6125 0.23125 0.1015625 0.075
2 0.39765625 0.153125 0.090625 0.09375
2 0.47265625 0.16640625 0.0296875 0.0828125
2 0.3875 0.08125 0.0953125 0.121875
4 0.3359375 0.090625 0.0328125 0.0765625
2 0.48203125 0.03125 0.040625 0.05625
2 0.38125 0.028125 0.059375 0.0453125
1 0.52578125 0.60546875 0.0296875 0.0265625
2 0.3484375 0.978125 0.04375 0.04375
2 0.7015625 0.31171875 0.0984375 0.1625
2 0.23828125 0.04609375 0.0265625 0.0359375
4 0.56171875 0.028125 0.0359375 0.05625
4 0.45546875 0.421875 0.0328125 0.0328125