0 0.76015625 0.653125 0.0484375 0.0515625
0 0.68984375 0.76015625 0.0484375 0.0359375
0 0.76796875 0.48125 0.059375 0.0296875
0 0.50703125 0.425 0.0390625 0.03125
0 0.07421875 0.5453125 0.009375 0.015625
4 0.76328125 0.20625 0.0515625 0.03125
4 0.6453125 0.20234375 0.034375 0.0171875
4 0.58671875 0.27734375 0.0328125 0.0328125
2 0.75390625 0.43984375 0.0890625 0.04375
1 0.67265625 0.5828125 0.0375 0.0484375
2 0.7546875 0.715625 0.0703125 0.0625
4 0.68125 0.79296875 0.040625 0.0546875
1 0.33984375 0.64609375 0.0453125 0.059375
4 0.14296875 0.62578125 0.009375 0.0125
1 0.0515625 0.575 0.0125 0.0375