1 0.42578125 0.22734375 0.0484375 0.08125
1 0.3625 0.55859375 0.053125 0.046875
1 0.40625 0.6515625 0.0359375 0.0328125
1 0.1703125 0.89609375 0.01875 0.0234375
1 0.290625 0.734375 0.0265625 0.0140625
0 0.4890625 0.36796875 0.0390625 0.025
0 0.51640625 0.5859375 0.0375 0.034375
0 0.50546875 0.61328125 0.0390625 0.0203125
0 0.4890625 0.609375 0.021875 0.0328125
0 0.51953125 0.65078125 0.034375 0.0359375
0 0.43515625 0.80625 0.021875 0.0265625
0 0.36640625 0.83828125 0.0265625 0.0203125
0 0.3234375 0.68828125 0.0296875 0.0171875
0 0.55390625 0.534375 0.0203125 0.0296875
0 0.58203125 0.55234375 0.034375 0.0328125
0 0.3453125 0.47109375 0.0265625 0.0171875
4 0.4171875 0.3671875 0.034375 0.0265625
4 0.56328125 0.3609375 0.034375 0.0203125
4 0.36796875 0.521875 0.0359375 0.0296875
4 0.3015625 0.7984375 0.0234375 0.0140625
2 0.46015625 0.36484375 0.028125 0.0421875
4 0.64609375 0.4625 0.0609375 0.0296875
4 0.7515625 0.4734375 0.0453125 0.0421875
4 0.68046875 0.57734375 0.05625 0.046875
4 0.51015625 0.54375 0.0390625 0.0328125
4 0.47578125 0.55 0.03125 0.0453125
4 0.53515625 0.52265625 0.021875 0.01875
0 0.384375 0.959375 0.0265625 0.0203125
2 0.45 0.575 0.040625 0.04375