0 0.20078125 0.8984375 0.028125 0.04375
0 0.27265625 0.7359375 0.0390625 0.05
0 0.13671875 0.7890625 0.040625 0.0484375
0 0.7984375 0.425 0.0140625 0.0171875
0 0.79296875 0.39140625 0.0109375 0.015625
0 0.678125 0.28515625 0.0109375 0.0125
0 0.64296875 0.5703125 0.01875 0.021875
4 0.66328125 0.746875 0.025 0.028125
2 0.29140625 0.928125 0.059375 0.071875
4 0.15546875 0.828125 0.0484375 0.046875
4 0.10078125 0.9375 0.05625 0.0296875
4 0.140625 0.81328125 0.053125 0.05625
1 0.48203125 0.49609375 0.059375 0.0375
1 0.48203125 0.70859375 0.0453125 0.04375
4 0.90703125 0.4390625 0.015625 0.0203125
4 0.996875 0.37734375 0.00625 0.0109375
4 0.95625 0.328125 0.0109375 0.009375
1 0.78671875 0.2625 0.025 0.0078125
4 0.83046875 0.4390625 0.0125 0.0078125