4 0.91875 0.44296875 0.1625 0.1578125
4 0.54765625 0.60234375 0.0828125 0.1484375
4 0.65078125 0.78671875 0.06875 0.1140625
4 0.50234375 0.53125 0.05625 0.06875
2 0.60078125 0.21640625 0.071875 0.0890625
2 0.58046875 0.43515625 0.0734375 0.0609375
2 0.73671875 0.371875 0.1109375 0.103125
2 0.51328125 0.46640625 0.0578125 0.0625
2 0.20859375 0.44453125 0.0328125 0.0421875
2 0.1671875 0.42578125 0.040625 0.06875
2 0.7203125 0.59140625 0.109375 0.146875
2 0.96875 0.4796875 0.0625 0.059375
2 0.84140625 0.5234375 0.1140625 0.034375
3 0.453125 0.9609375 0.05625 0.078125
2 0.28984375 0.6078125 0.034375 0.0421875
2 0.2609375 0.37109375 0.05 0.08125
4 0.46171875 0.3234375 0.04375 0.0390625
4 0.5484375 0.26953125 0.059375 0.0828125
4 0.68125 0.3171875 0.0734375 0.0921875
4 0.69609375 0.57421875 0.0640625 0.075
4 0.8 0.5484375 0.04375 0.053125
4 0.7734375 0.48515625 0.059375 0.0640625
4 0.69453125 0.48828125 0.0296875 0.0296875
4 0.88984375 0.15703125 0.1640625 0.1359375
4 0.52265625 0.403125 0.0234375 0.0234375
4 0.68203125 0.36796875 0.0375 0.05625
4 0.265625 0.50078125 0.0296875 0.0328125
2 0.759375 0.29453125 0.09375 0.0828125
4 0.56796875 0.35703125 0.0671875 0.08125
4 0.2640625 0.20546875 0.0234375 0.0515625