2 0.64765625 0.08828125 0.04375 0.0578125
0 0.20390625 0.1390625 0.0390625 0.0234375
1 0.1484375 0.30859375 0.0453125 0.0765625
1 0.51328125 0.2921875 0.053125 0.0625
4 0.54609375 0.184375 0.04375 0.0578125
4 0.93203125 0.11484375 0.1359375 0.0890625
0 0.7375 0.27421875 0.0921875 0.0546875
0 0.4546875 0.55 0.059375 0.034375
4 0.45546875 0.59140625 0.0515625 0.05625
2 0.58515625 0.5078125 0.08125 0.0859375
4 0.89921875 0.72109375 0.0625 0.046875
4 0.5359375 0.34140625 0.0421875 0.040625
4 0.4984375 0.3828125 0.0390625 0.0421875
0 0.4421875 0.225 0.05625 0.03125
4 0.303125 0.4296875 0.0359375 0.0375