4 0.825 0.55390625 0.0953125 0.0921875
4 0.734375 0.50625 0.1015625 0.0515625
4 0.55078125 0.28125 0.05625 0.046875
4 0.3578125 0.29921875 0.0375 0.0328125
4 0.5921875 0.73046875 0.05625 0.0484375
0 0.590625 0.55 0.0625 0.0359375
0 0.69375 0.6890625 0.05 0.05625
0 0.74296875 0.5859375 0.053125 0.0453125
0 0.73671875 0.55 0.08125 0.053125
0 0.62578125 0.34609375 0.0484375 0.053125
0 0.62890625 0.246875 0.0546875 0.0375
0 0.68203125 0.17421875 0.06875 0.0484375
0 0.40546875 0.403125 0.0484375 0.0375
0 0.47421875 0.52890625 0.046875 0.04375
1 0.34453125 0.8109375 0.071875 0.096875
1 0.3640625 0.4375 0.078125 0.071875
1 0.42890625 0.5828125 0.05 0.0515625
1 0.41640625 0.08828125 0.0515625 0.0546875
2 0.359375 0.5390625 0.05625 0.0609375