0 0.47109375 0.334375 0.0296875 0.0296875
3 0.7578125 0.053125 0.084375 0.0390625
3 0.54296875 0.46484375 0.0265625 0.0421875
3 0.525 0.50546875 0.046875 0.015625
3 0.6375 0.5625 0.0390625 0.0296875
3 0.74453125 0.43828125 0.03125 0.0296875
1 0.575 0.4203125 0.040625 0.0390625
1 0.59296875 0.24375 0.0359375 0.0375
1 0.71171875 0.2578125 0.06875 0.0359375
2 0.428125 0.5515625 0.0234375 0.028125
3 0.484375 0.38828125 0.021875 0.015625
4 0.43203125 0.35625 0.0171875 0.021875
4 0.446875 0.40234375 0.0125 0.01875
4 0.41640625 0.46171875 0.0171875 0.021875
4 0.44140625 0.45078125 0.01875 0.021875
0 0.63046875 0.8328125 0.0234375 0.015625
2 0.7453125 0.35625 0.0703125 0.0546875