2 0.384375 0.525 0.215625 0.190625
2 0.53359375 0.72578125 0.0765625 0.0796875
2 0.57265625 0.965625 0.1046875 0.06875
2 0.34453125 0.96796875 0.1234375 0.053125
2 0.37734375 0.871875 0.04375 0.0453125
4 0.42734375 0.775 0.06875 0.0984375
2 0.38125 0.65703125 0.090625 0.109375
2 0.2296875 0.53125 0.0546875 0.0671875
4 0.19609375 0.89921875 0.1796875 0.171875
2 0.96640625 0.36171875 0.0359375 0.0390625
1 0.31015625 0.9171875 0.0203125 0.0203125
2 0.53984375 0.88203125 0.0234375 0.025
4 0.5828125 0.77578125 0.01875 0.0296875