0 0.56015625 0.41328125 0.0328125 0.028125
0 0.6625 0.38515625 0.04375 0.0390625
0 0.7046875 0.35859375 0.0546875 0.0390625
0 0.68203125 0.3 0.0421875 0.046875
0 0.7515625 0.33671875 0.059375 0.03125
0 0.51484375 0.19765625 0.0390625 0.0296875
0 0.44921875 0.14921875 0.040625 0.0359375
0 0.41796875 0.29765625 0.0390625 0.0296875
0 0.58515625 0.50625 0.040625 0.0234375
2 0.5765625 0.603125 0.0671875 0.059375
4 0.80234375 0.58359375 0.0546875 0.0390625
4 0.8875 0.4484375 0.0859375 0.0578125
4 0.81875 0.30390625 0.08125 0.065625
4 0.7578125 0.36640625 0.0390625 0.05
4 0.603125 0.42109375 0.040625 0.0546875
4 0.634375 0.40703125 0.04375 0.0375
4 0.39296875 0.13984375 0.0375 0.0359375
4 0.36328125 0.26640625 0.0265625 0.0296875
1 0.52265625 0.39765625 0.0375 0.04375
1 0.459375 0.46875 0.0671875 0.06875
1 0.27265625 0.0953125 0.0421875 0.04375
0 0.41484375 0.05078125 0.028125 0.0375
0 0.40234375 0.01796875 0.0375 0.025
4 0.98984375 0.45625 0.0203125 0.046875
1 0.65234375 0.784375 0.0734375 0.0765625
4 0.56484375 0.48515625 0.0546875 0.0484375
2 0.553125 0.44921875 0.0453125 0.0421875