2 0.140625 0.61015625 0.046875 0.034375
0 0.22734375 0.22109375 0.015625 0.0328125
1 0.38359375 0.18828125 0.065625 0.034375
1 0.334375 0.51015625 0.053125 0.04375
4 0.2359375 0.52890625 0.046875 0.0359375
4 0.13671875 0.87265625 0.065625 0.13125
0 0.2984375 0.70703125 0.0390625 0.078125
0 0.56953125 0.48203125 0.0265625 0.05
4 0.60625 0.4875 0.046875 0.0421875
2 0.51953125 0.59453125 0.0734375 0.065625
4 0.68046875 0.89296875 0.0375 0.0515625
4 0.3765625 0.53515625 0.03125 0.034375
4 0.41640625 0.50546875 0.034375 0.03125
0 0.28203125 0.440625 0.0234375 0.046875
4 0.47578125 0.33671875 0.03125 0.028125