0 0.50625 0.42890625 0.0484375 0.034375
0 0.73203125 0.4328125 0.0640625 0.040625
0 0.7671875 0.584375 0.0515625 0.05625
0 0.70703125 0.7015625 0.059375 0.046875
0 0.1375 0.61796875 0.0171875 0.015625
1 0.11953125 0.65 0.0265625 0.0375
1 0.39296875 0.65546875 0.0421875 0.0578125
4 0.2203125 0.67421875 0.0125 0.0125
1 0.63984375 0.546875 0.0703125 0.0609375
2 0.77734375 0.64375 0.075 0.0703125
4 0.70078125 0.734375 0.0453125 0.05625
2 0.709375 0.39921875 0.103125 0.0625
4 0.5484375 0.28046875 0.03125 0.0328125
4 0.67265625 0.190625 0.0625 0.040625
4 0.57578125 0.20625 0.0328125 0.021875