2 0.47265625 0.86328125 0.065625 0.0828125
2 0.20390625 0.8265625 0.0703125 0.0828125
2 0.475 0.6015625 0.0953125 0.0796875
2 0.3984375 0.60078125 0.0515625 0.059375
2 0.59921875 0.721875 0.15 0.10625
2 0.70546875 0.81015625 0.0515625 0.0765625
2 0.80390625 0.89921875 0.0609375 0.0796875
2 0.721875 0.43671875 0.05625 0.0515625
2 0.76640625 0.415625 0.06875 0.04375
2 0.9625 0.403125 0.0390625 0.046875
2 0.6328125 0.35234375 0.0625 0.034375
4 0.53359375 0.28359375 0.0421875 0.0359375
2 0.4015625 0.3203125 0.0203125 0.028125
2 0.36640625 0.1734375 0.0765625 0.040625
4 0.18359375 0.53046875 0.0390625 0.04375
2 0.0625 0.87578125 0.0734375 0.1390625