4 0.09296875 0.50234375 0.0359375 0.040625
4 0.19375 0.37109375 0.0234375 0.0296875
4 0.33515625 0.803125 0.078125 0.0625
4 0.33359375 0.71640625 0.0453125 0.0546875
2 0.4984375 0.428125 0.0390625 0.0390625
4 0.50859375 0.51328125 0.05625 0.053125
4 0.4546875 0.48203125 0.0265625 0.0453125
4 0.571875 0.63671875 0.0234375 0.0515625
2 0.42265625 0.4921875 0.0421875 0.0515625
1 0.409375 0.4625 0.0453125 0.0453125
1 0.3703125 0.403125 0.0546875 0.0640625
1 0.71953125 0.4453125 0.0734375 0.053125
0 0.45390625 0.69296875 0.0390625 0.0609375
0 0.25703125 0.4453125 0.0171875 0.0375
0 0.10703125 0.621875 0.0515625 0.0453125
0 0.03359375 0.5671875 0.0359375 0.0390625
0 0.26796875 0.6125 0.0265625 0.0546875
0 0.3828125 0.5234375 0.0390625 0.0328125
0 0.36953125 0.74375 0.0328125 0.0578125