4 0.24296875 0.671875 0.08125 0.0921875
4 0.3109375 0.6046875 0.0578125 0.06875
2 0.5484375 0.34140625 0.071875 0.046875
2 0.49921875 0.634375 0.0578125 0.08125
2 0.4109375 0.61015625 0.0734375 0.0828125
2 0.4328125 0.78125 0.065625 0.0890625
2 0.4875 0.69609375 0.0703125 0.08125
2 0.3171875 0.9125 0.0609375 0.0640625
2 0.31953125 0.853125 0.0375 0.0578125
1 0.22421875 0.21953125 0.05 0.059375
4 0.128125 0.2640625 0.0375 0.059375
2 0.8125 0.6265625 0.040625 0.059375
2 0.571875 0.590625 0.04375 0.046875
4 0.76015625 0.29140625 0.1578125 0.2125
4 0.44921875 0.9578125 0.1171875 0.084375
4 0.6140625 0.4359375 0.0515625 0.046875