2 0.28671875 0.78046875 0.165625 0.103125
2 0.36953125 0.959375 0.0703125 0.0703125
2 0.321875 0.8625 0.0375 0.0828125
2 0.17734375 0.6453125 0.1109375 0.084375
2 0.06484375 0.634375 0.0609375 0.0625
2 0.44453125 0.5046875 0.0625 0.046875
2 0.39140625 0.40078125 0.075 0.0453125
2 0.12265625 0.32109375 0.04375 0.0265625
2 0.13125 0.14921875 0.071875 0.0484375
4 0.796875 0.621875 0.046875 0.059375
2 0.99921875 0.44453125 0.0015625 0.0421875
2 0.81328125 0.06171875 0.1078125 0.03125
2 0.5046875 0.52109375 0.065625 0.0828125
4 0.3296875 0.28203125 0.05 0.040625