2 0.1984375 0.40078125 0.0953125 0.053125
2 0.39765625 0.6453125 0.10625 0.071875
2 0.23203125 0.6609375 0.0671875 0.0890625
2 0.25859375 0.55234375 0.1171875 0.128125
2 0.1875 0.58828125 0.0796875 0.0546875
2 0.121875 0.55859375 0.0625 0.065625
2 0.415625 0.4484375 0.084375 0.0796875
2 0.4921875 0.36328125 0.0484375 0.0703125
2 0.584375 0.38984375 0.0734375 0.140625
2 0.3421875 0.85703125 0.059375 0.05
1 0.4390625 0.88125 0.015625 0.0328125
4 0.35546875 0.90078125 0.05625 0.0609375
2 0.18828125 0.87265625 0.1078125 0.11875
2 0.275 0.79375 0.0625 0.0625
2 0.27890625 0.8796875 0.0640625 0.0875
2 0.278125 0.946875 0.0625 0.0703125
2 0.3234375 0.94140625 0.0328125 0.0234375
2 0.35625 0.94375 0.04375 0.05625
2 0.325 0.71171875 0.0921875 0.0984375
2 0.29453125 0.61953125 0.0421875 0.0578125
2 0.30390625 0.478125 0.0546875 0.046875
2 0.590625 0.2734375 0.059375 0.0859375
2 0.59453125 0.5140625 0.034375 0.0328125
2 0.259375 0.0640625 0.09375 0.128125
2 0.01875 0.875 0.0375 0.15
2 0.059375 0.678125 0.11875 0.134375
2 0.4 0.88203125 0.0734375 0.096875
4 0.24375 0.94375 0.0296875 0.0296875