0 0.29921875 0.6859375 0.0515625 0.053125
0 0.3828125 0.76796875 0.0484375 0.0390625
0 0.26015625 0.534375 0.05625 0.034375
0 0.48203125 0.43515625 0.0390625 0.0328125
0 0.890625 0.46015625 0.0125 0.0171875
4 0.2125 0.28828125 0.05 0.0359375
4 0.3171875 0.2625 0.0328125 0.0203125
4 0.3828125 0.31796875 0.0328125 0.0328125
2 0.2640625 0.49453125 0.084375 0.05
1 0.3640625 0.60703125 0.0390625 0.0453125
2 0.31640625 0.740625 0.0703125 0.0625
4 0.39609375 0.7953125 0.04375 0.0546875
1 0.67265625 0.60078125 0.05 0.059375
4 0.84453125 0.54453125 0.0109375 0.0125
1 0.915625 0.48203125 0.015625 0.0359375
4 0.88125 0.0234375 0.0140625 0.0109375