0 0.48515625 0.3640625 0.028125 0.015625
0 0.56328125 0.53515625 0.03125 0.028125
0 0.546875 0.55390625 0.028125 0.015625
0 0.4984375 0.56796875 0.0296875 0.025
0 0.47578125 0.578125 0.025 0.015625
0 0.490625 0.59375 0.03125 0.015625
0 0.35859375 0.4328125 0.009375 0.015625
4 0.3828125 0.465625 0.0171875 0.015625
4 0.3734375 0.484375 0.034375 0.0234375
4 0.46953125 0.4953125 0.025 0.028125
4 0.4671875 0.5296875 0.021875 0.0390625
4 0.490625 0.54453125 0.03125 0.015625
4 0.5328125 0.5625 0.021875 0.0125
4 0.65078125 0.55859375 0.046875 0.034375
4 0.68203125 0.57578125 0.059375 0.040625
4 0.65390625 0.475 0.053125 0.0265625
4 0.4203125 0.36328125 0.0203125 0.021875
4 0.51328125 0.39375 0.03125 0.0234375
4 0.56640625 0.37109375 0.0375 0.01875
4 0.796875 0.51328125 0.03125 0.0359375
1 0.4515625 0.2359375 0.0265625 0.06875
1 0.18046875 0.8015625 0.015625 0.021875
1 0.3890625 0.590625 0.034375 0.03125
1 0.37265625 0.51015625 0.028125 0.03125
2 0.44921875 0.53984375 0.040625 0.025
0 0.3453125 0.621875 0.0203125 0.015625
0 0.3671875 0.75703125 0.0234375 0.0140625
0 0.41875 0.73515625 0.0171875 0.0203125
0 0.3546875 0.859375 0.0234375 0.0140625
0 0.33515625 0.87109375 0.021875 0.0171875
4 0.30859375 0.66171875 0.0203125 0.015625
4 0.31015625 0.7078125 0.0203125 0.0125
0 0.49375 0.6171875 0.025 0.015625