0 0.5015625 0.2453125 0.0265625 0.040625
0 0.46640625 0.534375 0.04375 0.0625
0 0.32734375 0.58359375 0.046875 0.0765625
0 0.2453125 0.4734375 0.0359375 0.0546875
1 0.425 0.4234375 0.0578125 0.0625
1 0.18671875 0.0890625 0.0546875 0.053125
4 0.19609375 0.4796875 0.05 0.040625
4 0.3109375 0.97421875 0.071875 0.0515625
4 0.62578125 0.28125 0.040625 0.0484375
4 0.68671875 0.3140625 0.028125 0.0328125
4 0.68125 0.47734375 0.0390625 0.0703125
2 0.5125 0.425 0.0375 0.0609375
4 0.9828125 0.821875 0.034375 0.0875
2 0.26015625 0.534375 0.071875 0.0625
0 0.5265625 0.74609375 0.053125 0.0671875