2 0.60078125 0.47734375 0.1234375 0.1453125
2 0.2859375 0.39375 0.0578125 0.0671875
2 0.21015625 0.50390625 0.0359375 0.0609375
2 0.390625 0.478125 0.0515625 0.078125
2 0.196875 0.09921875 0.0296875 0.0265625
2 0.19453125 0.06875 0.0265625 0.0328125
2 0.23046875 0.05859375 0.0296875 0.0296875
2 0.2421875 0.12109375 0.015625 0.01875
2 0.109375 0.20078125 0.0296875 0.040625
2 0.15234375 0.14140625 0.028125 0.0515625
2 0.11015625 0.11015625 0.0265625 0.0375
2 0.1109375 0.078125 0.0328125 0.01875
4 0.975 0.68984375 0.0359375 0.0609375
2 0.57265625 0.9375 0.021875 0.03125
2 0.42890625 0.56484375 0.021875 0.0453125
2 0.51484375 0.67265625 0.0234375 0.028125
2 0.4234375 0.5890625 0.0140625 0.0125
2 0.44140625 0.33984375 0.0140625 0.015625
2 0.5359375 0.5171875 0.0203125 0.028125