1 0.98203125 0.3953125 0.021875 0.0359375
4 0.56328125 0.353125 0.0765625 0.0625
4 0.29921875 0.46484375 0.1078125 0.0671875
4 0.23125 0.20390625 0.090625 0.04375
4 0.81640625 0.11484375 0.0328125 0.03125
4 0.7109375 0.22265625 0.065625 0.0265625
4 0.65625 0.32890625 0.046875 0.0390625
4 0.790625 0.16484375 0.0375 0.034375
4 0.853125 0.11875 0.04375 0.01875
0 0.93203125 0.10625 0.021875 0.0265625
0 0.853125 0.41015625 0.0390625 0.021875
0 0.86953125 0.44140625 0.0453125 0.0296875
0 0.6609375 0.496875 0.05625 0.0328125
0 0.6359375 0.525 0.0625 0.028125
0 0.62265625 0.74921875 0.0625 0.034375
2 0.74921875 0.68046875 0.0390625 0.053125
4 0.71953125 0.6671875 0.0390625 0.046875
2 0.77421875 0.48515625 0.065625 0.034375