2 0.05546875 0.5234375 0.1109375 0.15
2 0.03515625 0.69453125 0.0703125 0.1640625
2 0.15546875 0.80234375 0.134375 0.0828125
2 0.16484375 0.88046875 0.0796875 0.09375
2 0.08828125 0.71015625 0.0765625 0.09375
2 0.17890625 0.7453125 0.0890625 0.046875
2 0.2484375 0.7046875 0.1375 0.1140625
2 0.27890625 0.6296875 0.1 0.08125
2 0.3671875 0.69609375 0.028125 0.03125
4 0.38671875 0.67265625 0.0984375 0.096875
2 0.36484375 0.59140625 0.05 0.065625
2 0.45859375 0.67109375 0.109375 0.10625
2 0.4484375 0.7296875 0.1140625 0.10625
4 0.51484375 0.77578125 0.06875 0.0546875
2 0.52734375 0.728125 0.05625 0.05625
2 0.57578125 0.67578125 0.1390625 0.084375
4 0.76015625 0.7015625 0.084375 0.109375
2 0.8875 0.4984375 0.1015625 0.1
2 0.85703125 0.571875 0.0875 0.0359375
2 0.9484375 0.50234375 0.103125 0.1046875
4 0.96171875 0.44921875 0.0765625 0.0390625
2 0.97734375 0.60859375 0.0296875 0.04375
1 0.39765625 0.53125 0.028125 0.03125
2 0.0515625 0.26640625 0.053125 0.05
2 0.65859375 0.77421875 0.1734375 0.1140625
4 0.9640625 0.690625 0.0328125 0.0359375
4 0.60078125 0.49921875 0.0375 0.0390625