0 0.36875 0.40078125 0.0296875 0.0296875
0 0.1171875 0.659375 0.0625 0.04375
0 0.16640625 0.49375 0.0578125 0.0390625
0 0.2296875 0.771875 0.0546875 0.0421875
4 0.259375 0.78046875 0.046875 0.0578125
4 0.23203125 0.20859375 0.0484375 0.0328125
4 0.33125 0.23828125 0.028125 0.0203125
4 0.30546875 0.215625 0.028125 0.021875
4 0.725 0.3390625 0.0578125 0.0453125
4 0.72421875 0.49453125 0.0171875 0.015625
1 0.79453125 0.43046875 0.0203125 0.0359375
0 0.76796875 0.41953125 0.0125 0.0171875
1 0.54453125 0.5609375 0.0546875 0.0515625
1 0.25859375 0.5890625 0.0625 0.0609375
2 0.11640625 0.47734375 0.0796875 0.059375
2 0.15 0.74921875 0.06875 0.0640625