2 0.653125 0.28671875 0.1015625 0.0609375
2 0.52421875 0.42578125 0.071875 0.05625
2 0.66875 0.42265625 0.1296875 0.103125
2 0.628125 0.41640625 0.109375 0.10625
2 0.5625 0.44765625 0.04375 0.0484375
2 0.4984375 0.64296875 0.0765625 0.05625
2 0.58046875 0.63203125 0.0671875 0.0640625
2 0.78515625 0.8578125 0.0546875 0.06875
1 0.24453125 0.78828125 0.0828125 0.090625
2 0.146875 0.74921875 0.09375 0.0640625
2 0.24453125 0.8546875 0.21875 0.1109375
2 0.13046875 0.896875 0.0546875 0.0421875
2 0.153125 0.92890625 0.06875 0.0375
2 0.17109375 0.97265625 0.1265625 0.0546875
2 0.32421875 0.99375 0.0765625 0.0125
2 0.37109375 0.9640625 0.1203125 0.071875
2 0.3265625 0.95078125 0.0421875 0.0390625
2 0.29140625 0.89453125 0.1046875 0.075
2 0.36484375 0.75078125 0.096875 0.059375
2 0.96484375 0.45078125 0.0609375 0.065625
2 0.94140625 0.18984375 0.040625 0.0328125
2 0.9765625 0.91796875 0.046875 0.0421875
4 0.91953125 0.72734375 0.0609375 0.09375
2 0.73359375 0.67890625 0.0953125 0.0921875
2 0.92578125 0.44609375 0.04375 0.0796875
4 0.88046875 0.49296875 0.0234375 0.01875