2 0.4828125 0.453125 0.0390625 0.0390625
2 0.6078125 0.4984375 0.0578125 0.0609375
1 0.26015625 0.46171875 0.0625 0.0640625
1 0.64296875 0.4046875 0.0453125 0.06875
1 0.6625 0.48984375 0.0421875 0.040625
4 0.6671875 0.584375 0.053125 0.0421875
4 0.6734375 0.63515625 0.028125 0.0796875
4 0.71328125 0.865625 0.084375 0.05
4 0.68671875 0.7671875 0.0515625 0.0484375
4 0.50703125 0.94765625 0.0515625 0.0515625
4 0.54453125 0.8421875 0.053125 0.0828125
4 0.4328125 0.68359375 0.0328125 0.0453125
4 0.56796875 0.51796875 0.0484375 0.0578125
0 0.81484375 0.45703125 0.0234375 0.0359375
0 0.87265625 0.615625 0.0265625 0.0484375
0 0.996875 0.625 0.00625 0.053125
4 0.86796875 0.38359375 0.0296875 0.0359375
0 0.74453125 0.7890625 0.0484375 0.0390625
0 0.68125 0.790625 0.0359375 0.0609375
0 0.63984375 0.740625 0.0421875 0.0578125
0 0.6328125 0.6890625 0.0328125 0.0640625
0 0.66875 0.534375 0.0296875 0.0421875