1 0.90625 0.88125 0.128125 0.0828125
2 0.08359375 0.2484375 0.065625 0.0671875
2 0.16015625 0.296875 0.040625 0.046875
2 0.17265625 0.13359375 0.071875 0.09375
2 0.3421875 0.28984375 0.065625 0.06875
2 0.1953125 0.47734375 0.03125 0.0453125
2 0.20234375 0.521875 0.0296875 0.040625
2 0.2390625 0.53515625 0.025 0.040625
2 0.13828125 0.3515625 0.0203125 0.0203125
4 0.69609375 0.06640625 0.1421875 0.1328125
4 0.61796875 0.02421875 0.0828125 0.0484375
4 0.2390625 0.26796875 0.034375 0.03125
3 0.81875 0.5703125 0.1078125 0.1765625