4 0.21796875 0.70390625 0.2328125 0.29375
2 0.30859375 0.92890625 0.0859375 0.096875
2 0.37109375 0.83671875 0.0359375 0.040625
2 0.5796875 0.77890625 0.0578125 0.04375
2 0.1484375 0.484375 0.1109375 0.08125
2 0.2421875 0.521875 0.1140625 0.0609375
2 0.29921875 0.528125 0.1109375 0.090625
1 0.078125 0.99140625 0.03125 0.0171875
4 0.1421875 0.9921875 0.034375 0.015625
4 0.02265625 0.37265625 0.0453125 0.0609375
4 0.12890625 0.9609375 0.0625 0.06875
4 0.37578125 0.99375 0.0546875 0.0125
2 0.009375 0.37578125 0.01875 0.0953125