4 0.82421875 0.54765625 0.0328125 0.03125
4 0.90078125 0.65546875 0.0421875 0.05625
4 0.90703125 0.5734375 0.025 0.034375
4 0.29921875 0.7734375 0.0546875 0.040625
4 0.4 0.21171875 0.0125 0.0125
1 0.425 0.109375 0.0359375 0.01875
0 0.45078125 0.13046875 0.0171875 0.0125
0 0.6453125 0.55390625 0.0296875 0.0328125
0 0.64765625 0.775 0.0359375 0.0578125
2 0.678125 0.765625 0.04375 0.0390625
1 0.5015625 0.709375 0.0671875 0.059375
0 0.46875 0.82890625 0.0421875 0.0609375
2 0.38671875 0.8265625 0.0640625 0.0515625
0 0.325 0.78515625 0.05 0.0546875
1 0.4125 0.43046875 0.0484375 0.0578125