2 0.56875 0.79140625 0.0921875 0.228125
2 0.36796875 0.64765625 0.0796875 0.0796875
4 0.33125 0.58046875 0.0140625 0.0203125
4 0.10078125 0.56953125 0.096875 0.046875
4 0.034375 0.85546875 0.06875 0.0640625
4 0.18984375 0.55078125 0.0375 0.0375
2 0.540625 0.64296875 0.0234375 0.0390625
2 0.590625 0.53671875 0.0203125 0.0390625
4 0.578125 0.5109375 0.025 0.028125
2 0.55703125 0.4203125 0.05625 0.10625
2 0.43359375 0.390625 0.10625 0.1484375
2 0.41484375 0.296875 0.046875 0.0390625
4 0.44140625 0.2625 0.0546875 0.0703125
4 0.5671875 0.3046875 0.025 0.0359375
2 0.225 0.2671875 0.0609375 0.078125
2 0.2234375 0.184375 0.0609375 0.08125
4 0.0609375 0.28359375 0.0578125 0.0671875
2 0.12109375 0.040625 0.0703125 0.08125
2 0.16875 0.41328125 0.08125 0.0921875
2 0.009375 0.43515625 0.0171875 0.05