2 0.540625 0.971875 0.078125 0.05625
2 0.42109375 0.78359375 0.171875 0.1828125
2 0.26640625 0.890625 0.065625 0.109375
2 0.31171875 0.7265625 0.0375 0.0546875
2 0.6046875 0.8 0.2296875 0.175
4 0.62421875 0.7359375 0.1140625 0.0890625
2 0.80625 0.82890625 0.09375 0.096875
4 0.85 0.92890625 0.1078125 0.0625
2 0.4625 0.7578125 0.1015625 0.084375
2 0.346875 0.82265625 0.046875 0.0515625
2 0.18828125 0.56875 0.0640625 0.084375
2 0.22109375 0.21953125 0.1234375 0.165625
2 0.403125 0.02109375 0.115625 0.0421875