2 0.42734375 0.27421875 0.16875 0.1515625
2 0.49609375 0.1640625 0.0640625 0.0609375
2 0.4359375 0.1734375 0.059375 0.03125
2 0.28359375 0.22890625 0.071875 0.059375
2 0.26484375 0.29765625 0.2828125 0.1765625
4 0.06796875 0.22421875 0.1359375 0.3015625
2 0.571875 0.05625 0.1609375 0.1
2 0.58046875 0.39609375 0.028125 0.03125
2 0.16640625 0.1046875 0.05 0.046875
2 0.19375 0.13046875 0.03125 0.0296875
4 0.60546875 0.96640625 0.0515625 0.0328125
1 0.675 0.953125 0.028125 0.046875
1 0.62734375 0.88359375 0.0203125 0.03125
1 0.66171875 0.82421875 0.01875 0.025
2 0.46015625 0.86328125 0.084375 0.065625