1 0.440625 0.3515625 0.059375 0.0625
1 0.50546875 0.59609375 0.0515625 0.0609375
0 0.49765625 0.78125 0.0421875 0.065625
0 0.6296875 0.61796875 0.03125 0.0625
0 0.66328125 0.44765625 0.028125 0.034375
4 0.9234375 0.5046875 0.0265625 0.04375
4 0.82109375 0.41953125 0.028125 0.03125
4 0.84296875 0.4546875 0.015625 0.03125
4 0.70546875 0.55 0.04375 0.0265625
2 0.6734375 0.70703125 0.0484375 0.0921875
1 0.5015625 0.05703125 0.040625 0.0203125
0 0.5203125 0.075 0.0171875 0.0109375
4 0.4515625 0.1515625 0.0203125 0.0140625
4 0.3234375 0.61640625 0.0640625 0.0390625
4 0.31328125 0.68359375 0.0671875 0.0515625
0 0.33515625 0.69921875 0.0453125 0.0578125
2 0.3828125 0.78125 0.065625 0.0640625