2 0.39609375 0.371875 0.1359375 0.1609375
2 0.26171875 0.44453125 0.2 0.2046875
2 0.1109375 0.48984375 0.1484375 0.203125
2 0.43125 0.24921875 0.0859375 0.0859375
2 0.51875 0.10625 0.0890625 0.1078125
2 0.61171875 0.59921875 0.0765625 0.109375
2 0.1546875 0.10859375 0.190625 0.2171875
4 0.23828125 0.02109375 0.0765625 0.0421875
4 0.33203125 0.11171875 0.090625 0.1
2 0.2625 0.053125 0.25625 0.10625
2 0.37421875 0.10546875 0.115625 0.1234375
4 0.41640625 0.015625 0.0453125 0.03125
1 0.26484375 0.25234375 0.109375 0.109375
4 0.209375 0.32421875 0.084375 0.06875
1 0.37421875 0.240625 0.0296875 0.03125
4 0.13984375 0.2734375 0.14375 0.1375
2 0.096875 0.3671875 0.0234375 0.025
2 0.07421875 0.51875 0.1484375 0.225
2 0.53515625 0.76328125 0.08125 0.1078125
2 0.3375 0.16015625 0.090625 0.084375