0 0.41875 0.4296875 0.028125 0.0234375
0 0.3125 0.4296875 0.0390625 0.0328125
0 0.26484375 0.4140625 0.0515625 0.0296875
0 0.271875 0.35234375 0.0359375 0.0421875
0 0.2140625 0.40546875 0.05625 0.0203125
0 0.40625 0.209375 0.034375 0.0234375
0 0.45703125 0.14609375 0.0375 0.0296875
0 0.52578125 0.28203125 0.034375 0.0234375
0 0.41875 0.5265625 0.0375 0.0171875
2 0.45234375 0.61796875 0.059375 0.0484375
4 0.22890625 0.65625 0.0515625 0.0296875
4 0.11171875 0.54765625 0.0796875 0.04375
4 0.140625 0.390625 0.0734375 0.053125
4 0.21640625 0.4359375 0.03125 0.0453125
4 0.3796875 0.44765625 0.0328125 0.05
4 0.34609375 0.44296875 0.0390625 0.03125
4 0.509375 0.12265625 0.0328125 0.03125
4 0.5703125 0.23671875 0.0234375 0.025
1 0.4515625 0.4046875 0.03125 0.0390625
1 0.53046875 0.45703125 0.0578125 0.059375
1 0.6140625 0.0484375 0.0359375 0.0390625
0 0.46484375 0.04140625 0.0234375 0.0328125
0 0.46953125 0.00859375 0.034375 0.0171875
4 0.01171875 0.58515625 0.0203125 0.04375
1 0.42578125 0.8125 0.0625 0.065625
4 0.4328125 0.5 0.0484375 0.040625
2 0.43515625 0.4625 0.040625 0.0359375