2 0.23984375 0.5375 0.0546875 0.0828125
2 0.21328125 0.1703125 0.05625 0.071875
4 0.20390625 0.35390625 0.0390625 0.0609375
2 0.1125 0.77265625 0.0390625 0.05
2 0.375 0.46328125 0.0734375 0.1828125
2 0.103125 0.37578125 0.13125 0.2203125
2 0.31328125 0.1203125 0.0828125 0.2328125
2 0.2390625 0.2 0.025 0.028125
2 0.26015625 0.16328125 0.021875 0.028125
2 0.3546875 0.19375 0.0359375 0.096875
2 0.25625 0.3296875 0.0265625 0.06875
2 0.24375 0.59609375 0.053125 0.03125
2 0.15078125 0.1703125 0.0484375 0.0609375