2 0.76484375 0.05546875 0.0734375 0.059375
2 0.90859375 0.32109375 0.14375 0.121875
2 0.64296875 0.49609375 0.096875 0.0875
2 0.9609375 0.82734375 0.078125 0.0390625
2 0.5828125 0.79140625 0.08125 0.05
2 0.50546875 0.6578125 0.0703125 0.0734375
2 0.45 0.69921875 0.0859375 0.1125
2 0.5171875 0.396875 0.109375 0.1
2 0.4171875 0.36484375 0.1796875 0.134375
2 0.18671875 0.3640625 0.0953125 0.1046875
2 0.31484375 0.5 0.2796875 0.146875
2 0.275 0.65703125 0.209375 0.2171875
4 0.1109375 0.61171875 0.2125 0.23125
4 0.21015625 0.99140625 0.1265625 0.0171875
2 0.94921875 0.8828125 0.053125 0.05625