2 0.3234375 0.52890625 0.096875 0.1640625
4 0.3890625 0.41171875 0.046875 0.0515625
2 0.49921875 0.45625 0.071875 0.1171875
2 0.3203125 0.65859375 0.03125 0.05625
2 0.94765625 0.503125 0.1046875 0.2
4 0.79296875 0.7578125 0.1265625 0.109375
2 0.703125 0.7171875 0.0625 0.0921875
2 0.6859375 0.6234375 0.0625 0.0921875
2 0.734375 0.55625 0.09375 0.134375
2 0.74140625 0.6171875 0.065625 0.0671875
2 0.86875 0.84921875 0.1078125 0.13125
2 0.80859375 0.8296875 0.06875 0.0734375
2 0.7828125 0.940625 0.125 0.11875
2 0.88984375 0.91015625 0.0609375 0.078125
4 0.62890625 0.93125 0.0796875 0.1
1 0.65703125 0.77734375 0.0328125 0.03125
2 0.8609375 0.98671875 0.05 0.0265625
2 0.71171875 0.77890625 0.0625 0.0578125
4 0.79453125 0.61328125 0.0640625 0.075
2 0.79765625 0.48046875 0.06875 0.08125
2 0.87421875 0.25703125 0.0953125 0.115625
2 0.8671875 0.36171875 0.10625 0.140625
2 0.75078125 0.13984375 0.040625 0.0390625
2 0.478125 0.01015625 0.0625 0.0203125
2 0.659375 0.1359375 0.0703125 0.134375
2 0.69375 0.20390625 0.0296875 0.0515625
2 0.69140625 0.3375 0.0640625 0.08125
4 0.73359375 0.178125 0.0453125 0.0484375
4 0.6328125 0.21171875 0.0390625 0.04375
4 0.7234375 0.734375 0.0453125 0.046875
4 0.65859375 0.3984375 0.0234375 0.0265625
2 0.72421875 0.425 0.13125 0.140625
4 0.69921875 0.11796875 0.028125 0.04375
4 0.70625 0.04296875 0.0234375 0.0171875
2 0.546875 0.55 0.103125 0.1390625