2 0.984375 0.46484375 0.03125 0.0828125
2 0.9078125 0.25625 0.0921875 0.0765625
2 0.69765625 0.39921875 0.0953125 0.1125
2 0.7203125 0.46484375 0.059375 0.065625
2 0.4953125 0.68515625 0.03125 0.040625
2 0.4078125 0.8546875 0.0484375 0.078125
2 0.45390625 0.3171875 0.0484375 0.053125
2 0.4171875 0.30859375 0.0546875 0.096875
2 0.734375 0.190625 0.11875 0.1640625
2 0.7296875 0.05703125 0.0578125 0.046875
4 0.775 0.74296875 0.0328125 0.078125
2 0.4421875 0.45390625 0.0484375 0.071875
2 0.0578125 0.43203125 0.0375 0.0875
4 0.38203125 0.0375 0.0484375 0.0359375