2 0.5421875 0.6078125 0.140625 0.11875
2 0.628125 0.30078125 0.0671875 0.0578125
2 0.521875 0.225 0.059375 0.0359375
2 0.54453125 0.403125 0.075 0.0484375
2 0.91796875 0.21953125 0.0265625 0.028125
2 0.94375 0.21796875 0.025 0.0234375
2 0.95234375 0.25390625 0.021875 0.028125
2 0.89609375 0.2640625 0.0171875 0.015625
2 0.82109375 0.13203125 0.0390625 0.028125
2 0.87890625 0.175 0.05 0.028125
2 0.90859375 0.13515625 0.0375 0.0265625
2 0.93671875 0.13671875 0.0109375 0.0296875
4 0.32734375 0.96953125 0.059375 0.0359375
2 0.0921875 0.57265625 0.03125 0.0203125
2 0.45859375 0.4390625 0.04375 0.0203125
2 0.35234375 0.52109375 0.0265625 0.0234375
2 0.43515625 0.43203125 0.0109375 0.0140625
2 0.67890625 0.45390625 0.015625 0.0140625
2 0.50390625 0.54296875 0.028125 0.0203125