2 0.64375 0.17890625 0.1015625 0.115625
2 0.52890625 0.11015625 0.0953125 0.0859375
2 0.475 0.03359375 0.040625 0.0671875
2 0.39765625 0.31953125 0.0828125 0.1171875
2 0.653125 0.44140625 0.0546875 0.0640625
2 0.8578125 0.490625 0.0453125 0.09375
2 0.71796875 0.1609375 0.0703125 0.075
4 0.7625 0.228125 0.046875 0.065625
2 0.76328125 0.06015625 0.0484375 0.0765625
2 0.859375 0.1140625 0.028125 0.04375
2 0.85390625 0.1625 0.021875 0.025
4 0.80703125 0.21015625 0.028125 0.025
2 0.8921875 0.28359375 0.0296875 0.0359375
2 0.5828125 0.03828125 0.0234375 0.0546875
4 0.51328125 0.00859375 0.0265625 0.015625
4 0.28203125 0.3046875 0.0734375 0.0921875
2 0.84765625 0.03828125 0.0703125 0.065625
2 0.803125 0.103125 0.0421875 0.1
2 0.765625 0.184375 0.0390625 0.046875
2 0.7515625 0.28515625 0.0671875 0.103125
2 0.73359375 0.2859375 0.025 0.03125
4 0.93125 0.15703125 0.015625 0.0296875
2 0.76640625 0.40234375 0.06875 0.1390625
2 0.64609375 0.07578125 0.0765625 0.0890625