2 0.1328125 0.5921875 0.265625 0.290625
2 0.31015625 0.70234375 0.19375 0.228125
2 0.21640625 0.94609375 0.1078125 0.071875
2 0.1296875 0.8859375 0.075 0.096875
2 0.30625 0.45234375 0.1328125 0.134375
2 0.35234375 0.56328125 0.0890625 0.0734375
2 0.025 0.66171875 0.05 0.0296875
2 0.275 0.37109375 0.0609375 0.0765625
2 0.33671875 0.23125 0.05625 0.0765625
1 0.08984375 0.1546875 0.1296875 0.1140625
2 0.08515625 0.18359375 0.1328125 0.1828125
2 0.19921875 0.23828125 0.0859375 0.065625
2 0.23125 0.2015625 0.1015625 0.0578125
2 0.29140625 0.1078125 0.0328125 0.028125
4 0.11875 0.08515625 0.175 0.1609375
2 0.77890625 0.40390625 0.0453125 0.0546875
2 0.73203125 0.553125 0.015625 0.0265625
2 0.7015625 0.15234375 0.0265625 0.0296875
2 0.484375 0.85 0.025 0.03125
4 0.44375 0.96796875 0.046875 0.04375
2 0.36484375 0.04140625 0.0359375 0.065625
4 0.32109375 0.04765625 0.059375 0.0796875