0 0.4453125 0.23359375 0.0203125 0.0390625
0 0.52890625 0.50859375 0.034375 0.0578125
0 0.67265625 0.53359375 0.034375 0.0734375
0 0.73359375 0.41171875 0.028125 0.05
1 0.55078125 0.39375 0.05 0.05625
1 0.72578125 0.02890625 0.046875 0.0375
4 0.78359375 0.40859375 0.0453125 0.0328125
4 0.759375 0.94453125 0.05625 0.1109375
4 0.33046875 0.2890625 0.0328125 0.04375
4 0.27734375 0.33203125 0.0234375 0.0296875
4 0.309375 0.48984375 0.028125 0.0671875
2 0.465625 0.41015625 0.028125 0.0578125
4 0.06015625 0.88125 0.0546875 0.08125
2 0.7296875 0.4734375 0.0640625 0.0515625
0 0.50703125 0.72578125 0.04375 0.0609375