0 0.63359375 0.34453125 0.0140625 0.015625
0 0.6359375 0.3640625 0.0125 0.01875
0 0.5671875 0.3890625 0.0140625 0.021875
0 0.55703125 0.4484375 0.01875 0.0203125
0 0.4421875 0.403125 0.0140625 0.021875
0 0.4703125 0.37734375 0.0171875 0.0171875
1 0.44765625 0.46171875 0.0296875 0.0296875
4 0.4984375 0.36328125 0.0171875 0.0140625
2 0.40859375 0.5140625 0.0265625 0.0421875
0 0.4265625 0.54140625 0.0203125 0.028125
0 0.465625 0.52890625 0.015625 0.03125
0 0.48359375 0.540625 0.0171875 0.03125
0 0.4265625 0.5828125 0.0203125 0.0359375
0 0.43515625 0.640625 0.01875 0.021875
0 0.39765625 0.66875 0.0234375 0.0390625
4 0.4453125 0.609375 0.0140625 0.021875
4 0.39609375 0.5703125 0.0390625 0.0265625
4 0.3765625 0.55234375 0.040625 0.0109375
4 0.325 0.5640625 0.0140625 0.03125
4 0.31328125 0.47890625 0.025 0.0328125
4 0.29140625 0.49609375 0.015625 0.01875
1 0.33359375 0.46484375 0.034375 0.03125
0 0.24140625 0.4671875 0.0125 0.01875
4 0.2203125 0.56875 0.0265625 0.0265625
4 0.29375 0.63984375 0.025 0.0265625
0 0.215625 0.66875 0.0234375 0.0390625
2 0.1890625 0.6734375 0.05 0.05
1 0.0375 0.66953125 0.0609375 0.059375
4 0.4 0.7828125 0.040625 0.065625
4 0.32421875 0.8171875 0.034375 0.0703125
4 0.41796875 0.84453125 0.040625 0.0703125
4 0.39765625 0.97578125 0.040625 0.0390625
4 0.20625 0.7765625 0.0234375 0.0265625
1 0.384375 0.83203125 0.05 0.053125