2 0.13125 0.5828125 0.2015625 0.2015625
2 0.11796875 0.42890625 0.1484375 0.1375
2 0.05234375 0.28203125 0.096875 0.1875
2 0.4125 0.74609375 0.0578125 0.0484375
2 0.46875 0.8046875 0.059375 0.0765625
0 0.71953125 0.646875 0.0140625 0.015625
3 0.69375 0.5484375 0.0234375 0.065625
2 0.16640625 0.75859375 0.078125 0.09375
4 0.28515625 0.6578125 0.0234375 0.040625
4 0.46328125 0.59140625 0.04375 0.1046875
4 0.484375 0.67578125 0.0390625 0.0609375
4 0.5125 0.33125 0.0296875 0.0640625
4 0.5875 0.1625 0.03125 0.0765625
1 0.63359375 0.128125 0.0421875 0.059375
1 0.496875 0.08984375 0.0609375 0.1078125
2 0.30078125 0.86640625 0.059375 0.0859375
2 0.35078125 0.5765625 0.0734375 0.053125
2 0.22578125 0.63125 0.0328125 0.1015625
2 0.19375 0.69296875 0.0296875 0.0390625
2 0.478125 0.4140625 0.046875 0.1078125
2 0.33125 0.51875 0.034375 0.075
2 0.76640625 0.55 0.0171875 0.025
2 0.7484375 0.75390625 0.0140625 0.0546875
2 0.7625 0.6703125 0.0140625 0.034375
2 0.7421875 0.634375 0.0171875 0.0421875
2 0.26875 0.78125 0.05 0.0625
2 0.434375 0.971875 0.0359375 0.01875
2 0.415625 0.98359375 0.0296875 0.0296875
2 0.428125 0.68046875 0.0734375 0.0609375
2 0.3 0.54765625 0.0390625 0.0640625