4 0.38046875 0.53046875 0.01875 0.025
4 0.48125 0.51484375 0.0265625 0.0296875
4 0.56640625 0.5578125 0.0265625 0.0328125
4 0.6515625 0.4625 0.021875 0.034375
4 0.73359375 0.503125 0.0328125 0.0484375
4 0.77734375 0.4828125 0.0390625 0.075
4 0.72109375 0.55625 0.0375 0.06875
4 0.70078125 0.53125 0.0484375 0.034375
4 0.66796875 0.425 0.028125 0.0265625
4 0.4015625 0.99375 0.021875 0.00625
0 0.41796875 0.96015625 0.0203125 0.0234375
0 0.3875 0.96640625 0.025 0.0171875
1 0.37890625 0.890625 0.0203125 0.0390625
4 0.484375 0.8578125 0.025 0.0171875
0 0.48671875 0.81328125 0.0265625 0.0265625
0 0.47421875 0.7828125 0.0234375 0.028125
4 0.46875 0.75078125 0.0328125 0.040625
0 0.48671875 0.72265625 0.0359375 0.0203125
0 0.578125 0.70546875 0.034375 0.0234375
2 0.4609375 0.7921875 0.0328125 0.028125
0 0.465625 0.60703125 0.0234375 0.03125
0 0.44765625 0.61015625 0.0234375 0.028125
0 0.309375 0.54765625 0.015625 0.015625
2 0.61796875 0.38359375 0.0296875 0.046875
1 0.50859375 0.38671875 0.040625 0.0453125
1 0.5234375 0.26640625 0.040625 0.0625
4 0.52109375 0.346875 0.01875 0.0203125
0 0.39140625 0.37265625 0.01875 0.01875
4 0.99140625 0.4875 0.0171875 0.046875