4 0.0234375 0.55625 0.0296875 0.0546875
4 0.10703125 0.4484375 0.0296875 0.0375
4 0.271875 0.61953125 0.05625 0.040625
4 0.421875 0.1140625 0.0234375 0.0171875
1 0.3453125 0.03828125 0.040625 0.015625
1 0.47578125 0.32265625 0.0515625 0.04375
0 0.33203125 0.0578125 0.01875 0.009375
0 0.26015625 0.459375 0.0296875 0.0375
0 0.3671875 0.68515625 0.03125 0.053125
0 0.5375 0.7546875 0.0390625 0.05625
0 0.68828125 0.68515625 0.0453125 0.0453125
4 0.09921875 0.496875 0.01875 0.028125
1 0.48046875 0.6421875 0.0578125 0.05625
2 0.659375 0.740625 0.065625 0.0421875
2 0.3421875 0.759375 0.053125 0.08125