4 0.58984375 0.64453125 0.075 0.0578125
4 0.309375 0.56484375 0.10625 0.059375
4 0.2734375 0.8359375 0.0875 0.0359375
4 0.87421875 0.85390625 0.03125 0.0296875
4 0.75625 0.7578125 0.065625 0.021875
4 0.6875 0.65703125 0.04375 0.034375
4 0.84296875 0.80625 0.034375 0.0328125
4 0.91171875 0.8453125 0.04375 0.0140625
0 0.99140625 0.84765625 0.0171875 0.0265625
0 0.87578125 0.55078125 0.0375 0.01875
0 0.8875 0.51640625 0.04375 0.025
0 0.67109375 0.48671875 0.0546875 0.0296875
0 0.6421875 0.46171875 0.0625 0.025
0 0.60078125 0.2375 0.0609375 0.0296875
2 0.73671875 0.29140625 0.0375 0.0515625
4 0.70859375 0.3078125 0.0359375 0.04375
2 0.78671875 0.48515625 0.0625 0.03125