0 0.5078125 0.33828125 0.028125 0.03125
4 0.45859375 0.25078125 0.0265625 0.04375
4 0.4265625 0.2546875 0.0234375 0.028125
4 0.38671875 0.35234375 0.0375 0.034375
2 0.371875 0.53828125 0.021875 0.0265625
3 0.48515625 0.553125 0.0484375 0.0390625
4 0.5359375 0.42578125 0.040625 0.0421875
3 0.47578125 0.42734375 0.021875 0.028125
3 0.534375 0.35078125 0.065625 0.065625
3 0.73671875 0.58671875 0.028125 0.0375
3 0.54765625 0.65859375 0.03125 0.0390625
1 0.6484375 0.478125 0.0734375 0.05
1 0.57421875 0.36015625 0.0515625 0.0515625
1 0.63359375 0.346875 0.0421875 0.046875
1 0.60390625 0.15703125 0.0328125 0.0375
3 0.54453125 0.4890625 0.0375 0.0390625
2 0.5609375 0.6125 0.0640625 0.05
0 0.5 0.81015625 0.0234375 0.0171875