4 0.79765625 0.6234375 0.20625 0.2703125
2 0.75234375 0.85625 0.0765625 0.0875
2 0.675 0.7796875 0.03125 0.0359375
2 0.46640625 0.76328125 0.053125 0.0375
2 0.8234375 0.40078125 0.103125 0.0703125
2 0.740625 0.4546875 0.1078125 0.0515625
2 0.68671875 0.4703125 0.1015625 0.0796875
1 0.98828125 0.8984375 0.0234375 0.06875
4 0.92421875 0.8921875 0.03125 0.0265625
4 0.92734375 0.27109375 0.05 0.05625
4 0.9296875 0.853125 0.05625 0.065625
4 0.9171875 0.9421875 0.1015625 0.078125
4 0.70234375 0.9390625 0.0515625 0.0265625
2 0.9609375 0.26875 0.059375 0.0921875