4 0.13046875 0.5 0.0453125 0.046875
4 0.33984375 0.49453125 0.053125 0.0578125
4 0.42109375 0.45703125 0.0546875 0.0375
4 0.4453125 0.43046875 0.0421875 0.0328125
2 0.46953125 0.37734375 0.0421875 0.046875
1 0.60859375 0.3796875 0.0515625 0.04375
4 0.5953125 0.35390625 0.028125 0.0234375
1 0.55078125 0.28125 0.0546875 0.0671875
0 0.66171875 0.3734375 0.0171875 0.0234375
0 0.56484375 0.53203125 0.0328125 0.0296875
0 0.6015625 0.6203125 0.0296875 0.028125
0 0.69453125 0.60703125 0.0234375 0.025
0 0.63203125 0.68515625 0.0265625 0.03125
0 0.6453125 0.6984375 0.0296875 0.0234375
0 0.7265625 0.8296875 0.028125 0.028125
0 0.6875 0.834375 0.025 0.03125
0 0.71171875 0.634375 0.0171875 0.0234375
4 0.71484375 0.82578125 0.0140625 0.01875
1 0.7265625 0.759375 0.0296875 0.034375
4 0.6046875 0.80234375 0.0265625 0.0171875
4 0.678125 0.68046875 0.0515625 0.0328125
2 0.6765625 0.70625 0.046875 0.0453125
0 0.65390625 0.68515625 0.01875 0.01875
0 0.74921875 0.4578125 0.0140625 0.0125
4 0.69140625 0.46953125 0.021875 0.0203125
4 0.64765625 0.4859375 0.0234375 0.021875
4 0.640625 0.5390625 0.021875 0.0234375
4 0.63671875 0.546875 0.021875 0.025
4 0.58125 0.53984375 0.01875 0.0359375
4 0.57890625 0.48828125 0.028125 0.034375
4 0.5203125 0.44609375 0.0203125 0.01875