4 0.5859375 0.81640625 0.090625 0.09375
4 0.53671875 0.73046875 0.053125 0.0984375
4 0.3125 0.5609375 0.0453125 0.0546875
4 0.3234375 0.3734375 0.03125 0.0359375
4 0.7484375 0.58515625 0.046875 0.05625
0 0.57421875 0.58984375 0.0375 0.0609375
0 0.71171875 0.68515625 0.05625 0.0484375
0 0.61484375 0.7359375 0.0453125 0.053125
0 0.57890625 0.73125 0.053125 0.078125
0 0.378125 0.63046875 0.053125 0.046875
0 0.28125 0.63671875 0.0359375 0.0515625
0 0.21328125 0.69140625 0.05 0.065625
0 0.425 0.41640625 0.0375 0.046875
0 0.55078125 0.47890625 0.0421875 0.04375
1 0.81875 0.34296875 0.0953125 0.0734375
1 0.45703125 0.37421875 0.0703125 0.0765625
1 0.6 0.43203125 0.0484375 0.0484375
1 0.12109375 0.43671875 0.0546875 0.0515625
2 0.55546875 0.3671875 0.0609375 0.0578125