4 0.9140625 0.5578125 0.0359375 0.0421875
4 0.82265625 0.41484375 0.0234375 0.0328125
4 0.6390625 0.8421875 0.08125 0.0671875
4 0.6484375 0.75390625 0.046875 0.0578125
2 0.50703125 0.4453125 0.0390625 0.0390625
4 0.4890625 0.53203125 0.059375 0.05625
4 0.54765625 0.50546875 0.0265625 0.0453125
4 0.4140625 0.6515625 0.025 0.0546875
2 0.578125 0.51796875 0.04375 0.053125
1 0.5953125 0.48828125 0.0453125 0.046875
1 0.63984375 0.4328125 0.05625 0.0671875
1 0.28046875 0.44375 0.075 0.053125
0 0.528125 0.71953125 0.0421875 0.0640625
0 0.75078125 0.4859375 0.0171875 0.0375
0 0.88828125 0.678125 0.0515625 0.046875
0 0.96796875 0.63046875 0.0359375 0.0390625
0 0.725 0.6546875 0.028125 0.0546875
0 0.61640625 0.55390625 0.0390625 0.034375
0 0.609375 0.7796875 0.0359375 0.0578125