0 0.3171875 0.39921875 0.071875 0.0296875
0 0.284375 0.275 0.05625 0.046875
0 0.29140625 0.32109375 0.0375 0.040625
0 0.39609375 0.165625 0.05625 0.0296875
0 0.39140625 0.0234375 0.053125 0.0453125
0 0.5640625 0.17734375 0.040625 0.0203125
0 0.496875 0.321875 0.0375 0.028125
0 0.36953125 0.37421875 0.065625 0.0390625
4 0.63046875 0.1046875 0.034375 0.0203125
4 0.51015625 0.00703125 0.0375 0.0140625
4 0.225 0.28984375 0.0640625 0.0796875
4 0.4046875 0.3109375 0.0703125 0.028125
4 0.45625 0.3078125 0.0375 0.0515625
4 0.2890625 0.43984375 0.0765625 0.0609375
4 0.18046875 0.44921875 0.0484375 0.05
4 0.4203125 0.540625 0.0375 0.034375
4 0.5328125 0.4265625 0.053125 0.05
4 0.5453125 0.40546875 0.0359375 0.028125
1 0.62890625 0.315625 0.0515625 0.046875
1 0.559375 0.32890625 0.05 0.040625
1 0.6125 0.7046875 0.0515625 0.075
2 0.59609375 0.46796875 0.0546875 0.0421875
2 0.5515625 0.3703125 0.065625 0.053125