4 0.55078125 0.47578125 0.08125 0.1390625
2 0.5125 0.215625 0.0734375 0.0828125
2 0.903125 0.4421875 0.19375 0.24375
2 0.93359375 0.6046875 0.1328125 0.203125
2 0.85234375 0.26328125 0.0890625 0.109375
4 0.52734375 0.39609375 0.0515625 0.065625
4 0.503125 0.93671875 0.046875 0.0828125
4 0.7484375 0.396875 0.0359375 0.046875
4 0.50546875 0.09609375 0.0671875 0.0859375
0 0.2703125 0.45390625 0.01875 0.025
3 0.34765625 0.55703125 0.0453125 0.0765625
1 0.4609375 0.9734375 0.053125 0.053125
2 0.2890625 0.5640625 0.0375 0.053125
2 0.2328125 0.56328125 0.025 0.034375
2 0.225 0.33671875 0.021875 0.0546875
2 0.2515625 0.28359375 0.0421875 0.0640625
2 0.59609375 0.303125 0.06875 0.065625
2 0.4671875 0.34375 0.05 0.0625
2 0.59609375 0.37265625 0.0859375 0.0734375
2 0.584375 0.4046875 0.05 0.0625
2 0.56953125 0.3265625 0.0671875 0.0734375
2 0.74140625 0.25625 0.046875 0.059375
2 0.74765625 0.51015625 0.0765625 0.0796875
2 0.825 0.42265625 0.0421875 0.103125
2 0.696875 0.49140625 0.0671875 0.06875
2 0.50546875 0.02421875 0.05 0.025
2 0.6984375 0.53671875 0.034375 0.0484375
2 0.57421875 0.1796875 0.05625 0.05
2 0.87265625 0.07890625 0.1328125 0.1578125
2 0.1921875 0.328125 0.0125 0.01875
4 0.18984375 0.365625 0.015625 0.015625
2 0.67734375 0.1671875 0.0765625 0.0765625
4 0.7890625 0.67109375 0.1265625 0.103125
2 0.83125 0.33515625 0.0484375 0.0421875