0 0.43046875 0.0078125 0.00625 0.009375
0 0.28125 0.153125 0.015625 0.015625
4 0.42734375 0.1125 0.0203125 0.01875
4 0.3453125 0.49140625 0.0390625 0.0359375
4 0.40625 0.59921875 0.034375 0.05625
4 0.4234375 0.59375 0.0390625 0.0484375
4 0.35546875 0.675 0.0390625 0.0890625
4 0.446875 0.721875 0.0390625 0.0796875
4 0.65546875 0.67265625 0.0640625 0.075
4 0.62734375 0.559375 0.059375 0.053125
0 0.38671875 0.33828125 0.03125 0.0359375
0 0.4234375 0.309375 0.0359375 0.0265625
0 0.8328125 0.21796875 0.028125 0.0171875
0 0.80546875 0.21875 0.028125 0.0296875
0 0.77890625 0.30078125 0.0265625 0.0296875
0 0.7140625 0.35625 0.0171875 0.0328125
0 0.73203125 0.24453125 0.0265625 0.0296875
0 0.66171875 0.40390625 0.0265625 0.0453125
0 0.6796875 0.4390625 0.0359375 0.0359375
4 0.81484375 0.1234375 0.0234375 0.0203125
1 0.7765625 0.21875 0.0390625 0.0296875
4 0.7234375 0.284375 0.0234375 0.025
2 0.62421875 0.33828125 0.0375 0.053125
0 0.59921875 0.35859375 0.0125 0.025
0 0.70859375 0.4453125 0.0171875 0.028125
4 0.6125 0.51328125 0.0375 0.0421875
4 0.79375 0.37890625 0.0546875 0.04375
4 0.5140625 0.85859375 0.04375 0.0609375
1 0.27578125 0.32109375 0.0484375 0.0484375
1 0.2 0.2453125 0.05 0.046875
4 0.234375 0.346875 0.0421875 0.0296875
4 0.24921875 0.54765625 0.0296875 0.0453125