4 0.584375 0.9265625 0.1625 0.146875
4 0.425 0.55234375 0.1546875 0.0875
4 0.23203125 0.65625 0.11875 0.071875
4 0.49921875 0.50703125 0.071875 0.059375
2 0.82421875 0.61484375 0.0921875 0.075
2 0.59765625 0.5890625 0.0640625 0.075
2 0.6609375 0.7515625 0.1078125 0.115625
2 0.5671875 0.51875 0.065625 0.0609375
2 0.59453125 0.2046875 0.04375 0.0359375
2 0.61484375 0.1609375 0.0703125 0.04375
2 0.4328125 0.73125 0.1515625 0.1140625
2 0.546875 0.978125 0.059375 0.04375
2 0.5015625 0.8578125 0.0359375 0.1171875
3 0.04765625 0.446875 0.0953125 0.0625
2 0.42421875 0.28515625 0.046875 0.0375
2 0.66953125 0.259375 0.084375 0.0515625
4 0.715625 0.46796875 0.040625 0.0453125
4 0.76953125 0.55859375 0.0859375 0.0609375
4 0.71796875 0.6953125 0.0953125 0.0765625
4 0.4515625 0.70703125 0.0796875 0.0671875
4 0.4765625 0.81484375 0.0546875 0.0453125
4 0.5421875 0.78828125 0.0671875 0.0625
4 0.54140625 0.70625 0.03125 0.03125
4 0.86875 0.9109375 0.1203125 0.165625
4 0.63125 0.5296875 0.0234375 0.025
4 0.66484375 0.6953125 0.0578125 0.040625
4 0.5359375 0.26171875 0.0328125 0.03125
2 0.740625 0.7765625 0.0875 0.0984375
4 0.6796875 0.578125 0.0859375 0.0703125
4 0.84140625 0.265625 0.0515625 0.025