2 0.1046875 0.7234375 0.2015625 0.2140625
2 0.0640625 0.61171875 0.128125 0.2703125
2 0.20703125 0.6 0.0859375 0.065625
2 0.1421875 0.5765625 0.1234375 0.096875
2 0.17734375 0.5015625 0.13125 0.1421875
2 0.1859375 0.40234375 0.0828125 0.084375
1 0.0921875 0.20546875 0.1046875 0.1125
2 0.0890625 0.22421875 0.115625 0.1703125
2 0.153125 0.27265625 0.078125 0.071875
2 0.2625 0.33671875 0.0703125 0.0734375
2 0.35546875 0.1984375 0.040625 0.0578125
2 0.27109375 0.2 0.03125 0.0265625
4 0.33046875 0.1796875 0.053125 0.0640625
4 0.1359375 0.153125 0.1484375 0.153125
2 0.34453125 0.10234375 0.0890625 0.0796875
2 0.39140625 0.05390625 0.0953125 0.1078125
2 0.225 0.86796875 0.0265625 0.0328125
2 0.59765625 0.553125 0.0453125 0.05
2 0.5296875 0.66953125 0.01875 0.0203125
2 0.60859375 0.34765625 0.0234375 0.028125