4 0.8484375 0.78828125 0.021875 0.04375
4 0.77421875 0.29375 0.0296875 0.053125
4 0.43515625 0.33828125 0.009375 0.0140625
4 0.2390625 0.878125 0.05 0.034375
1 0.40859375 0.52734375 0.0453125 0.059375
1 0.44375 0.8328125 0.0609375 0.0640625
1 0.48671875 0.25078125 0.0375 0.0171875
0 0.50703125 0.2765625 0.015625 0.0125
0 0.6171875 0.71484375 0.0265625 0.034375
0 0.5609375 0.90859375 0.0296875 0.05625
0 0.39609375 0.9796875 0.03125 0.0375
2 0.30078125 0.96875 0.0578125 0.0578125
4 0.83125 0.71875 0.0234375 0.025
4 0.79765625 0.69296875 0.015625 0.03125
0 0.25859375 0.89765625 0.0390625 0.0515625
2 0.58828125 0.96328125 0.0484375 0.0734375