2 0.60859375 0.2890625 0.1671875 0.1546875
2 0.65703125 0.34296875 0.0421875 0.059375
2 0.63671875 0.4328125 0.0984375 0.1015625
2 0.509375 0.21015625 0.0765625 0.03125
2 0.4078125 0.228125 0.0375 0.0234375
2 0.3578125 0.425 0.06875 0.065625
2 0.68828125 0.859375 0.2328125 0.28125
2 0.76015625 0.83046875 0.06875 0.171875
4 0.81328125 0.99453125 0.0578125 0.0109375
2 0.33984375 0.0265625 0.084375 0.0484375
2 0.13515625 0.0171875 0.0578125 0.034375
2 0.1046875 0.06875 0.0875 0.0390625
4 0.45 0.39296875 0.071875 0.053125