2 0.54453125 0.87578125 0.0890625 0.1625
2 0.64453125 0.903125 0.0546875 0.078125
2 0.71796875 0.79765625 0.0859375 0.090625
4 0.70546875 0.303125 0.05 0.0609375
4 0.809375 0.18828125 0.0375 0.0546875
2 0.79296875 0.31328125 0.0703125 0.1046875
2 0.7140625 0.1515625 0.071875 0.1015625
2 0.73671875 0.2609375 0.0421875 0.0609375
2 0.88359375 0.3234375 0.103125 0.1234375
2 0.72578125 0.34296875 0.05625 0.05625
2 0.8015625 0.409375 0.0640625 0.0640625
2 0.76875 0.2375 0.0359375 0.0265625
2 0.6546875 0.01875 0.0328125 0.0203125
1 0.63046875 0.32734375 0.0171875 0.0359375
2 0.509375 0.7390625 0.0265625 0.0328125
2 0.86796875 0.5390625 0.0734375 0.1
2 0.7625 0.49453125 0.1 0.090625
2 0.7125 0.57421875 0.0984375 0.075
2 0.80859375 0.58828125 0.0546875 0.0625
2 0.90703125 0.7046875 0.0453125 0.034375
2 0.9765625 0.64375 0.034375 0.06875
2 0.653125 0.34296875 0.0515625 0.065625
2 0.94453125 0.834375 0.0703125 0.046875
2 0.77421875 0.2078125 0.0390625 0.03125
2 0.9265625 0.61796875 0.0984375 0.0703125