2 0.88515625 0.6796875 0.0828125 0.065625
2 0.790625 0.8515625 0.0765625 0.0765625
2 0.7984375 0.70703125 0.06875 0.090625
2 0.36015625 0.6421875 0.096875 0.0859375
2 0.14765625 0.8640625 0.08125 0.115625
2 0.20859375 0.81015625 0.0734375 0.071875
2 0.50625 0.2015625 0.06875 0.0609375
2 0.703125 0.16171875 0.109375 0.065625
2 0.6859375 0.2125 0.0421875 0.03125
2 0.93828125 0.35625 0.1015625 0.0828125
2 0.63984375 0.45625 0.159375 0.1265625
2 0.2390625 0.53984375 0.1125 0.09375
2 0.1328125 0.50703125 0.1859375 0.1203125
2 0.08515625 0.6375 0.1546875 0.1203125
2 0.91796875 0.915625 0.1296875 0.0875
2 0.77265625 0.96328125 0.0578125 0.0203125
2 0.29375 0.94921875 0.1265625 0.0796875
2 0.678125 0.965625 0.1125 0.0453125