2 0.6515625 0.91640625 0.0453125 0.0390625
0 0.659375 0.88828125 0.040625 0.03125
0 0.78359375 0.7265625 0.046875 0.03125
0 0.57578125 0.5828125 0.0375 0.0296875
4 0.55 0.7875 0.0640625 0.046875
0 0.48984375 0.58046875 0.04375 0.034375
4 0.57578125 0.53125 0.04375 0.0578125
4 0.54609375 0.53671875 0.0453125 0.0359375
4 0.66953125 0.49921875 0.0484375 0.0375
0 0.6375 0.503125 0.0375 0.0421875
2 0.66875 0.40859375 0.08125 0.071875
4 0.50546875 0.43828125 0.034375 0.0265625
1 0.2578125 0.340625 0.0375 0.0625
4 0.78515625 0.215625 0.0515625 0.0296875
1 0.434375 0.27109375 0.040625 0.046875
1 0.32734375 0.20390625 0.0328125 0.0203125
0 0.1234375 0.05703125 0.0234375 0.0109375
4 0.07421875 0.33125 0.0171875 0.0140625