2 0.6703125 0.46953125 0.075 0.153125
4 0.62421875 0.590625 0.0421875 0.046875
2 0.5109375 0.5625 0.0578125 0.1109375
2 0.65703125 0.3421875 0.0234375 0.0515625
2 0.05390625 0.5796875 0.1078125 0.1875
4 0.18515625 0.31171875 0.1140625 0.0953125
2 0.27734375 0.3375 0.0515625 0.0859375
2 0.3078125 0.4265625 0.0515625 0.0859375
2 0.2703125 0.4984375 0.078125 0.125
2 0.2546875 0.43984375 0.05625 0.0578125
2 0.1 0.2328125 0.0921875 0.11875
2 0.1609375 0.24375 0.059375 0.065625
2 0.16953125 0.12421875 0.109375 0.1203125
2 0.0625 0.17578125 0.06875 0.071875
4 0.0359375 0.21015625 0.021875 0.0625
4 0.32109375 0.1203125 0.0671875 0.090625
1 0.3140625 0.2734375 0.03125 0.028125
2 0.08828125 0.09765625 0.046875 0.021875
2 0.26171875 0.2796875 0.0578125 0.0515625
4 0.203125 0.4515625 0.05625 0.06875
2 0.21796875 0.58046875 0.059375 0.0734375
2 0.17578125 0.80703125 0.08125 0.1046875
2 0.1671875 0.70390625 0.0890625 0.1296875
2 0.31015625 0.903125 0.0375 0.034375
2 0.59453125 0.9921875 0.0578125 0.015625
2 0.3984375 0.89453125 0.053125 0.128125
2 0.35625 0.83359375 0.0234375 0.0484375
2 0.3421875 0.703125 0.053125 0.0734375
4 0.32265625 0.86484375 0.0390625 0.04375
4 0.41484375 0.81796875 0.0328125 0.040625
4 0.25625 0.32421875 0.040625 0.040625
4 0.3640625 0.640625 0.0203125 0.0234375
2 0.29765625 0.62421875 0.1140625 0.125
4 0.36328125 0.9171875 0.0234375 0.0421875
2 0.4515625 0.47890625 0.084375 0.128125