2 0.3609375 0.5921875 0.1625 0.215625
2 0.30078125 0.4390625 0.053125 0.0453125
2 0.23515625 0.4859375 0.05625 0.084375
2 0.4515625 0.23125 0.0484375 0.053125
2 0.446875 0.353125 0.05 0.059375
2 0.734375 0.28359375 0.075 0.0640625
2 0.4296875 0.06328125 0.11875 0.1265625
2 0.459375 0.1609375 0.06875 0.0984375
2 0.55546875 0.13828125 0.0578125 0.06875
2 0.25703125 0.75078125 0.0203125 0.0265625
2 0.3515625 0.853125 0.025 0.0234375
2 0.19609375 0.815625 0.0390625 0.034375
2 0.44609375 0.8140625 0.0359375 0.021875