2 0.88046875 0.84296875 0.175 0.1796875
2 0.540625 0.48515625 0.1265625 0.271875
2 0.640625 0.19453125 0.0796875 0.1140625
2 0.765625 0.27265625 0.084375 0.0984375
2 0.7078125 0.3390625 0.034375 0.0328125
2 0.68671875 0.3828125 0.1234375 0.146875
2 0.76171875 0.41796875 0.0765625 0.1046875
2 0.8609375 0.0671875 0.115625 0.134375
2 0.834375 0.18359375 0.196875 0.2765625
2 0.92421875 0.1828125 0.0546875 0.1359375
2 0.76171875 0.0921875 0.08125 0.0859375
2 0.57890625 0.17890625 0.071875 0.0390625
2 0.49375 0.2046875 0.1140625 0.1625
2 0.88125 0.48828125 0.0765625 0.09375
2 0.93125 0.38359375 0.0578125 0.071875
2 0.81328125 0.3453125 0.034375 0.034375
2 0.8171875 0.57734375 0.1078125 0.1171875
1 0.759375 0.56796875 0.034375 0.0484375
2 0.76875 0.515625 0.0453125 0.04375
4 0.825 0.74296875 0.1140625 0.1359375
2 0.7203125 0.7375 0.1015625 0.15625
2 0.790625 0.86171875 0.0375 0.05
2 0.821875 0.396875 0.0421875 0.0359375