1 0.84296875 0.0625 0.121875 0.0390625
2 0.078125 0.75078125 0.0625 0.0625
2 0.15 0.69609375 0.0375 0.0453125
2 0.17734375 0.8578125 0.065625 0.0921875
2 0.33203125 0.68671875 0.0625 0.0640625
2 0.1703125 0.51171875 0.028125 0.046875
2 0.1734375 0.46640625 0.028125 0.0390625
2 0.2078125 0.45 0.021875 0.0390625
2 0.1234375 0.64296875 0.0203125 0.0203125
4 0.71171875 0.90703125 0.1296875 0.1859375
4 0.63515625 0.9515625 0.0765625 0.090625
4 0.23125 0.71796875 0.0328125 0.03125
3 0.78671875 0.36328125 0.0953125 0.175