2 0.475 0.4546875 0.0453125 0.04375
2 0.6 0.47421875 0.0640625 0.0671875
1 0.26796875 0.503125 0.0703125 0.0703125
1 0.615625 0.38046875 0.0546875 0.071875
1 0.64921875 0.45703125 0.046875 0.0453125
4 0.67109375 0.54296875 0.0578125 0.05
4 0.6859375 0.58984375 0.0375 0.078125
4 0.76640625 0.7984375 0.0859375 0.0625
4 0.72265625 0.7109375 0.0578125 0.0546875
4 0.5875 0.91171875 0.0578125 0.05625
4 0.60390625 0.80703125 0.0625 0.084375
4 0.4703125 0.6796875 0.0390625 0.0484375
4 0.56640625 0.5 0.05625 0.0625
0 0.7859375 0.39765625 0.028125 0.0375
0 0.86953125 0.5359375 0.034375 0.05
0 0.9890625 0.51875 0.021875 0.05625
4 0.98203125 0.40625 0.028125 0.046875
4 0.82265625 0.31953125 0.03125 0.0375
0 0.78046875 0.721875 0.05 0.0453125
0 0.72265625 0.734375 0.0453125 0.0625
0 0.67421875 0.69453125 0.05 0.0625
0 0.6578125 0.64765625 0.040625 0.0640625
0 0.6640625 0.49765625 0.0328125 0.04375