2 0.50703125 0.6921875 0.14375 0.153125
2 0.59140625 0.9046875 0.2046875 0.190625
2 0.33671875 0.86640625 0.3765625 0.2671875
2 0.1546875 0.95546875 0.171875 0.0890625
4 0.3 0.9890625 0.046875 0.021875
2 0.4671875 0.47890625 0.0671875 0.08125
2 0.440625 0.303125 0.046875 0.065625
4 0.40078125 0.32265625 0.05625 0.0703125
2 0.34765625 0.234375 0.0953125 0.0828125
2 0.33828125 0.1375 0.153125 0.1671875
4 0.2265625 0.40390625 0.1703125 0.1546875
1 0.20078125 0.48984375 0.1546875 0.1140625
2 0.19375 0.51171875 0.19375 0.1859375
2 0.35390625 0.4953125 0.1234375 0.1109375
2 0.4515625 0.61484375 0.08125 0.0890625