4 0.57265625 0.0890625 0.0234375 0.0171875
4 0.79140625 0.34765625 0.021875 0.0328125
4 0.73671875 0.5328125 0.0359375 0.0421875
4 0.64921875 0.72109375 0.053125 0.0796875
4 0.58046875 0.81015625 0.0546875 0.103125
4 0.4640625 0.8953125 0.0625 0.0578125
4 0.2546875 0.70390625 0.0859375 0.053125
4 0.30234375 0.575 0.053125 0.0625
4 0.228125 0.27265625 0.0203125 0.0203125
0 0.26171875 0.31015625 0.0375 0.0265625
0 0.26484375 0.3703125 0.0359375 0.04375
0 0.2671875 0.4078125 0.0390625 0.0421875
0 0.3734375 0.35 0.0234375 0.0234375
0 0.1703125 0.24765625 0.0234375 0.0265625
0 0.20078125 0.2375 0.0203125 0.01875
0 0.15 0.19140625 0.021875 0.0328125
0 0.12734375 0.19609375 0.021875 0.0296875
4 0.17265625 0.09921875 0.025 0.01875
1 0.18984375 0.18359375 0.040625 0.0328125
4 0.1609375 0.30703125 0.034375 0.053125
0 0.70546875 0.146875 0.0171875 0.0171875
4 0.69609375 0.1890625 0.0140625 0.0171875
1 0.80625 0.2359375 0.05625 0.05625
1 0.73828125 0.3453125 0.065625 0.059375
0 0.5984375 0.33203125 0.040625 0.0296875
0 0.6 0.37421875 0.0390625 0.0265625
4 0.6296875 0.5140625 0.046875 0.0453125
4 0.59296875 0.6546875 0.046875 0.0515625
4 0.5828125 0.675 0.0453125 0.0484375
2 0.68984375 0.5296875 0.071875 0.0578125
4 0.31015625 0.5078125 0.034375 0.053125
2 0.36875 0.3265625 0.0453125 0.0453125