0 0.04921875 0.1453125 0.0171875 0.0203125
0 0.20390625 0.34296875 0.0234375 0.0359375
1 0.27265625 0.4390625 0.046875 0.040625
1 0.34375 0.26171875 0.0640625 0.03125
4 0.45234375 0.52578125 0.03125 0.034375
2 0.43671875 0.67265625 0.0703125 0.0734375
4 0.56171875 0.58515625 0.053125 0.0359375
4 0.5640625 0.55546875 0.0359375 0.04375
0 0.6 0.50078125 0.03125 0.0375
0 0.5375 0.63671875 0.040625 0.0359375
0 0.615625 0.5765625 0.0328125 0.0453125
4 0.53984375 0.66640625 0.0359375 0.040625
0 0.7671875 0.76328125 0.0296875 0.05
0 0.93984375 0.60546875 0.03125 0.04375
2 0.96796875 0.5984375 0.0390625 0.05
4 0.325 0.0640625 0.0109375 0.0109375
4 0.24296875 0.7953125 0.028125 0.0484375