0 0.92109375 0.33828125 0.01875 0.0171875
4 0.92265625 0.4890625 0.0203125 0.021875
4 0.57734375 0.31171875 0.0421875 0.04375
4 0.45859375 0.34296875 0.059375 0.0421875
4 0.45859375 0.3609375 0.053125 0.0453125
4 0.39765625 0.27421875 0.0921875 0.0515625
4 0.32890625 0.35 0.0828125 0.05
4 0.32265625 0.56484375 0.0828125 0.075
4 0.43984375 0.5671875 0.0609375 0.065625
0 0.715625 0.39140625 0.0390625 0.0359375
0 0.73359375 0.434375 0.03125 0.0390625
0 0.71640625 0.853125 0.0203125 0.0296875
0 0.721875 0.8265625 0.0328125 0.03125
0 0.65 0.78046875 0.0328125 0.0296875
0 0.6125 0.703125 0.0359375 0.021875
0 0.71640625 0.74921875 0.0328125 0.0296875
0 0.58046875 0.63984375 0.0484375 0.0328125
0 0.5421875 0.6484375 0.040625 0.040625
4 0.81171875 0.8609375 0.0234375 0.025
1 0.7296875 0.7984375 0.0359375 0.0421875
4 0.68046875 0.73046875 0.028125 0.0265625
2 0.653125 0.62109375 0.0578125 0.04375
0 0.640625 0.59140625 0.0265625 0.015625
0 0.528125 0.67421875 0.03125 0.021875
4 0.4875 0.56484375 0.046875 0.04375
4 0.5703125 0.77421875 0.0515625 0.0609375
4 0.18046875 0.38046875 0.0671875 0.0515625
1 0.76171875 0.2890625 0.0546875 0.0546875
1 0.85390625 0.2359375 0.053125 0.05625
4 0.74609375 0.2421875 0.0359375 0.0453125
4 0.5484375 0.2046875 0.0484375 0.0359375