2 0.4765625 0.32890625 0.1203125 0.1328125
2 0.528125 0.0984375 0.175 0.196875
2 0.2890625 0.1515625 0.328125 0.2859375
2 0.09453125 0.08046875 0.1671875 0.1609375
4 0.240625 0.07109375 0.0421875 0.025
2 0.46640625 0.5359375 0.05625 0.0703125
2 0.46484375 0.7046875 0.0359375 0.0578125
4 0.425 0.6921875 0.046875 0.0609375
2 0.3859375 0.78203125 0.0828125 0.06875
2 0.390625 0.87421875 0.128125 0.14375
4 0.25 0.6375 0.1484375 0.1296875
1 0.2140625 0.559375 0.1359375 0.0921875
2 0.2046875 0.540625 0.1671875 0.1578125
2 0.3578125 0.534375 0.10625 0.0921875
2 0.43359375 0.409375 0.06875 0.0765625