2 0.4109375 0.46875 0.1171875 0.140625
2 0.7203125 0.37578125 0.05625 0.0671875
2 0.7984375 0.48125 0.034375 0.059375
2 0.61875 0.4625 0.0484375 0.075
2 0.79765625 0.08125 0.028125 0.0265625
2 0.7984375 0.05625 0.0234375 0.025
2 0.7625 0.046875 0.028125 0.021875
2 0.753125 0.1046875 0.015625 0.0171875
2 0.8875 0.178125 0.028125 0.0390625
2 0.84296875 0.12109375 0.0265625 0.05
2 0.88359375 0.0890625 0.0265625 0.0375
2 0.88125 0.06171875 0.0296875 0.009375
4 0.04921875 0.69140625 0.034375 0.059375
2 0.4546875 0.921875 0.0203125 0.0296875
2 0.584375 0.55 0.0203125 0.04375
2 0.503125 0.659375 0.021875 0.0265625
2 0.59140625 0.5734375 0.0140625 0.0109375
2 0.5640625 0.32734375 0.0125 0.015625
2 0.4765625 0.50625 0.0203125 0.0265625