2 0.584375 0.5734375 0.2328125 0.2125
2 0.3875 0.7125 0.084375 0.0859375
2 0.27734375 0.92421875 0.1109375 0.090625
2 0.4890625 0.978125 0.121875 0.04375
2 0.4875 0.89296875 0.05 0.05
4 0.46953125 0.78984375 0.08125 0.103125
2 0.54765625 0.6953125 0.103125 0.1171875
2 0.7234375 0.625 0.0609375 0.071875
4 0.64453125 0.93828125 0.1953125 0.1234375
2 0.09921875 0.25 0.0390625 0.0421875
1 0.53515625 0.9546875 0.0234375 0.0234375
2 0.33515625 0.853125 0.0265625 0.0265625
4 0.32734375 0.74375 0.021875 0.03125