2 0.9421875 0.459375 0.115625 0.15
2 0.9671875 0.625 0.065625 0.165625
2 0.865625 0.73828125 0.134375 0.090625
2 0.86171875 0.815625 0.08125 0.0953125
2 0.9234375 0.64453125 0.08125 0.096875
2 0.83828125 0.684375 0.0859375 0.05
2 0.7671875 0.65 0.1390625 0.1171875
2 0.73359375 0.57890625 0.1 0.0859375
2 0.65234375 0.65 0.028125 0.0328125
4 0.63203125 0.628125 0.1015625 0.1
2 0.64765625 0.5484375 0.0515625 0.0671875
2 0.56171875 0.63125 0.1109375 0.1078125
2 0.575 0.6875 0.115625 0.109375
4 0.5140625 0.7375 0.0671875 0.0578125
2 0.49921875 0.69140625 0.0578125 0.0578125
2 0.4484375 0.64375 0.1390625 0.090625
4 0.27109375 0.68125 0.0875 0.109375
2 0.13359375 0.49296875 0.103125 0.1
2 0.16796875 0.5625 0.084375 0.0390625
2 0.06328125 0.503125 0.1265625 0.1125
4 0.05546875 0.45078125 0.08125 0.04375
2 0.0390625 0.61015625 0.059375 0.05
2 0.0171875 0.5109375 0.034375 0.0625
1 0.61171875 0.4921875 0.0296875 0.0328125
2 0.92734375 0.2125 0.0515625 0.05
2 0.37421875 0.74453125 0.1734375 0.121875
4 0.0578125 0.68828125 0.0609375 0.0421875
4 0.4125 0.47421875 0.0375 0.0375