2 0.5859375 0.1890625 0.0953125 0.225
2 0.3890625 0.334375 0.08125 0.08125
4 0.3546875 0.4015625 0.015625 0.0203125
4 0.1265625 0.415625 0.096875 0.046875
4 0.0453125 0.13359375 0.090625 0.0640625
4 0.2140625 0.4328125 0.0359375 0.0390625
2 0.5609375 0.3359375 0.0234375 0.0390625
2 0.61171875 0.43984375 0.0203125 0.0390625
4 0.6 0.465625 0.025 0.028125
2 0.58046875 0.55546875 0.0578125 0.1046875
2 0.459375 0.58671875 0.109375 0.1484375
2 0.4421875 0.68125 0.0484375 0.040625
4 0.46875 0.7140625 0.053125 0.0703125
4 0.5921875 0.6703125 0.025 0.0375
2 0.2546875 0.7125 0.0625 0.078125
2 0.25390625 0.79453125 0.059375 0.08125
4 0.09140625 0.69921875 0.0578125 0.065625
2 0.15546875 0.94921875 0.0703125 0.1015625
2 0.196875 0.5703125 0.0828125 0.0921875
2 0.0234375 0.55234375 0.046875 0.053125