2 0.47109375 0.9765625 0.0640625 0.046875
2 0.5078125 0.8359375 0.1 0.1234375
4 0.38203125 0.9203125 0.028125 0.0234375
2 0.52109375 0.61484375 0.175 0.2015625
2 0.72734375 0.63203125 0.3125 0.2734375
2 0.8625 0.7859375 0.2109375 0.221875
4 0.74375 0.72890625 0.0390625 0.03125
4 0.603125 0.81015625 0.0703125 0.0796875
2 0.64765625 0.440625 0.1078125 0.1328125
2 0.621875 0.50859375 0.1234375 0.1
2 0.54765625 0.4859375 0.084375 0.06875
2 0.72265625 0.38125 0.0671875 0.071875
2 0.70234375 0.2671875 0.084375 0.071875
2 0.83984375 0.3 0.0765625 0.05625
2 0.928125 0.32890625 0.14375 0.1703125
1 0.9375 0.3140625 0.125 0.10625
4 0.93359375 0.19609375 0.1328125 0.1546875
2 0.8046875 0.16015625 0.034375 0.03125
2 0.73828125 0.0953125 0.05 0.065625
4 0.7796875 0.10078125 0.0671875 0.0703125
2 0.8203125 0.25078125 0.096875 0.0578125
4 0.684375 0.13359375 0.015625 0.0203125
2 0.24375 0.17578125 0.046875 0.0609375
4 0.225 0.3171875 0.01875 0.025