0 0.56640625 0.5984375 0.0328125 0.0234375
0 0.6765625 0.61015625 0.040625 0.034375
0 0.7234375 0.63046875 0.053125 0.034375
0 0.71015625 0.69375 0.040625 0.04375
0 0.77578125 0.6453125 0.0609375 0.025
0 0.55546875 0.8265625 0.0359375 0.025
0 0.49609375 0.8875 0.0390625 0.03125
0 0.43984375 0.7390625 0.0359375 0.025
0 0.5765625 0.49921875 0.0390625 0.01875
2 0.55234375 0.4 0.0625 0.053125
4 0.7875 0.38515625 0.0546875 0.03125
4 0.89609375 0.509375 0.084375 0.0484375
4 0.85 0.66875 0.078125 0.05625
4 0.7765625 0.6140625 0.034375 0.0453125
4 0.609375 0.58359375 0.0359375 0.0515625
4 0.64296875 0.59296875 0.0421875 0.034375
4 0.43984375 0.90546875 0.0359375 0.0328125
4 0.38984375 0.78125 0.0265625 0.028125
1 0.53046875 0.6203125 0.034375 0.040625
1 0.4546875 0.5578125 0.0609375 0.0625
1 0.3234375 0.9703125 0.0390625 0.040625
0 0.4765625 0.9875 0.025 0.025
4 0.9953125 0.48203125 0.009375 0.0453125
1 0.60078125 0.20234375 0.0671875 0.0703125
4 0.559375 0.52421875 0.0515625 0.04375
2 0.55390625 0.5625 0.04375 0.0390625