0 0.653125 0.37109375 0.0140625 0.0171875
0 0.6546875 0.3921875 0.0125 0.021875
0 0.5765625 0.41640625 0.015625 0.025
0 0.5609375 0.48046875 0.01875 0.021875
0 0.43828125 0.42109375 0.0125 0.0234375
0 0.47109375 0.39453125 0.0171875 0.015625
1 0.43984375 0.48671875 0.03125 0.03125
4 0.50390625 0.38125 0.01875 0.015625
2 0.3921875 0.5421875 0.0265625 0.04375
0 0.41015625 0.5734375 0.021875 0.0296875
0 0.4546875 0.5625 0.015625 0.034375
0 0.47265625 0.57578125 0.01875 0.034375
0 0.40703125 0.61875 0.0203125 0.0375
0 0.4125 0.68359375 0.01875 0.021875
0 0.36875 0.71171875 0.025 0.04375
4 0.42578125 0.65 0.015625 0.025
4 0.37421875 0.60234375 0.040625 0.028125
4 0.3546875 0.58203125 0.0453125 0.0125
4 0.29609375 0.590625 0.015625 0.034375
4 0.290625 0.49609375 0.025 0.034375
4 0.26484375 0.5125 0.015625 0.0203125
1 0.3140625 0.48203125 0.0359375 0.0328125
0 0.21171875 0.47734375 0.0125 0.0203125
4 0.18046875 0.5875 0.028125 0.0265625
4 0.25625 0.67265625 0.025 0.028125
0 0.1671875 0.6984375 0.025 0.0421875
2 0.1375 0.70078125 0.0546875 0.0546875
4 0.36171875 0.83828125 0.0421875 0.0703125
4 0.2765625 0.8703125 0.0359375 0.0765625
4 0.37734375 0.9078125 0.04375 0.078125
4 0.14921875 0.81640625 0.025 0.028125
1 0.340625 0.8921875 0.0515625 0.0578125