4 0.67421875 0.85 0.028125 0.03125
4 0.80078125 0.91015625 0.0546875 0.0359375
4 0.715625 0.93125 0.0359375 0.0203125
4 0.81328125 0.26171875 0.034375 0.0546875
4 0.2453125 0.46875 0.0125 0.0125
1 0.14140625 0.5140625 0.0140625 0.0359375
0 0.16953125 0.5375 0.0109375 0.015625
0 0.646875 0.6625 0.0328125 0.0265625
0 0.87890625 0.62421875 0.059375 0.03125
2 0.875 0.65703125 0.0359375 0.040625
1 0.78359375 0.48359375 0.053125 0.0640625
0 0.90234375 0.42734375 0.0609375 0.034375
2 0.88515625 0.34296875 0.046875 0.0609375
0 0.8296875 0.2859375 0.0515625 0.046875
1 0.47578125 0.44140625 0.0546875 0.04375