1 0.60390625 0.02734375 0.0375 0.034375
4 0.65234375 0.4453125 0.059375 0.0765625
4 0.546875 0.70703125 0.065625 0.10625
4 0.80390625 0.76875 0.040625 0.0890625
4 0.88203125 0.19296875 0.03125 0.03125
4 0.77734375 0.29765625 0.0234375 0.0640625
4 0.6734375 0.35390625 0.0375 0.046875
4 0.8015625 0.034375 0.0125 0.0203125
4 0.83359375 0.21875 0.034375 0.0375
4 0.87734375 0.15546875 0.015625 0.0421875
0 0.88828125 0.07734375 0.0265625 0.0203125
0 0.58984375 0.1609375 0.021875 0.0390625
0 0.559375 0.14609375 0.0265625 0.0421875
0 0.50859375 0.3515625 0.0328125 0.0546875
0 0.48125 0.3765625 0.0265625 0.0609375
0 0.2609375 0.39375 0.0328125 0.0609375
2 0.3265625 0.26875 0.053125 0.0390625
4 0.340625 0.296875 0.0453125 0.0375
2 0.51796875 0.23984375 0.0328125 0.0625