2 0.76875 0.5671875 0.065625 0.0890625
2 0.84765625 0.20078125 0.0671875 0.0796875
4 0.83125 0.38671875 0.046875 0.0671875
2 0.8640625 0.8234375 0.046875 0.05625
2 0.64296875 0.47265625 0.1 0.19375
2 0.9234375 0.42265625 0.153125 0.2421875
2 0.7515625 0.14453125 0.1125 0.228125
2 0.81796875 0.22578125 0.0296875 0.03125
2 0.8 0.18671875 0.0265625 0.0328125
2 0.7015625 0.20390625 0.0515625 0.103125
2 0.78125 0.3546875 0.0359375 0.071875
2 0.75703125 0.62578125 0.0578125 0.0375
2 0.91171875 0.20859375 0.0578125 0.06875