2 0.571875 0.9703125 0.0625 0.059375
2 0.5328125 0.82890625 0.1 0.1203125
4 0.65625 0.90625 0.028125 0.0234375
2 0.5125 0.61640625 0.171875 0.1984375
2 0.3140625 0.63984375 0.3078125 0.271875
2 0.16796875 0.796875 0.2546875 0.2265625
4 0.30234375 0.734375 0.0390625 0.0328125
4 0.440625 0.8078125 0.0703125 0.0796875
2 0.384375 0.453125 0.1078125 0.13125
2 0.41171875 0.51796875 0.1203125 0.0984375
2 0.4828125 0.49375 0.0828125 0.06875
2 0.31015625 0.3984375 0.065625 0.0703125
2 0.32578125 0.2875 0.0828125 0.071875
2 0.19453125 0.32421875 0.0734375 0.0578125
2 0.0890625 0.35546875 0.178125 0.1703125
1 0.0890625 0.340625 0.1453125 0.10625
4 0.08359375 0.2265625 0.1671875 0.153125
2 0.2234375 0.18828125 0.0328125 0.03125
2 0.28671875 0.1234375 0.05 0.0640625
2 0.2 0.07109375 0.0984375 0.05
4 0.24609375 0.13046875 0.065625 0.0703125
2 0.21171875 0.2765625 0.09375 0.05625
4 0.3390625 0.159375 0.015625 0.0203125
2 0.76484375 0.18359375 0.0453125 0.059375
4 0.78828125 0.31953125 0.0203125 0.0234375