1 0.53359375 0.02890625 0.0609375 0.0578125
1 0.646875 0.365625 0.0453125 0.0390625
1 0.621875 0.48671875 0.0328125 0.0328125
1 0.275 0.32890625 0.053125 0.0578125
4 0.52578125 0.3921875 0.028125 0.040625
4 0.54453125 0.375 0.015625 0.0390625
4 0.31015625 0.3390625 0.065625 0.0515625
4 0.24453125 0.3390625 0.0640625 0.040625
4 0.2984375 0.25390625 0.0640625 0.040625
4 0.55234375 0.32109375 0.034375 0.01875
4 0.57890625 0.22890625 0.0265625 0.028125
4 0.3953125 0.1546875 0.0328125 0.0296875
4 0.5109375 0.28359375 0.0359375 0.03125
4 0.61953125 0.3140625 0.0203125 0.015625
4 0.6296875 0.34296875 0.034375 0.0296875
4 0.709375 0.56015625 0.0171875 0.01875
4 0.70234375 0.52890625 0.0171875 0.0171875
1 0.82421875 0.66328125 0.0125 0.0171875
0 0.6921875 0.69765625 0.0203125 0.015625
0 0.66796875 0.6953125 0.01875 0.0125
0 0.66875 0.62109375 0.0234375 0.0171875
0 0.60625 0.59453125 0.025 0.021875
0 0.6875 0.496875 0.01875 0.015625
0 0.53984375 0.4796875 0.0265625 0.0171875
0 0.52734375 0.49375 0.03125 0.0203125
0 0.54140625 0.4328125 0.028125 0.0203125
0 0.50703125 0.421875 0.0390625 0.0234375
0 0.42578125 0.36640625 0.04375 0.0296875
0 0.44453125 0.41640625 0.028125 0.0234375
0 0.6859375 0.2765625 0.0203125 0.0140625
0 0.5 0.1953125 0.0421875 0.0328125
4 0.47890625 0.434375 0.028125 0.0203125
2 0.5703125 0.4265625 0.0484375 0.0359375
2 0.49765625 0.1671875 0.053125 0.053125
4 0.11015625 0.29296875 0.05 0.046875