2 0.428125 0.61015625 0.1515625 0.11875
2 0.52578125 0.734375 0.1875 0.18125
2 0.6 0.8796875 0.1953125 0.125
2 0.29609375 0.596875 0.0765625 0.0765625
2 0.13515625 0.53359375 0.1 0.0765625
2 0.62109375 0.35 0.10625 0.0640625
2 0.19921875 0.90625 0.2109375 0.16875
2 0.0625 0.94765625 0.0734375 0.0625
4 0.059375 0.83984375 0.11875 0.0640625
4 0.17421875 0.72265625 0.0921875 0.08125
2 0.08203125 0.81171875 0.1640625 0.2453125
2 0.16015625 0.68046875 0.1140625 0.103125
4 0.03671875 0.6546875 0.0734375 0.0375
1 0.3296875 0.76640625 0.0984375 0.0984375
4 0.4125 0.809375 0.0609375 0.08125
1 0.29765625 0.65703125 0.0296875 0.028125
4 0.3734375 0.8890625 0.1234375 0.13125
2 0.30390625 0.98515625 0.028125 0.0125
2 0.47734375 0.915625 0.0234375 0.021875
2 0.63828125 0.92421875 0.2140625 0.1515625
2 0.8015625 0.39765625 0.103125 0.0671875
2 0.2234375 0.70859375 0.0765625 0.08125