4 0.6515625 0.76953125 0.0328125 0.034375
4 0.78984375 0.79453125 0.059375 0.04375
4 0.71328125 0.8375 0.0375 0.025
4 0.6328125 0.1640625 0.0421875 0.0578125
4 0.13828125 0.5125 0.0140625 0.0140625
1 0.05 0.58203125 0.0203125 0.0375
0 0.0828125 0.59765625 0.0125 0.0171875
0 0.5765625 0.59453125 0.0359375 0.03125
0 0.79140625 0.49765625 0.0625 0.0390625
2 0.79609375 0.53125 0.0421875 0.0453125
1 0.6625 0.3875 0.0609375 0.0703125
0 0.7625 0.30234375 0.0640625 0.0421875
2 0.72421875 0.225 0.0546875 0.0671875
0 0.65546875 0.18359375 0.0578125 0.053125
1 0.35390625 0.4265625 0.0609375 0.0515625