4 0.06640625 0.553125 0.0328125 0.053125
4 0.13359375 0.440625 0.0328125 0.0375
4 0.3109375 0.584375 0.05625 0.04375
4 0.39453125 0.0859375 0.0234375 0.0171875
1 0.46953125 0.278125 0.053125 0.046875
0 0.30234375 0.04296875 0.0171875 0.0109375
0 0.28046875 0.4328125 0.03125 0.0390625
0 0.40859375 0.63515625 0.0359375 0.053125
0 0.578125 0.68203125 0.0421875 0.0578125
0 0.7140625 0.59921875 0.05 0.05
4 0.13125 0.4875 0.021875 0.028125
1 0.51171875 0.58203125 0.0609375 0.059375
2 0.69296875 0.6546875 0.065625 0.0484375
2 0.39375 0.709375 0.059375 0.08125