2 0.159375 0.1125 0.071875 0.053125
2 0.0625 0.41171875 0.121875 0.109375
2 0.3578125 0.54765625 0.090625 0.08125
2 0.06875 0.9453125 0.109375 0.025
2 0.46875 0.84375 0.0796875 0.0421875
2 0.52578125 0.6921875 0.0640625 0.06875
2 0.590625 0.72578125 0.075 0.10625
2 0.471875 0.42421875 0.1015625 0.0921875
2 0.56875 0.375 0.178125 0.11875
2 0.80859375 0.3359375 0.0859375 0.1
2 0.69765625 0.4984375 0.2828125 0.1109375
2 0.76484375 0.65390625 0.19375 0.203125
4 0.9140625 0.57890625 0.171875 0.2171875
4 0.88828125 0.99453125 0.1296875 0.0109375