1 0.98046875 0.6171875 0.0390625 0.128125
2 0.0921875 0.246875 0.0625 0.0609375
2 0.16796875 0.2859375 0.04375 0.0390625
2 0.0421875 0.37421875 0.084375 0.0671875
2 0.2484375 0.43828125 0.0640625 0.0625
2 0.3328125 0.2296875 0.04375 0.028125
2 0.37265625 0.21484375 0.0375 0.0265625
2 0.40078125 0.2375 0.0375 0.021875
2 0.20234375 0.24140625 0.01875 0.01875
4 0.20234375 0.8515625 0.196875 0.1359375
2 0.103125 0.8796875 0.0578125 0.090625
4 0.14296875 0.80078125 0.0875 0.078125
4 0.18203125 0.36328125 0.03125 0.034375
3 0.7046875 0.69609375 0.1671875 0.1015625