2 0.16875 0.60390625 0.1046875 0.059375
2 0.3734375 0.33359375 0.115625 0.08125
2 0.1953125 0.32265625 0.075 0.096875
2 0.228125 0.43828125 0.1328125 0.1421875
2 0.15 0.40234375 0.0875 0.0609375
2 0.08046875 0.43671875 0.0703125 0.071875
2 0.4015625 0.54375 0.090625 0.0875
2 0.48671875 0.6328125 0.0546875 0.075
2 0.584375 0.60078125 0.08125 0.1515625
2 0.30703125 0.1078125 0.065625 0.0546875
1 0.40859375 0.078125 0.0171875 0.0359375
4 0.31953125 0.0609375 0.0609375 0.06875
2 0.140625 0.10078125 0.1171875 0.1234375
2 0.23671875 0.17890625 0.06875 0.0671875
2 0.2375 0.0859375 0.071875 0.096875
2 0.2375 0.03984375 0.0609375 0.0234375
2 0.3203125 0.03125 0.0453125 0.028125
2 0.29453125 0.26484375 0.1015625 0.1078125
2 0.2640625 0.3640625 0.0453125 0.0640625
2 0.27890625 0.5171875 0.059375 0.0515625
2 0.59453125 0.72578125 0.0671875 0.09375
2 0.58984375 0.46796875 0.0375 0.0359375
2 0.246875 0.946875 0.103125 0.10625
2 0.03828125 0.3078125 0.0765625 0.14375
2 0.3671875 0.07890625 0.08125 0.10625