4 0.89140625 0.36875 0.028125 0.053125
4 0.78515625 0.2875 0.0296875 0.0375
4 0.67109375 0.49140625 0.0578125 0.0421875
4 0.3984375 0.04765625 0.0234375 0.0171875
1 0.40078125 0.26171875 0.0515625 0.04375
0 0.64140625 0.3359375 0.028125 0.0375
0 0.596875 0.57890625 0.03125 0.053125
0 0.45234375 0.6890625 0.0390625 0.05625
0 0.29140625 0.6609375 0.0453125 0.0453125
4 0.8046875 0.33046875 0.01875 0.028125
1 0.478125 0.56796875 0.05625 0.05625
2 0.3328125 0.70625 0.0671875 0.0421875
2 0.63984375 0.64375 0.053125 0.0796875