2 0.68515625 0.49375 0.1578125 0.1484375
2 0.89140625 0.39140625 0.2171875 0.2140625
2 0.86328125 0.63828125 0.2734375 0.3859375
2 0.96015625 0.80390625 0.0796875 0.1796875
4 0.9875 0.66875 0.025 0.046875
2 0.4828125 0.55078125 0.08125 0.06875
2 0.315625 0.59140625 0.0640625 0.05
4 0.33671875 0.628125 0.071875 0.0609375
2 0.25703125 0.68671875 0.084375 0.0953125
2 0.16484375 0.703125 0.16875 0.1578125
4 0.43125 0.78828125 0.1625 0.175
1 0.51640625 0.80625 0.11875 0.153125
2 0.5375 0.81171875 0.1921875 0.1984375
2 0.50859375 0.65859375 0.115625 0.1265625
2 0.61484375 0.5546875 0.0890625 0.0828125