0 0.73515625 0.646875 0.0296875 0.0578125
0 0.6 0.646875 0.0453125 0.034375
0 0.5671875 0.63828125 0.053125 0.046875
0 0.51015625 0.51328125 0.0390625 0.025
0 0.56171875 0.45078125 0.0328125 0.0265625
0 0.28671875 0.740625 0.0375 0.06875
1 0.38671875 0.471875 0.0515625 0.0390625
1 0.215625 0.42890625 0.065625 0.0453125
1 0.58984375 0.421875 0.0828125 0.059375
1 0.871875 0.4109375 0.0515625 0.0421875
4 0.68515625 0.38828125 0.0265625 0.034375
4 0.640625 0.54453125 0.0328125 0.0390625
4 0.55078125 0.70078125 0.0625 0.075
2 0.53046875 0.42265625 0.0390625 0.0515625