4 0.36875 0.67109375 0.0671875 0.0328125
4 0.44921875 0.66171875 0.0296875 0.034375
4 0.37265625 0.5640625 0.025 0.01875
4 0.36640625 0.54453125 0.04375 0.03125
4 0.47578125 0.48828125 0.0375 0.0390625
4 0.671875 0.4046875 0.0453125 0.05
4 0.7 0.3859375 0.0609375 0.0515625
4 0.70546875 0.5015625 0.0625 0.0359375
4 0.8390625 0.4578125 0.040625 0.04375
4 0.54765625 0.4546875 0.025 0.021875
4 0.4890625 0.46015625 0.0484375 0.025
4 0.45859375 0.47421875 0.0265625 0.05
1 0.51953125 0.78203125 0.065625 0.08125
2 0.5265625 0.64453125 0.04375 0.04375
0 0.55859375 0.63125 0.040625 0.025
4 0.64375 0.6140625 0.0375 0.025
1 0.35546875 0.515625 0.046875 0.046875
1 0.36796875 0.421875 0.03125 0.0359375
2 0.42734375 0.465625 0.0375 0.040625
0 0.4921875 0.428125 0.034375 0.034375
0 0.44765625 0.41875 0.0359375 0.0328125
0 0.46953125 0.4078125 0.0421875 0.025
0 0.46640625 0.37421875 0.0359375 0.034375
0 0.56484375 0.4421875 0.028125 0.0265625
0 0.309375 0.40859375 0.0203125 0.0171875
0 0.58828125 0.43828125 0.0328125 0.0359375
0 0.3046875 0.2640625 0.028125 0.0203125
0 0.353125 0.275 0.0203125 0.025
0 0.29453125 0.153125 0.0265625 0.025
0 0.2734375 0.140625 0.025 0.01875
1 0.1265625 0.24296875 0.0171875 0.0234375
4 0.26953125 0.3171875 0.0171875 0.015625
4 0.27109375 0.3734375 0.025 0.01875
0 0.35625 0.60078125 0.0203125 0.0203125