2 0.7546875 0.528125 0.1140625 0.1265625
2 0.6328125 0.6265625 0.06875 0.0875
2 0.6765625 0.69140625 0.0734375 0.1109375
2 0.7640625 0.78671875 0.1640625 0.1828125
1 0.71484375 0.8640625 0.0875 0.0953125
2 0.68203125 0.79765625 0.03125 0.0546875
2 0.6546875 0.78203125 0.0265625 0.06875
2 0.47734375 0.52734375 0.0359375 0.0359375
2 0.57109375 0.82734375 0.03125 0.053125
2 0.85078125 0.52734375 0.0578125 0.071875
2 0.8703125 0.446875 0.109375 0.1
2 0.9640625 0.2921875 0.0265625 0.075
4 0.59140625 0.3796875 0.01875 0.0234375
4 0.88515625 0.90703125 0.08125 0.075
2 0.71953125 0.584375 0.0625 0.06875