0 0.771875 0.4296875 0.040625 0.021875
0 0.50078125 0.55625 0.0609375 0.0375
0 0.4953125 0.7078125 0.078125 0.0390625
0 0.63046875 0.753125 0.0515625 0.0296875
1 0.621875 0.56171875 0.059375 0.053125
4 0.63984375 0.803125 0.0359375 0.0484375
4 0.0859375 0.85703125 0.1171875 0.0609375
4 0.69765625 0.31953125 0.046875 0.034375
4 0.6453125 0.27109375 0.0296875 0.025
4 0.48828125 0.32734375 0.0703125 0.03125
2 0.59296875 0.47734375 0.0578125 0.0296875
4 0.04921875 0.12734375 0.0859375 0.059375
2 0.565625 0.7578125 0.0546875 0.0671875
0 0.2734375 0.56484375 0.0640625 0.0453125