2 0.40390625 0.85546875 0.1234375 0.134375
2 0.5375 0.91171875 0.1125 0.1015625
2 0.603125 0.96953125 0.046875 0.046875
2 0.64609375 0.66796875 0.1015625 0.134375
2 0.353125 0.57578125 0.065625 0.075
2 0.12734375 0.55390625 0.059375 0.1078125
2 0.328125 0.8859375 0.084375 0.0875
4 0.26953125 0.82109375 0.0578125 0.0765625
2 0.2921875 0.978125 0.059375 0.04375
2 0.1828125 0.9578125 0.0375 0.05
2 0.18203125 0.90390625 0.0265625 0.03125
4 0.22421875 0.84609375 0.034375 0.0296875
2 0.121875 0.78125 0.0359375 0.0421875
2 0.48828125 0.9828125 0.0296875 0.034375
4 0.771875 0.66640625 0.0890625 0.1078125
2 0.24296875 0.95234375 0.0578125 0.0953125
2 0.27265625 0.86875 0.046875 0.0546875
2 0.27265625 0.7578125 0.084375 0.1171875
2 0.29140625 0.75390625 0.028125 0.0359375
4 0.09921875 0.9234375 0.01875 0.0328125
2 0.23828125 0.63515625 0.0890625 0.1578125
2 0.41640625 0.95703125 0.0921875 0.0859375