4 0.41484375 0.190625 0.29375 0.240625
2 0.18046875 0.1984375 0.096875 0.0875
2 0.24453125 0.2859375 0.0390625 0.0359375
2 0.22734375 0.49296875 0.04375 0.0578125
2 0.6375 0.2 0.084375 0.1109375
2 0.57265625 0.27265625 0.0671875 0.1140625
2 0.5484375 0.321875 0.0921875 0.109375
4 0.17265625 0.025 0.028125 0.0328125
4 0.78046875 0.11796875 0.0609375 0.05625
4 0.21171875 0.02890625 0.0703125 0.0578125
4 0.125 0.0390625 0.0875 0.078125
4 0.0921875 0.234375 0.03125 0.053125
2 0.7875 0.08203125 0.1 0.0796875