2 0.4265625 0.34140625 0.140625 0.1484375
2 0.4140625 0.1109375 0.209375 0.221875
2 0.2015625 0.22421875 0.3703125 0.3375
2 0.046875 0.20625 0.09375 0.196875
4 0.13359375 0.16171875 0.0453125 0.0328125
2 0.4734375 0.53984375 0.06875 0.0796875
2 0.5171875 0.69921875 0.046875 0.0609375
4 0.4765625 0.69921875 0.0578125 0.06875
2 0.46484375 0.79453125 0.0921875 0.08125
2 0.49375 0.88046875 0.1515625 0.1625
4 0.29609375 0.6953125 0.165625 0.153125
1 0.24140625 0.63125 0.1484375 0.115625
2 0.2265625 0.615625 0.190625 0.184375
2 0.3703125 0.56796875 0.121875 0.109375
2 0.4078125 0.42890625 0.078125 0.0859375