0 0.30078125 0.66953125 0.0375 0.0609375
0 0.43671875 0.6890625 0.0484375 0.040625
0 0.46953125 0.684375 0.0609375 0.053125
0 0.54453125 0.5671875 0.040625 0.0296875
0 0.5015625 0.49921875 0.034375 0.0296875
0 0.73515625 0.82578125 0.046875 0.0734375
1 0.67265625 0.54453125 0.0578125 0.0453125
1 0.84921875 0.525 0.071875 0.0546875
1 0.47734375 0.465625 0.0890625 0.06875
1 0.1984375 0.415625 0.05625 0.0484375
4 0.3875 0.41796875 0.0296875 0.0359375
4 0.409375 0.58046875 0.0375 0.0421875
4 0.47734375 0.74921875 0.071875 0.084375
2 0.53671875 0.475 0.0453125 0.05625