2 0.278125 0.36640625 0.1234375 0.1359375
2 0.43671875 0.32109375 0.075 0.0953125
2 0.42109375 0.240625 0.08125 0.1203125
2 0.37578125 0.11328125 0.178125 0.196875
1 0.45546875 0.0578125 0.0953125 0.103125
2 0.46015625 0.13515625 0.034375 0.0578125
2 0.4796875 0.1625 0.0328125 0.0734375
2 0.546875 0.48125 0.040625 0.0375
2 0.5796875 0.15234375 0.0359375 0.0578125
2 0.1859375 0.328125 0.0609375 0.0765625
2 0.13359375 0.39765625 0.11875 0.1078125
4 0.37578125 0.5765625 0.0203125 0.025
2 0.33671875 0.3265625 0.06875 0.075