2 0.38359375 0.38671875 0.0734375 0.0515625
4 0.609375 0.609375 0.0578125 0.0765625
4 0.6828125 0.66328125 0.0890625 0.0984375
2 0.4734375 0.66875 0.0875 0.084375
2 0.48515625 0.7203125 0.0921875 0.1
2 0.540625 0.6328125 0.0671875 0.0890625
2 0.53671875 0.79375 0.078125 0.103125
1 0.690625 0.22578125 0.0578125 0.059375
4 0.7859375 0.253125 0.040625 0.04375
4 0.1625 0.35546875 0.215625 0.2015625
4 0.5421875 0.96171875 0.1 0.0765625
2 0.38359375 0.63515625 0.0421875 0.05
2 0.15234375 0.71015625 0.046875 0.0640625
2 0.76875 0.5671875 0.04375 0.046875
4 0.61328125 0.8765625 0.075 0.1234375
4 0.3328125 0.478125 0.0484375 0.0546875