0 0.20078125 0.46015625 0.0078125 0.015625
1 0.18359375 0.48203125 0.0171875 0.0359375
4 0.25703125 0.5484375 0.0109375 0.009375
1 0.4609375 0.58515625 0.0453125 0.0484375
1 0.74140625 0.57421875 0.046875 0.053125
0 0.8328125 0.65078125 0.0546875 0.05
0 0.8390625 0.48046875 0.053125 0.0328125
2 0.8421875 0.4484375 0.08125 0.0484375
4 0.765625 0.20390625 0.0375 0.0203125
4 0.7078125 0.2671875 0.0234375 0.0328125
0 0.63828125 0.40703125 0.040625 0.0265625
4 0.85546875 0.2265625 0.0390625 0.040625
2 0.809375 0.7109375 0.05 0.059375
4 0.73984375 0.76875 0.046875 0.0515625
0 0.75234375 0.74453125 0.0484375 0.0390625