2 0.54765625 0.80078125 0.1109375 0.2234375
2 0.36796875 0.6421875 0.0828125 0.084375
4 0.340625 0.5734375 0.015625 0.0203125
4 0.11953125 0.53984375 0.0953125 0.053125
4 0.03046875 0.80546875 0.0609375 0.0703125
4 0.20625 0.53125 0.0375 0.0390625
2 0.5359375 0.6546875 0.0265625 0.040625
2 0.59453125 0.55703125 0.0234375 0.0390625
4 0.58515625 0.53125 0.0265625 0.0296875
2 0.5734375 0.4421875 0.0625 0.1046875
2 0.4578125 0.40078125 0.115625 0.15
2 0.4484375 0.30859375 0.0484375 0.04375
4 0.478125 0.27734375 0.05625 0.0703125
4 0.5953125 0.33203125 0.025 0.0359375
2 0.26875 0.2609375 0.0671875 0.0796875
2 0.2765625 0.18046875 0.065625 0.0828125
4 0.10859375 0.259375 0.0625 0.06875
2 0.1921875 0.03671875 0.078125 0.0734375
2 0.20078125 0.3953125 0.0859375 0.0953125
2 0.03046875 0.396875 0.0484375 0.0546875