1 0.49453125 0.72890625 0.0515625 0.0765625
1 0.38203125 0.32578125 0.0359375 0.034375
1 0.3671875 0.4359375 0.046875 0.0546875
1 0.14140625 0.16640625 0.021875 0.0265625
4 0.45234375 0.43125 0.0390625 0.04375
4 0.4859375 0.42421875 0.0453125 0.0390625
4 0.6828125 0.34140625 0.0796875 0.04375
4 0.6484375 0.3703125 0.03125 0.053125
4 0.81015625 0.45078125 0.0453125 0.0390625
4 0.69453125 0.465625 0.065625 0.0359375
2 0.48515625 0.59140625 0.0359375 0.04375
4 0.45234375 0.6078125 0.0328125 0.015625
4 0.62421875 0.5609375 0.040625 0.021875
4 0.38515625 0.49375 0.025 0.0203125
4 0.2734375 0.2828125 0.0296875 0.0125
4 0.28828125 0.221875 0.0265625 0.015625
0 0.3171875 0.31484375 0.0265625 0.0125
0 0.32578125 0.06484375 0.028125 0.0171875
0 0.3015625 0.04765625 0.0296875 0.01875
0 0.33828125 0.17421875 0.0265625 0.01875
0 0.3828125 0.1953125 0.025 0.025
0 0.4765625 0.309375 0.0375 0.0359375
0 0.47421875 0.35 0.040625 0.0234375
0 0.45546875 0.36953125 0.021875 0.0296875
0 0.48671875 0.371875 0.03125 0.034375
0 0.56328125 0.3828125 0.0359375 0.034375
0 0.53125 0.4203125 0.0359375 0.0203125
0 0.52578125 0.58515625 0.046875 0.0203125
0 0.3734375 0.51796875 0.0171875 0.0203125
4 0.5125 0.44921875 0.028125 0.025
4 0.42734375 0.4046875 0.0328125 0.04375