4 0.54765625 0.865625 0.0453125 0.0421875
4 0.54296875 0.6609375 0.0546875 0.0484375
4 0.57578125 0.5796875 0.0328125 0.053125
4 0.60078125 0.5546875 0.0296875 0.040625
2 0.65078125 0.52734375 0.0453125 0.0390625
1 0.64140625 0.3921875 0.040625 0.0484375
4 0.6671875 0.4046875 0.021875 0.0265625
1 0.740625 0.44375 0.0625 0.05
0 0.64453125 0.340625 0.0234375 0.015625
0 0.4953125 0.4421875 0.028125 0.0296875
0 0.40703125 0.41171875 0.0265625 0.028125
0 0.41484375 0.3203125 0.025 0.021875
0 0.34140625 0.38515625 0.0296875 0.0234375
0 0.32734375 0.3734375 0.021875 0.028125
0 0.1953125 0.3 0.0265625 0.0265625
0 0.19296875 0.33828125 0.0296875 0.021875
0 0.38671875 0.30390625 0.0234375 0.015625
4 0.2 0.31171875 0.0171875 0.0125
1 0.2640625 0.296875 0.03125 0.028125
4 0.228125 0.41796875 0.015625 0.0265625
4 0.34453125 0.33984375 0.03125 0.0484375
1 0.12578125 0.01953125 0.0171875 0.0109375
2 0.31875 0.34296875 0.0421875 0.0453125
0 0.340625 0.3640625 0.0171875 0.015625
0 0.5578125 0.259375 0.0125 0.0140625
4 0.54921875 0.31640625 0.0203125 0.0203125
4 0.5359375 0.36015625 0.021875 0.021875
4 0.484375 0.3703125 0.0234375 0.021875
4 0.4765625 0.3734375 0.025 0.021875
4 0.4859375 0.428125 0.0359375 0.0171875
4 0.5359375 0.42734375 0.034375 0.0265625
4 0.58125 0.48203125 0.0171875 0.01875