2 0.3765625 0.9671875 0.0609375 0.046875
2 0.39296875 0.81796875 0.1 0.121875
4 0.48359375 0.94296875 0.028125 0.021875
2 0.45703125 0.60234375 0.171875 0.2015625
2 0.25390625 0.54609375 0.3125 0.26875
2 0.08828125 0.646875 0.1765625 0.221875
4 0.2046875 0.63359375 0.0375 0.03125
4 0.3109375 0.7609375 0.0703125 0.0796875
2 0.39609375 0.39140625 0.10625 0.134375
2 0.39765625 0.465625 0.1234375 0.0984375
2 0.4765625 0.4703125 0.0828125 0.06875
2 0.3453125 0.30859375 0.065625 0.0703125
2 0.4046875 0.20625 0.084375 0.0734375
2 0.26171875 0.190625 0.0765625 0.05625
2 0.13984375 0.178125 0.1953125 0.16875
1 0.1515625 0.16484375 0.15 0.1015625
4 0.1890625 0.0640625 0.171875 0.128125
2 0.34375 0.06953125 0.0359375 0.0328125
2 0.4296875 0.03203125 0.05 0.0640625
4 0.3875 0.028125 0.065625 0.05625
2 0.29765625 0.15078125 0.096875 0.0546875
4 0.46796875 0.0859375 0.015625 0.0203125
2 0.87421875 0.278125 0.0453125 0.0609375
4 0.84296875 0.4203125 0.01875 0.0234375