2 0.4 0.71171875 0.13125 0.11875
2 0.340625 0.5546875 0.0921875 0.0703125
2 0.26015625 0.57734375 0.11875 0.075
2 0.134375 0.6359375 0.190625 0.16875
1 0.071875 0.559375 0.0984375 0.090625
2 0.15078125 0.54765625 0.059375 0.0296875
2 0.17578125 0.52578125 0.0734375 0.028125
2 0.49296875 0.4296875 0.0359375 0.0390625
2 0.1578125 0.42578125 0.05625 0.0328125
2 0.36953125 0.809375 0.075 0.0578125
2 0.4453125 0.85625 0.103125 0.1140625
2 0.57109375 0.99453125 0.0796875 0.0109375
4 0.60390625 0.59453125 0.0234375 0.01875
4 0.00546875 0.7203125 0.0109375 0.08125
2 0.3546875 0.65625 0.0734375 0.0640625