4 0.8390625 0.71171875 0.0234375 0.0421875
4 0.78359375 0.2328125 0.0296875 0.0515625
4 0.45546875 0.26328125 0.009375 0.0125
4 0.24921875 0.77890625 0.05 0.034375
1 0.42421875 0.4453125 0.04375 0.059375
1 0.446875 0.74140625 0.059375 0.0625
1 0.5078125 0.18046875 0.0359375 0.0171875
0 0.52734375 0.20703125 0.015625 0.0125
0 0.61875 0.6328125 0.0265625 0.034375
0 0.5578125 0.81796875 0.03125 0.0578125
0 0.39609375 0.89375 0.0328125 0.0609375
2 0.30546875 0.8734375 0.05625 0.065625
4 0.825 0.64453125 0.0234375 0.0265625
4 0.79296875 0.61796875 0.0171875 0.03125
0 0.2671875 0.79765625 0.0390625 0.0515625
2 0.58359375 0.87421875 0.0484375 0.0734375