4 0.63515625 0.26015625 0.0328125 0.03125
4 0.44140625 0.23125 0.05 0.0421875
4 0.253125 0.45 0.0875 0.05
4 0.278125 0.54375 0.14375 0.0875
1 0.58828125 0.8203125 0.0671875 0.0890625
1 0.59296875 0.41328125 0.08125 0.0765625
1 0.51875 0.5703125 0.0578125 0.0515625
1 0.60625 0.03359375 0.0515625 0.0546875
0 0.55546875 0.371875 0.040625 0.040625
0 0.4734375 0.5015625 0.0359375 0.0421875
0 0.36328125 0.30625 0.0453125 0.053125
0 0.36328125 0.196875 0.05625 0.03125
0 0.3140625 0.11484375 0.0734375 0.0453125
0 0.2453125 0.50078125 0.0734375 0.05
0 0.240625 0.53671875 0.0578125 0.0453125
0 0.26171875 0.64921875 0.0578125 0.0578125
4 0.375 0.7125 0.0421875 0.0265625
2 0.59375 0.51796875 0.0578125 0.0546875