4 0.3671875 0.4921875 0.0171875 0.0234375
4 0.46640625 0.51171875 0.025 0.028125
4 0.553125 0.4734375 0.025 0.03125
4 0.63203125 0.5734375 0.01875 0.034375
4 0.71640625 0.5375 0.0328125 0.046875
4 0.75859375 0.559375 0.0375 0.0734375
4 0.70625 0.484375 0.0375 0.0671875
4 0.68515625 0.5078125 0.046875 0.034375
4 0.64765625 0.6109375 0.0265625 0.025
4 0.4125 0.028125 0.021875 0.0140625
0 0.4265625 0.06640625 0.01875 0.0234375
0 0.396875 0.05859375 0.025 0.015625
1 0.384375 0.13359375 0.01875 0.0375
4 0.48671875 0.17265625 0.025 0.015625
0 0.4875 0.2171875 0.025 0.025
0 0.4734375 0.2453125 0.021875 0.028125
4 0.46640625 0.27734375 0.03125 0.0390625
0 0.48203125 0.30703125 0.0359375 0.01875
0 0.57265625 0.32890625 0.034375 0.021875
2 0.46015625 0.2359375 0.0296875 0.0265625
0 0.45625 0.4203125 0.021875 0.0296875
0 0.43828125 0.41640625 0.021875 0.0265625
0 0.29765625 0.4703125 0.015625 0.015625
2 0.5953125 0.65 0.028125 0.04375
1 0.48671875 0.640625 0.0390625 0.04375
1 0.4953125 0.7609375 0.040625 0.059375
4 0.496875 0.68125 0.01875 0.0203125
0 0.3703125 0.6484375 0.01875 0.01875
4 0.98125 0.56640625 0.0375 0.046875