2 0.25 0.88515625 0.165625 0.165625
2 0.309375 0.62890625 0.1328125 0.1265625
2 0.13984375 0.7515625 0.04375 0.084375
2 0.18671875 0.6828125 0.1140625 0.09375
2 0.034375 0.4109375 0.0671875 0.08125
2 0.5515625 0.71640625 0.04375 0.05
2 0.4359375 0.76171875 0.0546875 0.075
2 0.39296875 0.63984375 0.0953125 0.1203125
2 0.50703125 0.8453125 0.0765625 0.0921875
2 0.265625 0.74375 0.153125 0.153125
2 0.11484375 0.85234375 0.0890625 0.15
4 0.16015625 0.83359375 0.0328125 0.0390625
4 0.03515625 0.878125 0.0703125 0.065625
4 0.46328125 0.5796875 0.046875 0.0625
4 0.50078125 0.61953125 0.0359375 0.0296875
4 0.0375 0.31953125 0.034375 0.0765625
2 0.3890625 0.33046875 0.0625 0.06875
2 0.3390625 0.86015625 0.0296875 0.0421875
2 0.60390625 0.58515625 0.028125 0.0484375
2 0.60546875 0.353125 0.0671875 0.1015625
2 0.4578125 0.6578125 0.0546875 0.0875
2 0.4359375 0.503125 0.0234375 0.03125
2 0.55546875 0.66640625 0.01875 0.028125
2 0.51171875 0.403125 0.1078125 0.15625
2 0.4546875 0.51328125 0.0890625 0.1171875
2 0.51171875 0.56953125 0.084375 0.1
2 0.4875 0.70859375 0.0625 0.06875
2 0.4984375 0.64609375 0.0328125 0.04375
2 0.36640625 0.921875 0.121875 0.1359375