4 0.58125 0.303125 0.0328125 0.0359375
4 0.52578125 0.53515625 0.0296875 0.03125
4 0.53203125 0.51640625 0.04375 0.0328125
0 0.54296875 0.503125 0.0390625 0.028125
0 0.48671875 0.2453125 0.0265625 0.0265625
0 0.30234375 0.365625 0.0359375 0.0296875
2 0.48671875 0.2078125 0.0484375 0.0421875
4 0.44296875 0.52890625 0.0296875 0.0390625
2 0.403125 0.66015625 0.0671875 0.0515625
0 0.475 0.5734375 0.0328125 0.025
0 0.58203125 0.5875 0.0390625 0.0265625
4 0.559375 0.61171875 0.0265625 0.0203125
1 0.61015625 0.8046875 0.0328125 0.0453125
4 0.55234375 0.94921875 0.0265625 0.0265625
0 0.7234375 0.95078125 0.025 0.0203125
1 0.79609375 0.778125 0.0265625 0.0625