2 0.521875 0.946875 0.140625 0.10625
2 0.6890625 0.96328125 0.15625 0.0734375
2 0.7890625 0.8390625 0.0765625 0.128125
2 0.8640625 0.82734375 0.0890625 0.0734375
2 0.7015625 0.90703125 0.0890625 0.0734375
2 0.73203125 0.81796875 0.0421875 0.084375
2 0.690625 0.7515625 0.10625 0.13125
2 0.6171875 0.725 0.0765625 0.09375
2 0.67890625 0.6375 0.0296875 0.0265625
4 0.65546875 0.6203125 0.090625 0.09375
2 0.57734375 0.64296875 0.0640625 0.046875
2 0.65078125 0.55 0.1 0.103125
2 0.7078125 0.5578125 0.1 0.1078125
4 0.75 0.49140625 0.053125 0.0640625
2 0.70390625 0.48203125 0.053125 0.053125
2 0.6515625 0.43671875 0.078125 0.134375
4 0.6703125 0.25703125 0.103125 0.078125
2 0.46953125 0.140625 0.09375 0.0953125
2 0.5421875 0.16796875 0.03125 0.0828125
2 0.47265625 0.0671875 0.1 0.125
4 0.41875 0.06875 0.0359375 0.078125
2 0.575 0.0359375 0.0421875 0.05625
2 0.47421875 0.01875 0.0609375 0.0375
1 0.51796875 0.61328125 0.03125 0.028125
2 0.27421875 0.95625 0.046875 0.0484375
2 0.74296875 0.353125 0.1046875 0.1640625
2 0.32890625 0.0125 0.0296875 0.025
4 0.6546875 0.04375 0.0375 0.0625
4 0.4796875 0.41875 0.034375 0.034375