2 0.41484375 0.23359375 0.128125 0.203125
2 0.2609375 0.13046875 0.06875 0.075
2 0.35859375 0.1015625 0.1046875 0.11875
2 0.3453125 0.0265625 0.05625 0.053125
2 0.3390625 0.40234375 0.0578125 0.0640625
2 0.4140625 0.62578125 0.103125 0.084375
2 0.50078125 0.81796875 0.0765625 0.10625
2 0.3421875 0.571875 0.0328125 0.0421875
4 0.23515625 0.5296875 0.0296875 0.025
2 0.53203125 0.3921875 0.04375 0.0421875
2 0.46640625 0.340625 0.046875 0.0671875
2 0.60546875 0.69921875 0.0578125 0.090625
2 0.46875 0.98984375 0.04375 0.0203125
2 0.14375 0.61796875 0.0703125 0.0671875
2 0.13203125 0.47734375 0.0328125 0.0390625
2 0.22265625 0.65390625 0.021875 0.05
2 0.36328125 0.5375 0.040625 0.0375
4 0.43515625 0.45859375 0.0578125 0.065625
2 0.28046875 0.65 0.059375 0.0796875
2 0.615625 0.4265625 0.0703125 0.06875