4 0.6125 0.21015625 0.04375 0.059375
4 0.01640625 0.20546875 0.0140625 0.0453125
4 0.0265625 0.9296875 0.053125 0.053125
4 0.653125 0.75390625 0.0265625 0.028125
2 0.5703125 0.54140625 0.096875 0.03125
0 0.74453125 0.58359375 0.046875 0.0234375
0 0.4796875 0.4671875 0.071875 0.034375
0 0.4671875 0.3234375 0.0734375 0.0328125
0 0.60625 0.2640625 0.0484375 0.0265625
2 0.534375 0.26484375 0.065625 0.0703125
1 0.97578125 0.3203125 0.0484375 0.046875
1 0.61796875 0.46015625 0.05 0.0484375
4 0.475 0.71484375 0.0609375 0.025
4 0.68984375 0.7125 0.0265625 0.0328125
0 0.24375 0.4796875 0.0484375 0.0328125