2 0.625 0.6921875 0.3421875 0.2921875
2 0.42578125 0.946875 0.08125 0.09375
2 0.296875 0.9765625 0.06875 0.046875
2 0.3421875 0.7390625 0.1609375 0.21875
2 0.4953125 0.50625 0.1046875 0.1296875
2 0.4796875 0.5921875 0.13125 0.0921875
2 0.39296875 0.59921875 0.0671875 0.078125
2 0.8390625 0.82578125 0.321875 0.2828125
2 0.6203125 0.7734375 0.046875 0.0359375
2 0.5640625 0.428125 0.0796875 0.103125
2 0.57421875 0.296875 0.0828125 0.071875
2 0.684375 0.2984375 0.1015625 0.0421875
2 0.6984375 0.34296875 0.0890625 0.05625
2 0.853125 0.33046875 0.2203125 0.15
2 0.65234375 0.11796875 0.06875 0.065625
2 0.684375 0.1953125 0.0375 0.0296875
2 0.7765625 0.028125 0.103125 0.05625
2 0.7125 0.03984375 0.0328125 0.034375
4 0.8203125 0.2078125 0.1796875 0.134375
1 0.83828125 0.30390625 0.1578125 0.0890625
2 0.09765625 0.33515625 0.0515625 0.0578125
4 0.0671875 0.484375 0.0203125 0.0203125
2 0.128125 0.82421875 0.025 0.028125