2 0.56640625 0.67265625 0.075 0.1671875
2 0.4359375 0.64140625 0.084375 0.1359375
2 0.49296875 0.69453125 0.0578125 0.1
2 0.51171875 0.73125 0.0578125 0.1015625
2 0.3125 0.4765625 0.0890625 0.0828125
2 0.10625 0.57421875 0.1015625 0.0921875
2 0.040625 0.32578125 0.0765625 0.071875
2 0.5390625 0.41484375 0.0234375 0.0265625
1 0.51796875 0.390625 0.0140625 0.0234375
2 0.49296875 0.47890625 0.028125 0.0375
2 0.45078125 0.44296875 0.059375 0.0546875
2 0.675 0.4890625 0.0390625 0.0953125
2 0.6625 0.56640625 0.025 0.025
4 0.64609375 0.534375 0.0140625 0.015625
2 0.4421875 0.14140625 0.0484375 0.0734375
2 0.49296875 0.19140625 0.0546875 0.0359375
2 0.246875 0.16484375 0.05625 0.040625
4 0.7828125 0.01328125 0.0171875 0.0171875
2 0.9234375 0.40625 0.0109375 0.0125
4 0.7296875 0.46640625 0.0171875 0.0171875