4 0.31875 0.39765625 0.0859375 0.046875
2 0.63125 0.5375 0.053125 0.053125
1 0.64375 0.440625 0.06875 0.065625
1 0.71328125 0.090625 0.053125 0.05625
1 0.5609375 0.575 0.0546875 0.05
1 0.55625 0.80390625 0.059375 0.0875
0 0.27421875 0.5890625 0.0453125 0.0515625
0 0.4171875 0.4828125 0.046875 0.0359375
0 0.2875 0.4765625 0.0546875 0.04375
0 0.29765625 0.43984375 0.071875 0.05
0 0.6171875 0.39765625 0.0421875 0.040625
0 0.53046875 0.4953125 0.040625 0.0421875
0 0.45859375 0.2953125 0.046875 0.0546875
0 0.45859375 0.1078125 0.071875 0.0421875
0 0.47890625 0.1953125 0.05625 0.03125
4 0.546875 0.24140625 0.05 0.0421875
4 0.6953125 0.3125 0.034375 0.03125