2 0.078125 0.5578125 0.0515625 0.08125
2 0.06640625 0.80546875 0.10625 0.109375
2 0.115625 0.33671875 0.084375 0.0671875
2 0.35234375 0.425 0.0828125 0.1046875
2 0.346875 0.49296875 0.053125 0.0609375
2 0.61640625 0.6515625 0.0265625 0.0359375
2 0.74140625 0.79375 0.0390625 0.0734375
2 0.56796875 0.28671875 0.04375 0.0484375
2 0.60078125 0.26953125 0.0421875 0.0921875
2 0.26796875 0.23203125 0.0984375 0.1515625
2 0.23984375 0.10234375 0.0515625 0.040625
4 0.3609375 0.77421875 0.0234375 0.078125
2 0.61171875 0.415625 0.0390625 0.0671875
2 0.97734375 0.30234375 0.0265625 0.0859375
4 0.56953125 0.00703125 0.0453125 0.0140625