4 0.821875 0.67890625 0.0296875 0.046875
4 0.76640625 0.634375 0.028125 0.034375
4 0.27578125 0.72265625 0.05 0.0359375
4 0.45703125 0.240625 0.009375 0.015625
1 0.5109375 0.14765625 0.0328125 0.0125
1 0.41875 0.4390625 0.0390625 0.040625
1 0.46015625 0.68125 0.0546875 0.053125
0 0.41484375 0.821875 0.0296875 0.0625
0 0.57578125 0.7609375 0.0234375 0.0625
2 0.6 0.8078125 0.0453125 0.1
2 0.3359375 0.80546875 0.053125 0.065625
0 0.29453125 0.73984375 0.0390625 0.046875
0 0.6078125 0.58046875 0.0265625 0.025