0 0.2 0.609375 0.046875 0.0265625
0 0.396875 0.64375 0.034375 0.0234375
0 0.875 0.55 0.0109375 0.015625
0 0.19453125 0.4203125 0.05 0.03125
4 0.2234375 0.8859375 0.05 0.0328125
4 0.35078125 0.82109375 0.0328125 0.03125
4 0.30859375 0.9078125 0.03125 0.015625
0 0.2703125 0.28828125 0.0421875 0.040625
4 0.275 0.26328125 0.0234375 0.0484375
2 0.2125 0.3390625 0.05 0.053125
1 0.27734375 0.46953125 0.05 0.0609375
1 0.57578125 0.4421875 0.046875 0.0421875
1 0.89140625 0.528125 0.0125 0.0359375
4 0.7890625 0.4796875 0.0125 0.009375
2 0.19609375 0.64140625 0.034375 0.034375