2 0.62109375 0.421875 0.11875 0.1484375
2 0.7203125 0.53359375 0.18125 0.1875
2 0.84296875 0.625 0.1296875 0.190625
2 0.63046875 0.29765625 0.0765625 0.0765625
2 0.59765625 0.1390625 0.0796875 0.1
2 0.3484375 0.55859375 0.0671875 0.103125
2 0.9234375 0.26015625 0.153125 0.2109375
2 0.98125 0.140625 0.0375 0.075
4 0.896875 0.109375 0.0671875 0.1328125
4 0.7671875 0.20546875 0.08125 0.0921875
2 0.865625 0.12421875 0.240625 0.1921875
2 0.7296875 0.1859375 0.103125 0.1140625
4 0.7265625 0.0625 0.040625 0.0796875
1 0.78203125 0.35703125 0.096875 0.096875
4 0.8078125 0.440625 0.0796875 0.0609375
1 0.6859375 0.309375 0.028125 0.028125
4 0.88828125 0.4171875 0.13125 0.1234375
2 0.990625 0.36953125 0.01875 0.0328125
2 0.896875 0.5171875 0.021875 0.0234375
2 0.990625 0.51328125 0.01875 0.1171875
2 0.896875 0.671875 0.190625 0.2125
2 0.3640625 0.73359375 0.0703125 0.1
2 0.74609375 0.2484375 0.0828125 0.078125