4 0.71875 0.7421875 0.0578125 0.065625
2 0.5359375 0.88984375 0.1546875 0.1421875
2 0.840625 0.93046875 0.1265625 0.0953125
2 0.25625 0.75546875 0.1046875 0.0859375
2 0.228125 0.8375 0.0828125 0.046875
2 0.33125 0.740625 0.1140625 0.075
2 0.471875 0.74609375 0.090625 0.0671875
2 0.40390625 0.71484375 0.0734375 0.075
4 0.32578125 0.68359375 0.0796875 0.0296875
1 0.709375 0.56328125 0.046875 0.0359375
2 0.67109375 0.61328125 0.053125 0.059375
2 0.73046875 0.6203125 0.0578125 0.0625
2 0.653125 0.734375 0.096875 0.0453125
4 0.94921875 0.79609375 0.071875 0.075
2 0.98515625 0.49609375 0.0296875 0.0296875
2 0.90546875 0.6703125 0.1765625 0.09375
4 0.39375 0.89765625 0.1125 0.075
2 0.378125 0.8390625 0.053125 0.040625
2 0.65859375 0.8015625 0.034375 0.0484375
2 0.61640625 0.94375 0.04375 0.034375
2 0.83671875 0.803125 0.1296875 0.10625
2 0.98046875 0.578125 0.034375 0.0625
2 0.8078125 0.6375 0.128125 0.1171875
2 0.36953125 0.57578125 0.0390625 0.01875
2 0.64609375 0.8765625 0.0625 0.075