2 0.2859375 0.50390625 0.2203125 0.196875
2 0.103125 0.6609375 0.0875 0.0703125
2 0.04375 0.565625 0.0875 0.140625
2 0.37421875 0.715625 0.290625 0.3390625
2 0.30234375 0.90546875 0.165625 0.15625
2 0.53359375 0.5453125 0.128125 0.1203125
2 0.44375 0.55078125 0.1125 0.1265625
2 0.4375 0.4734375 0.0765625 0.09375
2 0.71796875 0.53984375 0.08125 0.065625
2 0.61953125 0.58671875 0.0828125 0.0765625
2 0.75234375 0.65234375 0.1203125 0.125
2 0.7640625 0.79453125 0.1921875 0.1859375
1 0.7828125 0.7828125 0.121875 0.15
2 0.89375 0.52265625 0.0609375 0.0375
2 0.9703125 0.58125 0.059375 0.0953125
4 0.859375 0.75234375 0.153125 0.1390625
2 0.85390625 0.59453125 0.028125 0.03125
2 0.17578125 0.31484375 0.03125 0.0265625
2 0.61875 0.1078125 0.053125 0.0453125
2 0.47734375 0.12265625 0.0234375 0.0203125
2 0.8328125 0.20390625 0.03125 0.025
4 0.8953125 0.55625 0.0765625 0.059375