2 0.35859375 0.81171875 0.16875 0.103125
2 0.4421875 0.978125 0.06875 0.0421875
2 0.39375 0.8953125 0.0390625 0.084375
2 0.24921875 0.67578125 0.1109375 0.084375
2 0.134375 0.66484375 0.0609375 0.0625
2 0.5171875 0.53515625 0.0640625 0.0484375
2 0.46328125 0.43046875 0.075 0.0453125
2 0.19296875 0.34921875 0.04375 0.0265625
2 0.2015625 0.1765625 0.071875 0.0484375
4 0.871875 0.653125 0.046875 0.059375
2 0.88828125 0.08828125 0.109375 0.03125
2 0.578125 0.5515625 0.065625 0.0828125
4 0.4015625 0.3109375 0.05 0.040625