0 0.21484375 0.35703125 0.0203125 0.0421875
3 0.54375 0.33203125 0.0625 0.0546875
3 0.6390625 0.3765625 0.05625 0.0375
3 0.45078125 0.5875 0.0671875 0.0609375
3 0.39921875 0.30625 0.025 0.021875
3 0.26640625 0.48984375 0.03125 0.075
3 0.21875 0.58515625 0.0734375 0.040625
1 0.503125 0.52734375 0.04375 0.0515625
1 0.14921875 0.5296875 0.065625 0.053125
1 0.08203125 0.87890625 0.0609375 0.0875
4 0.38984375 0.453125 0.03125 0.0421875
2 0.3671875 0.2828125 0.04375 0.0453125
2 0.225 0.16875 0.021875 0.015625
2 0.4171875 0.11484375 0.0203125 0.01875
2 0.25625 0.0640625 0.025 0.0265625
2 0.0203125 0.271875 0.021875 0.046875