2 0.13671875 0.4078125 0.0953125 0.0765625
2 0.23828125 0.12421875 0.0953125 0.08125
2 0.4203125 0.4703125 0.0890625 0.109375
2 0.4390625 0.3875 0.0671875 0.059375
2 0.2609375 0.57734375 0.121875 0.1703125
2 0.140625 0.67265625 0.0875 0.059375
2 0.0328125 0.75859375 0.065625 0.0703125
2 0.5421875 0.7765625 0.0578125 0.065625
2 0.55546875 0.83046875 0.05 0.0796875
2 0.65390625 0.69921875 0.040625 0.06875
4 0.75234375 0.6078125 0.040625 0.0484375
2 0.7421875 0.45546875 0.0328125 0.025
2 0.9109375 0.4515625 0.0484375 0.0859375
4 0.56484375 0.1703125 0.0484375 0.0453125