4 0.4921875 0.66796875 0.0875 0.0734375
2 0.37109375 0.7359375 0.0953125 0.1109375
1 0.3015625 0.16953125 0.0609375 0.06875
4 0.1 0.08984375 0.0484375 0.0328125
2 0.74375 0.746875 0.1078125 0.1078125
2 0.8046875 0.809375 0.096875 0.115625
2 0.846875 0.52421875 0.04375 0.0640625
2 0.94609375 0.5203125 0.0296875 0.040625
2 0.5265625 0.77578125 0.0671875 0.071875
2 0.42265625 0.85234375 0.0703125 0.0578125
2 0.365625 0.8515625 0.0609375 0.0453125
4 0.45703125 0.89375 0.084375 0.0796875
2 0.7875 0.45625 0.0765625 0.071875
2 0.9609375 0.43359375 0.046875 0.0515625
4 0.89921875 0.15703125 0.059375 0.0625
4 0.6375 0.01484375 0.1078125 0.025
2 0.5390625 0.60625 0.1078125 0.0921875
2 0.5375 0.85390625 0.0625 0.053125