0 0.2171875 0.421875 0.05 0.028125
0 0.41875 0.396875 0.0359375 0.0265625
0 0.9 0.51875 0.0125 0.015625
0 0.2015625 0.6140625 0.0515625 0.034375
4 0.25546875 0.14140625 0.0515625 0.034375
4 0.38203125 0.21484375 0.034375 0.0328125
4 0.34375 0.12421875 0.0328125 0.0171875
0 0.271875 0.7515625 0.046875 0.0453125
4 0.27421875 0.778125 0.0265625 0.0515625
2 0.21640625 0.696875 0.053125 0.05625
1 0.28828125 0.56796875 0.0546875 0.0640625
1 0.58984375 0.6109375 0.0515625 0.0453125
1 0.915625 0.54140625 0.015625 0.0375
4 0.8078125 0.58515625 0.0125 0.0109375
2 0.21484375 0.3890625 0.0359375 0.0359375