0 0.71640625 0.61875 0.0390625 0.0578125
0 0.58984375 0.6453125 0.046875 0.040625
0 0.559375 0.64375 0.059375 0.053125
0 0.48046875 0.53828125 0.040625 0.0296875
0 0.5171875 0.471875 0.0328125 0.0296875
0 0.31953125 0.79296875 0.0484375 0.0703125
1 0.359375 0.52578125 0.0546875 0.0453125
1 0.1921875 0.51875 0.06875 0.0546875
1 0.5375 0.4390625 0.0859375 0.0703125
1 0.79609375 0.3734375 0.0546875 0.0484375
4 0.61875 0.3890625 0.03125 0.0359375
4 0.60859375 0.5421875 0.0375 0.0421875
4 0.55546875 0.70390625 0.0703125 0.0796875
2 0.48203125 0.4515625 0.0453125 0.053125