2 0.1640625 0.66953125 0.2265625 0.225
2 0.11640625 0.52421875 0.1625 0.15625
2 0.040625 0.39921875 0.08125 0.1953125
2 0.46953125 0.7640625 0.0640625 0.05625
2 0.5359375 0.8078125 0.06875 0.084375
0 0.74140625 0.60078125 0.0171875 0.01875
3 0.6953125 0.5125 0.034375 0.06875
2 0.2359375 0.83125 0.090625 0.1015625
4 0.32734375 0.70703125 0.0296875 0.04375
4 0.48359375 0.6046875 0.059375 0.109375
4 0.5234375 0.68125 0.0484375 0.0640625
4 0.47265625 0.34453125 0.0390625 0.0671875
4 0.50703125 0.16484375 0.0421875 0.0796875
1 0.54453125 0.121875 0.05 0.0625
1 0.40546875 0.11484375 0.075 0.1140625
2 0.3890625 0.90546875 0.0703125 0.0921875
2 0.37265625 0.615625 0.0765625 0.0625
2 0.2640625 0.6953125 0.0484375 0.103125
2 0.2484375 0.7625 0.034375 0.0421875
2 0.45859375 0.43046875 0.0625 0.1109375
2 0.34140625 0.5640625 0.04375 0.0765625
2 0.765625 0.49765625 0.01875 0.0265625
2 0.79296875 0.696875 0.021875 0.0546875
2 0.78828125 0.61328125 0.01875 0.0359375
2 0.7609375 0.584375 0.0234375 0.0421875
2 0.3390625 0.8296875 0.0578125 0.06875
2 0.53984375 0.97578125 0.0375 0.021875
2 0.52421875 0.9875 0.0328125 0.025
2 0.4703125 0.69765625 0.0796875 0.06875
2 0.3171875 0.59921875 0.0484375 0.06875