4 0.33046875 0.38671875 0.0859375 0.0546875
2 0.61796875 0.5609375 0.0546875 0.05625
1 0.640625 0.4671875 0.075 0.0703125
1 0.75 0.13671875 0.05625 0.059375
1 0.54375 0.58828125 0.0578125 0.053125
1 0.51328125 0.81015625 0.0671875 0.0890625
0 0.2640625 0.5671875 0.05 0.053125
0 0.41640625 0.48125 0.05 0.040625
0 0.28984375 0.46015625 0.05625 0.0484375
0 0.30546875 0.42578125 0.0734375 0.0546875
0 0.61953125 0.4234375 0.04375 0.0421875
0 0.525 0.50703125 0.0421875 0.0453125
0 0.478125 0.3046875 0.0515625 0.05625
0 0.5 0.12265625 0.071875 0.0484375
0 0.509375 0.209375 0.05625 0.0375
4 0.5703125 0.26328125 0.0515625 0.0453125
4 0.70625 0.3484375 0.0375 0.034375