0 0.578125 0.49609375 0.0375 0.0515625
0 0.56953125 0.7359375 0.0421875 0.0671875
0 0.4078125 0.7703125 0.059375 0.0546875
0 0.284375 0.7046875 0.046875 0.0640625
0 0.38359375 0.10078125 0.0171875 0.01875
1 0.35078125 0.08125 0.040625 0.028125
1 0.33984375 0.371875 0.0609375 0.04375
4 0.321875 0.18828125 0.0125 0.0140625
1 0.45078125 0.63515625 0.0625 0.0734375
2 0.3453125 0.78046875 0.075 0.08125
4 0.25078125 0.696875 0.059375 0.046875
2 0.60546875 0.7125 0.065625 0.1109375
4 0.734375 0.54375 0.0359375 0.0328125
4 0.828125 0.67734375 0.04375 0.065625
4 0.8125 0.5734375 0.0234375 0.034375