0 0.44921875 0.33046875 0.03125 0.025
3 0.59609375 0.14453125 0.0515625 0.075
1 0.534375 0.3921875 0.0421875 0.0453125
1 0.57890625 0.3484375 0.034375 0.0453125
1 0.68359375 0.396875 0.0671875 0.05
3 0.53046875 0.5046875 0.0453125 0.0265625
3 0.46875 0.40859375 0.0171875 0.0203125
3 0.7109375 0.52421875 0.03125 0.03125
3 0.5765625 0.63046875 0.025 0.0328125
3 0.48671875 0.5296875 0.0296875 0.04375
2 0.6234375 0.51875 0.0609375 0.053125
4 0.49453125 0.44765625 0.028125 0.03125
4 0.4203125 0.3203125 0.0171875 0.040625
2 0.3734375 0.56796875 0.021875 0.03125
4 0.38828125 0.40546875 0.0234375 0.01875
4 0.37109375 0.39765625 0.0140625 0.0203125
4 0.36328125 0.41640625 0.0140625 0.0125
0 0.5171875 0.85234375 0.0203125 0.0171875