2 0.95078125 0.5921875 0.034375 0.04375
0 0.9234375 0.6046875 0.0265625 0.0390625
0 0.7703125 0.7484375 0.028125 0.0484375
0 0.60234375 0.55078125 0.028125 0.0375
4 0.80859375 0.50390625 0.040625 0.0609375
0 0.590625 0.4640625 0.0296875 0.0421875
4 0.54921875 0.55625 0.0546875 0.040625
4 0.5515625 0.5265625 0.0328125 0.0421875
4 0.52734375 0.65546875 0.0328125 0.0453125
0 0.5265625 0.62265625 0.0390625 0.0328125
2 0.43359375 0.66484375 0.065625 0.078125
4 0.44609375 0.49375 0.025 0.034375
1 0.31953125 0.25234375 0.0609375 0.03125
4 0.25 0.80390625 0.025 0.0515625
1 0.26796875 0.43984375 0.0453125 0.0359375
1 0.18828125 0.33828125 0.0171875 0.0328125
4 0.290625 0.06640625 0.0140625 0.015625