0 0.1828125 0.49609375 0.04375 0.028125
0 0.48671875 0.528125 0.065625 0.0484375
0 0.54140625 0.6734375 0.08125 0.0515625
0 0.4265625 0.76171875 0.05625 0.0375
1 0.37109375 0.57421875 0.0671875 0.0625
4 0.434375 0.81328125 0.0453125 0.053125
4 0.9625 0.6796875 0.075 0.08125
4 0.2171875 0.36484375 0.05 0.040625
4 0.2515625 0.30078125 0.0328125 0.028125
4 0.42265625 0.30234375 0.0734375 0.040625
2 0.37109375 0.48203125 0.0640625 0.0390625
2 0.490625 0.74453125 0.065625 0.0765625
0 0.709375 0.4609375 0.0703125 0.05625