2 0.61796875 0.76015625 0.1140625 0.19375
2 0.77109375 0.8515625 0.0625 0.06875
2 0.67890625 0.884375 0.096875 0.1109375
2 0.6953125 0.96015625 0.0515625 0.0578125
2 0.68203125 0.59375 0.0515625 0.059375
2 0.59921875 0.3828125 0.096875 0.0765625
2 0.50546875 0.20234375 0.0703125 0.1
2 0.67109375 0.43125 0.03125 0.040625
4 0.77578125 0.46640625 0.028125 0.021875
2 0.496875 0.61328125 0.0421875 0.0375
2 0.56328125 0.66015625 0.0421875 0.0640625
2 0.4109375 0.321875 0.0515625 0.0859375
2 0.5296875 0.02109375 0.0453125 0.040625
2 0.859375 0.37578125 0.0640625 0.0625
2 0.87734375 0.5109375 0.0296875 0.0375
2 0.78203125 0.34609375 0.01875 0.0484375
2 0.65234375 0.465625 0.0375 0.0359375
4 0.5875 0.54453125 0.0546875 0.0609375
2 0.7265625 0.353125 0.0515625 0.075
2 0.4140625 0.58515625 0.0640625 0.0625