0 0.30234375 0.6625 0.05625 0.03125
0 0.321875 0.53828125 0.0359375 0.04375
0 0.334375 0.51015625 0.0453125 0.0515625
0 0.45703125 0.475 0.0265625 0.0375
0 0.50625 0.53125 0.0265625 0.03125
0 0.28125 0.2375 0.065625 0.040625
1 0.5125 0.36875 0.0390625 0.05
1 0.57734375 0.21875 0.046875 0.0640625
1 0.52890625 0.56171875 0.0625 0.08125
1 0.49765625 0.821875 0.0421875 0.05
4 0.54609375 0.65390625 0.034375 0.028125
4 0.409375 0.59140625 0.0375 0.0328125
4 0.2796875 0.4859375 0.075 0.0609375
2 0.53671875 0.50703125 0.0484375 0.0390625