2 0.6375 0.52578125 0.1046875 0.134375
2 0.33203125 0.67265625 0.0515625 0.0640625
2 0.2328125 0.575 0.028125 0.059375
2 0.4234375 0.565625 0.040625 0.075
2 0.3 0.98828125 0.0265625 0.0171875
2 0.3421875 0.9609375 0.0125 0.01875
2 0.190625 0.90546875 0.0234375 0.0375
2 0.24609375 0.9578125 0.0203125 0.05
2 0.209375 0.9875 0.021875 0.015625
4 0.97734375 0.23359375 0.0265625 0.059375
2 0.51796875 0.06015625 0.0171875 0.028125
2 0.44453125 0.46953125 0.0125 0.04375
2 0.5109375 0.34140625 0.01875 0.025
2 0.43359375 0.44609375 0.0140625 0.0109375
2 0.50234375 0.696875 0.0125 0.015625
2 0.5625 0.496875 0.015625 0.028125