1 0.0203125 0.5171875 0.0359375 0.0390625
4 0.41796875 0.36796875 0.0796875 0.065625
4 0.70078125 0.40703125 0.1109375 0.071875
4 0.6984375 0.140625 0.0921875 0.046875
4 0.11484375 0.2046875 0.034375 0.0328125
4 0.2421875 0.28125 0.065625 0.0296875
4 0.32265625 0.36875 0.0484375 0.040625
4 0.1515625 0.24609375 0.0390625 0.0359375
4 0.07890625 0.21796875 0.0421875 0.0203125
0 0.00546875 0.2265625 0.0109375 0.028125
0 0.15390625 0.4984375 0.040625 0.025
0 0.146875 0.5328125 0.04375 0.03125
0 0.3609375 0.53203125 0.05625 0.0359375
0 0.3921875 0.55234375 0.0640625 0.03125
0 0.4625 0.76484375 0.0625 0.0375
2 0.3234375 0.73046875 0.0421875 0.0546875
4 0.34921875 0.7109375 0.040625 0.0484375
2 0.24921875 0.55 0.065625 0.0375