2 0.83515625 0.60703125 0.0609375 0.0890625
2 0.87109375 0.20625 0.0625 0.078125
4 0.87734375 0.40703125 0.0421875 0.06875
2 0.96875 0.8671875 0.0390625 0.05625
2 0.6890625 0.5234375 0.084375 0.2
2 0.95703125 0.4328125 0.0859375 0.24375
2 0.7625 0.15 0.0953125 0.25625
2 0.84296875 0.23828125 0.028125 0.03125
2 0.81953125 0.1984375 0.0234375 0.03125
2 0.71640625 0.22890625 0.040625 0.1078125
2 0.82109375 0.3796875 0.03125 0.0765625
2 0.83046875 0.67109375 0.059375 0.034375
2 0.93984375 0.20703125 0.053125 0.0671875