2 0.14453125 0.73828125 0.059375 0.0671875
2 0.12734375 0.6375 0.0453125 0.040625
2 0.1140625 0.3671875 0.165625 0.1171875
2 0.19921875 0.33984375 0.0515625 0.0546875
2 0.19765625 0.4328125 0.0859375 0.11875
2 0.02890625 0.64140625 0.0375 0.0453125
2 0.03984375 0.3234375 0.040625 0.084375
2 0.409375 0.0890625 0.0828125 0.0890625
2 0.27734375 0.20625 0.171875 0.2109375
2 0.09921875 0.18828125 0.0484375 0.06875
2 0.10703125 0.096875 0.04375 0.059375
2 0.0921875 0.12890625 0.028125 0.0375
2 0.065625 0.240625 0.0328125 0.0359375
2 0.06875 0.2046875 0.01875 0.021875
2 0.109375 0.08984375 0.0234375 0.0234375
2 0.16640625 0.17734375 0.028125 0.04375