2 0.90390625 0.50234375 0.09375 0.0765625
2 0.89140625 0.78828125 0.0953125 0.08125
2 0.6296875 0.525 0.090625 0.1046875
2 0.6359375 0.6046875 0.065625 0.059375
2 0.74453125 0.3828125 0.121875 0.1640625
2 0.82734375 0.2640625 0.084375 0.059375
2 0.909375 0.1515625 0.0828125 0.0703125
2 0.43359375 0.28046875 0.0578125 0.0640625
2 0.40703125 0.23515625 0.05 0.0765625
2 0.3765625 0.03125 0.0515625 0.0421875
2 0.35390625 0.38125 0.0421875 0.0671875
4 0.290625 0.49140625 0.040625 0.0453125
2 0.34140625 0.62734375 0.03125 0.025
2 0.18984375 0.67734375 0.05 0.0828125
4 0.58203125 0.83671875 0.0484375 0.04375
2 0.93984375 0.9140625 0.1203125 0.053125