4 0.5765625 0.70390625 0.0375 0.08125
2 0.47578125 0.3765625 0.0484375 0.046875
1 0.5734375 0.3765625 0.0578125 0.0625
1 0.928125 0.35 0.0515625 0.046875
1 0.4296875 0.4421875 0.04375 0.05
1 0.2015625 0.41875 0.08125 0.05
0 0.38125 0.725 0.046875 0.040625
0 0.50390625 0.59609375 0.03125 0.04375
0 0.49453125 0.72578125 0.0375 0.05
0 0.53203125 0.71953125 0.0421875 0.0671875
0 0.61171875 0.4078125 0.0359375 0.0375
0 0.50546875 0.48203125 0.0375 0.0359375
0 0.6953125 0.578125 0.05 0.040625
0 0.88046875 0.60078125 0.034375 0.06875
0 0.796875 0.56953125 0.025 0.053125
4 0.75859375 0.496875 0.0375 0.0453125
4 0.70703125 0.340625 0.028125 0.03125