4 0.08828125 0.4234375 0.0421875 0.0453125
4 0.303125 0.47109375 0.0484375 0.0546875
4 0.39453125 0.45390625 0.0546875 0.03125
4 0.42578125 0.4328125 0.040625 0.0296875
2 0.46484375 0.38515625 0.0375 0.0453125
1 0.6046875 0.42265625 0.0484375 0.040625
4 0.59765625 0.39296875 0.0265625 0.021875
1 0.57109375 0.3078125 0.0484375 0.0640625
0 0.66015625 0.4296875 0.015625 0.021875
0 0.52265625 0.56640625 0.0296875 0.028125
0 0.53671875 0.665625 0.028125 0.0265625
0 0.63359375 0.67578125 0.0234375 0.0234375
0 0.55078125 0.7390625 0.0234375 0.0296875
0 0.5609375 0.75625 0.0296875 0.0203125
0 0.6109375 0.91015625 0.0265625 0.0265625
0 0.56953125 0.90390625 0.0234375 0.0296875
0 0.6453125 0.7078125 0.015625 0.025
4 0.59921875 0.903125 0.0140625 0.01875
1 0.628125 0.8375 0.0265625 0.0328125
4 0.49375 0.8515625 0.0265625 0.015625
4 0.6 0.74609375 0.05 0.028125
2 0.59140625 0.771875 0.04375 0.0421875
0 0.5734375 0.74375 0.0171875 0.01875
0 0.72734375 0.5375 0.0125 0.0125
4 0.66640625 0.534375 0.021875 0.0203125
4 0.61796875 0.53984375 0.0234375 0.0203125
4 0.596875 0.59296875 0.0203125 0.0234375
4 0.590625 0.59921875 0.021875 0.025
4 0.5359375 0.57890625 0.0140625 0.0375
4 0.546875 0.52578125 0.0234375 0.034375
4 0.4984375 0.4671875 0.0203125 0.0171875