4 0.45234375 0.5203125 0.08125 0.134375
2 0.3890625 0.76328125 0.071875 0.0796875
2 0.11171875 0.41015625 0.2234375 0.2421875
2 0.1328125 0.25 0.190625 0.1984375
2 0.1078125 0.59375 0.0875 0.10625
4 0.44375 0.59921875 0.0515625 0.0640625
4 0.6671875 0.13046875 0.046875 0.0796875
4 0.24921875 0.515625 0.034375 0.0453125
4 0.35078125 0.87265625 0.0640625 0.0828125
0 0.69140625 0.64375 0.0203125 0.025
3 0.6625 0.5234375 0.0453125 0.0734375
3 0.578125 0.0265625 0.0609375 0.0515625
1 0.72109375 0.10546875 0.053125 0.0703125
2 0.7171875 0.53984375 0.0375 0.0515625
2 0.765625 0.5609375 0.025 0.0328125
2 0.68828125 0.7640625 0.021875 0.0515625
2 0.6453125 0.80234375 0.0421875 0.0625
2 0.3484375 0.6546875 0.065625 0.0640625
2 0.47734375 0.66796875 0.0484375 0.0609375
2 0.37421875 0.59375 0.084375 0.071875
2 0.396875 0.56953125 0.0484375 0.059375
2 0.3796875 0.64453125 0.065625 0.0703125
2 0.20234375 0.6421875 0.046875 0.0578125
2 0.29140625 0.415625 0.075 0.0765625
2 0.19140625 0.46484375 0.0421875 0.1
2 0.32890625 0.4515625 0.0640625 0.065625
2 0.3234375 0.93515625 0.0484375 0.025
2 0.34609375 0.409375 0.0328125 0.0453125
2 0.321875 0.771875 0.0546875 0.05
2 0.0390625 0.76484375 0.078125 0.1984375
2 0.7140625 0.784375 0.0125 0.0171875
4 0.73046875 0.75234375 0.0140625 0.0140625
2 0.22578125 0.7453125 0.075 0.075
4 0.315625 0.2578125 0.1234375 0.1
2 0.153125 0.5390625 0.046875 0.0421875