4 0.08828125 0.50234375 0.034375 0.040625
4 0.18828125 0.3671875 0.021875 0.03125
4 0.33984375 0.803125 0.0796875 0.0640625
4 0.33671875 0.715625 0.0453125 0.05625
2 0.49921875 0.41953125 0.0375 0.0375
4 0.51171875 0.50625 0.0578125 0.0546875
4 0.45546875 0.47578125 0.025 0.04375
4 0.57734375 0.63046875 0.0234375 0.053125
2 0.4234375 0.4859375 0.0421875 0.0515625
1 0.40859375 0.45625 0.0453125 0.0453125
1 0.36796875 0.396875 0.0546875 0.065625
1 0.72421875 0.43359375 0.0734375 0.0515625
0 0.459375 0.68984375 0.040625 0.0625
0 0.25390625 0.44140625 0.015625 0.0375
0 0.1046875 0.6234375 0.05 0.0453125
0 0.02890625 0.56953125 0.034375 0.0375
0 0.26796875 0.61171875 0.0265625 0.053125
0 0.38359375 0.51875 0.0375 0.0328125
0 0.37421875 0.74296875 0.034375 0.05625