4 0.48828125 0.3796875 0.0265625 0.021875
4 0.48984375 0.4796875 0.0328125 0.0296875
4 0.54375 0.5546875 0.0359375 0.03125
4 0.46484375 0.65078125 0.0375 0.025
4 0.51640625 0.7234375 0.0515625 0.0390625
4 0.50390625 0.76875 0.0765625 0.046875
4 0.565625 0.703125 0.0703125 0.046875
4 0.53828125 0.6875 0.0390625 0.0515625
4 0.43203125 0.67265625 0.0296875 0.0296875
4 0.94296875 0.32890625 0.01875 0.0234375
0 0.9078125 0.35078125 0.0265625 0.0234375
0 0.91015625 0.32109375 0.0203125 0.0265625
1 0.8359375 0.3234375 0.040625 0.0234375
4 0.81875 0.4296875 0.0203125 0.028125
0 0.77734375 0.43984375 0.028125 0.0296875
0 0.74609375 0.43125 0.0296875 0.0265625
4 0.7140625 0.43125 0.0421875 0.0359375
0 0.68984375 0.453125 0.0234375 0.0375
0 0.6875 0.54296875 0.0265625 0.0359375
2 0.75390625 0.4171875 0.0296875 0.034375
0 0.57578125 0.45 0.0328125 0.025
0 0.57578125 0.4328125 0.0296875 0.0265625
0 0.49453125 0.309375 0.01875 0.01875
2 0.38359375 0.63046875 0.0484375 0.034375
1 0.37109375 0.525 0.0484375 0.0453125
1 0.25703125 0.5578125 0.065625 0.0484375
4 0.334375 0.54375 0.0234375 0.021875
0 0.3390625 0.4140625 0.021875 0.0203125
4 0.54375 0.98125 0.053125 0.0375