2 0.615625 0.68046875 0.3375 0.2890625
2 0.41875 0.93125 0.08125 0.0921875
2 0.29296875 0.96875 0.0703125 0.0625
2 0.33671875 0.72734375 0.1578125 0.215625
2 0.4875 0.496875 0.1046875 0.128125
2 0.4734375 0.58203125 0.1296875 0.0921875
2 0.3875 0.58828125 0.0671875 0.0765625
2 0.834375 0.8109375 0.33125 0.278125
2 0.6109375 0.76015625 0.046875 0.0359375
2 0.55546875 0.42109375 0.0796875 0.1015625
2 0.565625 0.2921875 0.0796875 0.06875
2 0.67421875 0.29296875 0.1 0.040625
2 0.6875 0.3359375 0.0859375 0.05625
2 0.840625 0.32421875 0.2171875 0.1484375
2 0.6421875 0.11484375 0.06875 0.0640625
2 0.675 0.19140625 0.0375 0.028125
2 0.7640625 0.02734375 0.1 0.0546875
2 0.7015625 0.03828125 0.0328125 0.0328125
4 0.8078125 0.203125 0.178125 0.13125
1 0.82578125 0.2984375 0.15625 0.0890625
2 0.09609375 0.328125 0.05 0.0578125
4 0.06640625 0.47578125 0.0203125 0.0203125
2 0.1265625 0.81015625 0.025 0.028125