0 0.2921875 0.6984375 0.0578125 0.0546875
0 0.20546875 0.61015625 0.040625 0.05
0 0.4546875 0.74140625 0.0359375 0.059375
0 0.56015625 0.50390625 0.034375 0.040625
0 0.53359375 0.06875 0.0171875 0.0125
4 0.715625 0.79140625 0.0359375 0.0515625
4 0.74375 0.68046875 0.0203125 0.034375
4 0.684375 0.609375 0.034375 0.034375
2 0.49609375 0.73671875 0.053125 0.090625
1 0.3765625 0.6296875 0.0484375 0.0421875
2 0.234375 0.68046875 0.0671875 0.078125
4 0.17578125 0.59609375 0.0578125 0.0453125
1 0.38359375 0.30078125 0.0625 0.0515625
4 0.44296875 0.11796875 0.0140625 0.0109375
1 0.51015625 0.04140625 0.0375 0.0171875
4 0.99609375 0.08203125 0.0078125 0.0046875