4 0.51640625 0.6671875 0.0921875 0.08125
2 0.40390625 0.74609375 0.103125 0.11875
1 0.278125 0.19921875 0.065625 0.071875
4 0.0734375 0.1421875 0.05 0.034375
2 0.7703125 0.71796875 0.1140625 0.115625
2 0.83671875 0.7734375 0.103125 0.121875
2 0.8484375 0.48984375 0.0484375 0.065625
2 0.9453125 0.475 0.034375 0.0421875
2 0.56015625 0.76875 0.071875 0.078125
2 0.46796875 0.8546875 0.0734375 0.0625
2 0.41171875 0.859375 0.065625 0.05
4 0.5046875 0.89140625 0.0921875 0.0859375
2 0.7828125 0.42890625 0.08125 0.0796875
2 0.95078125 0.38984375 0.0515625 0.0546875
4 0.86171875 0.12578125 0.065625 0.0671875
4 0.590625 0.01484375 0.10625 0.0296875
2 0.55546875 0.6015625 0.1125 0.1015625
2 0.57890625 0.8453125 0.0671875 0.059375