2 0.57109375 0.709375 0.0859375 0.171875
2 0.43984375 0.6703125 0.09375 0.1421875
2 0.4953125 0.72734375 0.0625 0.103125
2 0.51171875 0.76640625 0.0625 0.1046875
2 0.32421875 0.496875 0.0921875 0.0875
2 0.10859375 0.58515625 0.109375 0.096875
2 0.05390625 0.32890625 0.0828125 0.0765625
2 0.55703125 0.44609375 0.025 0.0296875
1 0.5375 0.42109375 0.015625 0.025
2 0.50703125 0.50859375 0.03125 0.0390625
2 0.46640625 0.4703125 0.0625 0.059375
2 0.69140625 0.52890625 0.0453125 0.1
2 0.6734375 0.60625 0.0265625 0.0265625
4 0.66015625 0.57421875 0.015625 0.0171875
2 0.47265625 0.16328125 0.0515625 0.078125
2 0.52109375 0.21640625 0.059375 0.0390625
2 0.27421875 0.17734375 0.0609375 0.0453125
4 0.825 0.05 0.0203125 0.021875
2 0.94765625 0.45859375 0.0125 0.0125
4 0.74765625 0.50859375 0.01875 0.0203125