2 0.378125 0.89296875 0.2140625 0.2140625
2 0.5390625 0.91875 0.1453125 0.1546875
2 0.68828125 0.9734375 0.1953125 0.053125
2 0.228125 0.58671875 0.0515625 0.0609375
2 0.17109375 0.52265625 0.08125 0.0625
0 0.3546875 0.271875 0.015625 0.015625
3 0.45625 0.30625 0.06875 0.0265625
2 0.19609375 0.84375 0.1 0.0828125
4 0.3125 0.7265625 0.04375 0.025
4 0.39375 0.54453125 0.1109375 0.046875
4 0.30625 0.515625 0.0625 0.0421875
4 0.6703125 0.5125 0.0671875 0.0296875
4 0.853125 0.44609375 0.08125 0.03125
1 0.8921875 0.4 0.0609375 0.04375
1 0.92265625 0.5453125 0.1140625 0.0640625
2 0.09296875 0.69375 0.0890625 0.0625
2 0.4015625 0.66328125 0.05625 0.0765625
2 0.33515625 0.790625 0.1078125 0.034375
2 0.2671875 0.81953125 0.0421875 0.0296875
2 0.58125 0.5421875 0.1140625 0.05
2 0.4609375 0.68828125 0.078125 0.0359375
2 0.459375 0.2296875 0.025 0.0171875
2 0.2453125 0.23359375 0.05625 0.015625
2 0.33359375 0.225 0.034375 0.0140625
2 0.36875 0.24921875 0.04375 0.01875
2 0.18046875 0.734375 0.0671875 0.0515625
2 0.2984375 0.57421875 0.0640625 0.0765625
2 0.42734375 0.71875 0.0671875 0.0421875