0 0.6734375 0.4484375 0.0671875 0.025
0 0.70234375 0.33203125 0.05 0.0421875
0 0.69609375 0.375 0.034375 0.0375
0 0.59609375 0.2328125 0.053125 0.0265625
0 0.59921875 0.09609375 0.0484375 0.046875
0 0.55078125 0.02578125 0.034375 0.040625
0 0.440625 0.24609375 0.0390625 0.01875
0 0.5046875 0.3796875 0.034375 0.025
0 0.62421875 0.42578125 0.0609375 0.034375
4 0.37734375 0.1796875 0.03125 0.01875
4 0.4875 0.078125 0.034375 0.03125
4 0.75703125 0.3453125 0.059375 0.0734375
4 0.590625 0.36796875 0.065625 0.025
4 0.54296875 0.365625 0.034375 0.046875
4 0.7 0.4859375 0.06875 0.05625
4 0.80078125 0.49296875 0.04375 0.04375
4 0.58046875 0.58125 0.034375 0.0328125
4 0.4734375 0.47734375 0.046875 0.0453125
4 0.46171875 0.45859375 0.034375 0.0265625
1 0.38203125 0.37578125 0.046875 0.0421875
1 0.44765625 0.38671875 0.046875 0.0359375
1 0.4046875 0.7375 0.046875 0.06875
2 0.415625 0.51640625 0.05 0.0375
2 0.45546875 0.425 0.059375 0.046875