0 0.63359375 0.39765625 0.028125 0.028125
0 0.93671875 0.61015625 0.0578125 0.0328125
0 0.85546875 0.4515625 0.0578125 0.0296875
0 0.8453125 0.74453125 0.0515625 0.0359375
4 0.81796875 0.759375 0.0390625 0.0546875
4 0.73359375 0.1765625 0.0453125 0.0265625
4 0.6390625 0.2265625 0.0265625 0.0171875
4 0.66171875 0.1984375 0.0265625 0.01875
4 0.26171875 0.40546875 0.0546875 0.0375
4 0.29375 0.5625 0.0140625 0.0125
1 0.209375 0.51171875 0.0140625 0.034375
0 0.234375 0.49453125 0.009375 0.015625
1 0.4875 0.59453125 0.0515625 0.0453125
1 0.78125 0.56640625 0.05625 0.0515625
2 0.903125 0.42578125 0.0765625 0.046875
2 0.921875 0.70625 0.0625 0.0546875