2 0.728125 0.64453125 0.0625 0.0984375
2 0.58828125 0.525 0.05625 0.06875
2 0.59765625 0.665625 0.103125 0.128125
2 0.60078125 0.625 0.10625 0.1078125
2 0.56796875 0.56328125 0.0453125 0.040625
2 0.37734375 0.5078125 0.05625 0.075
2 0.390625 0.5859375 0.065625 0.0671875
2 0.1796875 0.79296875 0.0671875 0.0546875
2 0.0234375 0.5875 0.046875 0.140625
1 0.22890625 0.26640625 0.0890625 0.0828125
2 0.2625 0.17109375 0.065625 0.09375
2 0.1640625 0.26875 0.115625 0.2125
2 0.11953125 0.159375 0.0421875 0.0546875
2 0.0890625 0.1828125 0.0375 0.065625
2 0.0375 0.2015625 0.075 0.125
2 0.01875 0.35078125 0.0375 0.0765625
2 0.05703125 0.39453125 0.084375 0.11875
2 0.0734375 0.3515625 0.040625 0.040625
2 0.12734375 0.315625 0.0765625 0.103125
2 0.26796875 0.38125 0.0578125 0.09375
2 0.5796875 0.95234375 0.0640625 0.0609375
2 0.83046875 0.921875 0.034375 0.0421875
2 0.1109375 0.978125 0.075 0.04375
4 0.31015625 0.9171875 0.0921875 0.0640625
2 0.35078125 0.7359375 0.090625 0.09375
2 0.58359375 0.91484375 0.0765625 0.046875
4 0.53515625 0.87109375 0.01875 0.0234375