4 0.68203125 0.88203125 0.0484375 0.0453125
4 0.62265625 0.6671875 0.0578125 0.0515625
4 0.63515625 0.57265625 0.0328125 0.05625
4 0.6546875 0.53984375 0.0328125 0.04375
2 0.70078125 0.4984375 0.046875 0.0421875
1 0.65546875 0.3578125 0.0421875 0.0515625
4 0.6859375 0.36328125 0.025 0.0265625
1 0.77421875 0.38671875 0.0671875 0.053125
0 0.64609375 0.30234375 0.025 0.0171875
0 0.5140625 0.44921875 0.03125 0.03125
0 0.4125 0.43984375 0.028125 0.03125
0 0.396875 0.34140625 0.025 0.0234375
0 0.33671875 0.42890625 0.0296875 0.025
0 0.31953125 0.4203125 0.021875 0.0296875
0 0.16015625 0.378125 0.028125 0.028125
0 0.16796875 0.41953125 0.0296875 0.025
0 0.3640625 0.33203125 0.0265625 0.0171875
4 0.16796875 0.3890625 0.0203125 0.0140625
1 0.2328125 0.35625 0.034375 0.0296875
4 0.22578125 0.49375 0.0171875 0.028125
4 0.328125 0.38046875 0.03125 0.053125
1 0.0125 0.1 0.01875 0.0109375
2 0.3015625 0.390625 0.0453125 0.0484375
0 0.33046875 0.40703125 0.01875 0.0171875
0 0.53203125 0.23984375 0.0140625 0.0140625
4 0.5390625 0.30078125 0.0203125 0.021875
4 0.53515625 0.35078125 0.021875 0.0234375
4 0.48359375 0.375 0.0234375 0.0203125
4 0.4765625 0.38125 0.025 0.021875
4 0.5 0.43671875 0.0390625 0.0171875
4 0.55390625 0.421875 0.0359375 0.025
4 0.61640625 0.46796875 0.0171875 0.0203125