4 0.4953125 0.7015625 0.0953125 0.08125
2 0.371875 0.77890625 0.1046875 0.121875
1 0.26953125 0.190625 0.0671875 0.075
4 0.05390625 0.11875 0.053125 0.0359375
2 0.76328125 0.7703125 0.1171875 0.1203125
2 0.83125 0.83203125 0.10625 0.1265625
2 0.859375 0.53125 0.046875 0.06875
2 0.9625 0.521875 0.0328125 0.04375
2 0.53671875 0.81171875 0.075 0.078125
2 0.43359375 0.8984375 0.0765625 0.065625
2 0.3734375 0.9 0.0671875 0.0515625
4 0.471875 0.9390625 0.09375 0.0859375
2 0.79296875 0.46328125 0.084375 0.0796875
2 0.97265625 0.43125 0.05 0.05625
4 0.89375 0.14453125 0.065625 0.06875
4 0.61171875 0.0125 0.1140625 0.025
2 0.54140625 0.63359375 0.115625 0.103125
2 0.553125 0.89453125 0.0671875 0.059375