0 0.5671875 0.43125 0.034375 0.028125
0 0.67421875 0.4046875 0.0453125 0.040625
0 0.71875 0.3765625 0.0578125 0.0421875
0 0.69609375 0.315625 0.0453125 0.046875
0 0.76875 0.3546875 0.0625 0.0328125
0 0.5234375 0.20390625 0.0375 0.028125
0 0.4546875 0.15234375 0.0421875 0.0359375
0 0.41953125 0.3078125 0.0390625 0.0296875
0 0.590625 0.5296875 0.040625 0.0234375
2 0.5796875 0.63125 0.06875 0.0609375
4 0.8171875 0.6140625 0.0578125 0.040625
4 0.909375 0.47421875 0.0890625 0.0578125
4 0.83984375 0.321875 0.084375 0.065625
4 0.77421875 0.38671875 0.040625 0.0515625
4 0.6109375 0.440625 0.0421875 0.05625
4 0.64296875 0.4265625 0.046875 0.0390625
4 0.39609375 0.1421875 0.040625 0.0375
4 0.36328125 0.2734375 0.0296875 0.0328125
1 0.52734375 0.4140625 0.0390625 0.046875
1 0.459375 0.48828125 0.06875 0.071875
1 0.2703125 0.09296875 0.04375 0.0453125
0 0.42109375 0.0484375 0.0296875 0.0390625
0 0.4078125 0.01640625 0.0390625 0.0234375
1 0.65625 0.82265625 0.0765625 0.0796875
4 0.56953125 0.50703125 0.0578125 0.05
2 0.5578125 0.46953125 0.046875 0.0453125