4 0.0796875 0.58671875 0.0171875 0.0234375
4 0.3453125 0.79609375 0.034375 0.0234375
4 0.528125 0.73515625 0.04375 0.0375
4 0.7140625 0.64140625 0.08125 0.0546875
4 0.8 0.5703125 0.1046875 0.059375
4 0.88046875 0.45 0.059375 0.0640625
4 0.68203125 0.24765625 0.05625 0.0875
4 0.5546875 0.3 0.0640625 0.0546875
4 0.25078125 0.2359375 0.021875 0.021875
0 0.28828125 0.26875 0.0265625 0.0375
0 0.3484375 0.26953125 0.0453125 0.0375
0 0.3859375 0.27109375 0.0421875 0.0390625
0 0.33203125 0.37890625 0.0234375 0.025
0 0.2234375 0.17890625 0.028125 0.0234375
0 0.2140625 0.21015625 0.0203125 0.021875
0 0.1671875 0.16015625 0.034375 0.0234375
0 0.1703125 0.1375 0.03125 0.0234375
4 0.07578125 0.1875 0.01875 0.025
1 0.16015625 0.20078125 0.034375 0.0421875
4 0.28203125 0.1671875 0.053125 0.0359375
0 0.14140625 0.7171875 0.0171875 0.0171875
4 0.18203125 0.70703125 0.0171875 0.0140625
1 0.234375 0.815625 0.0578125 0.0578125
1 0.340625 0.74453125 0.0625 0.0671875
0 0.32265625 0.6046875 0.03125 0.040625
0 0.365625 0.6046875 0.0265625 0.0390625
4 0.50546875 0.62890625 0.046875 0.0484375
4 0.64453125 0.58671875 0.053125 0.0484375
4 0.66484375 0.57578125 0.05 0.046875
2 0.5234375 0.68828125 0.059375 0.071875
4 0.4890625 0.309375 0.053125 0.0359375
2 0.309375 0.375 0.046875 0.046875