4 0.4375 0.81796875 0.0875 0.090625
4 0.47890625 0.725 0.0453125 0.1
4 0.69140625 0.525 0.04375 0.0546875
4 0.66015625 0.33203125 0.0296875 0.0359375
4 0.24375 0.59765625 0.0453125 0.0546875
0 0.42421875 0.58359375 0.0328125 0.0625
0 0.2921875 0.696875 0.0546875 0.046875
0 0.39921875 0.7390625 0.04375 0.053125
0 0.43515625 0.7296875 0.05 0.0796875
0 0.63125 0.60390625 0.0515625 0.0453125
0 0.73125 0.60078125 0.034375 0.053125
0 0.80859375 0.64921875 0.0453125 0.0671875
0 0.559375 0.3875 0.034375 0.046875
0 0.4375 0.465625 0.0421875 0.0453125
1 0.1453125 0.35546875 0.09375 0.06875
1 0.521875 0.3484375 0.0671875 0.075
1 0.38125 0.4234375 0.0484375 0.046875
1 0.87578125 0.37578125 0.0515625 0.0484375
2 0.41953125 0.3515625 0.059375 0.0546875