4 0.2328125 0.353125 0.0609375 0.046875
4 0.17734375 0.940625 0.046875 0.0515625
4 0.87109375 0.97265625 0.0578125 0.0546875
4 0.75546875 0.36015625 0.028125 0.028125
2 0.54609375 0.4203125 0.0390625 0.09375
0 0.60078125 0.25703125 0.0265625 0.046875
0 0.46796875 0.50078125 0.0375 0.0703125
0 0.32890625 0.5015625 0.0359375 0.071875
0 0.28359375 0.3640625 0.0296875 0.0484375
2 0.2796875 0.43203125 0.071875 0.06875
1 0.36875 0.01875 0.05 0.0375
1 0.47265625 0.36875 0.0484375 0.0515625
4 0.70390625 0.52578125 0.028125 0.0578125
4 0.71953125 0.32109375 0.034375 0.0265625
0 0.459375 0.728125 0.0359375 0.0484375