4 0.5796875 0.48671875 0.040625 0.046875
4 0.60859375 0.43203125 0.028125 0.0328125
4 0.80390625 0.38203125 0.0234375 0.0375
4 0.728125 0.60625 0.0296875 0.0375
4 0.7125 0.44453125 0.0265625 0.03125
4 0.35390625 0.39375 0.015625 0.0171875
1 0.11171875 0.8875 0.0125 0.0140625
1 0.20546875 0.90078125 0.0203125 0.0234375
0 0.22890625 0.64140625 0.0109375 0.0109375
4 0.59375 0.06015625 0.01875 0.0203125
0 0.5484375 0.46875 0.0265625 0.025
2 0.528125 0.37421875 0.025 0.0296875
0 0.75625 0.3484375 0.0375 0.03125