0 0.7234375 0.95625 0.025 0.0390625
0 0.68828125 0.79375 0.034375 0.04375
0 0.80390625 0.86875 0.034375 0.0421875
0 0.26484375 0.40390625 0.0125 0.015625
0 0.2765625 0.3734375 0.0109375 0.0125
0 0.403125 0.2984375 0.0078125 0.009375
0 0.38046875 0.56796875 0.015625 0.0203125
4 0.3265625 0.72578125 0.0234375 0.0265625
2 0.634375 0.965625 0.053125 0.0640625
4 0.77890625 0.90078125 0.04375 0.0421875
4 0.7953125 0.88984375 0.046875 0.05
1 0.54296875 0.53046875 0.0546875 0.03125
1 0.50234375 0.7265625 0.040625 0.040625
4 0.00859375 0.52734375 0.0171875 0.0234375
4 0.0046875 0.4890625 0.009375 0.021875
4 0.1625 0.3953125 0.0140625 0.01875
4 0.08828125 0.3203125 0.0125 0.009375
4 0.13828125 0.28359375 0.0078125 0.00625
1 0.3078125 0.25625 0.021875 0.00625
4 0.2328125 0.41015625 0.0125 0.0078125