2 0.10859375 0.12578125 0.134375 0.1453125
1 0.140625 0.0375 0.03125 0.01875
2 0.034375 0.80078125 0.028125 0.096875
2 0.61171875 0.29453125 0.046875 0.0875
2 0.14765625 0.86015625 0.0484375 0.0265625
1 0.053125 0.91953125 0.0203125 0.0140625
1 0.88671875 0.74453125 0.009375 0.0203125
1 0.73125 0.22578125 0.0125 0.01875
1 0.5796875 0.06640625 0.0125 0.0234375
1 0.23359375 0.1546875 0.046875 0.053125
4 0.5125 0.4140625 0.01875 0.0296875
4 0.01484375 0.35234375 0.0296875 0.1609375
2 0.00859375 0.09375 0.0171875 0.05