4 0.46484375 0.5671875 0.0421875 0.0328125
4 0.4046875 0.5796875 0.028125 0.0234375
4 0.3015625 0.75390625 0.034375 0.0171875
4 0.53828125 0.7421875 0.0328125 0.0234375
4 0.38828125 0.68359375 0.0265625 0.021875
4 0.43828125 0.32421875 0.0140625 0.0125
1 0.97890625 0.22734375 0.0125 0.009375
1 0.96640625 0.32109375 0.0203125 0.015625
0 0.7109375 0.271875 0.009375 0.009375
4 0.0515625 0.4625 0.0171875 0.015625
0 0.45703125 0.53125 0.0203125 0.021875
2 0.37109375 0.48671875 0.0265625 0.0203125
0 0.284375 0.6984375 0.025 0.034375