2 0.1921875 0.87265625 0.1609375 0.16875
2 0.50078125 0.52265625 0.1109375 0.2578125
2 0.396875 0.2515625 0.071875 0.10625
2 0.28203125 0.3296875 0.078125 0.090625
2 0.3390625 0.38984375 0.0296875 0.0296875
2 0.3609375 0.43046875 0.1140625 0.1359375
2 0.28984375 0.465625 0.0703125 0.096875
2 0.14609375 0.10078125 0.1765625 0.2015625
2 0.21484375 0.2484375 0.178125 0.2578125
2 0.1 0.24296875 0.1078125 0.1421875
2 0.28046875 0.15859375 0.075 0.0796875
2 0.45546875 0.23515625 0.0671875 0.034375
2 0.5359375 0.25625 0.1015625 0.15
2 0.18046875 0.5359375 0.0703125 0.0859375
2 0.1296875 0.43984375 0.0515625 0.0671875
2 0.23984375 0.4 0.0296875 0.03125
2 0.24375 0.61875 0.0984375 0.109375
1 0.2984375 0.6078125 0.03125 0.0453125
2 0.28671875 0.55859375 0.0421875 0.040625
4 0.2421875 0.775 0.1046875 0.125
2 0.340625 0.76640625 0.0921875 0.146875
2 0.278125 0.88515625 0.0328125 0.0453125
2 0.2328125 0.4484375 0.0390625 0.0328125