0 0.5734375 0.63046875 0.0359375 0.0296875
3 0.49609375 0.87890625 0.0640625 0.0859375
1 0.4625 0.6015625 0.05 0.0515625
1 0.434375 0.6640625 0.04375 0.053125
1 0.309375 0.65625 0.078125 0.0625
3 0.4234375 0.48515625 0.053125 0.0359375
3 0.5234375 0.55859375 0.0203125 0.025
3 0.23125 0.53671875 0.0375 0.0375
3 0.3265625 0.37578125 0.03125 0.0359375
3 0.4578125 0.44296875 0.0375 0.05
2 0.32265625 0.5078125 0.071875 0.0625
4 0.48125 0.5296875 0.0328125 0.0375
4 0.60703125 0.63046875 0.021875 0.04375
2 0.5578125 0.36015625 0.0265625 0.0359375
4 0.60703125 0.53125 0.028125 0.025
4 0.62734375 0.5328125 0.0171875 0.025
4 0.628125 0.51015625 0.015625 0.015625
0 0.3 0.1265625 0.021875 0.021875