2 0.9390625 0.596875 0.121875 0.18125
2 0.69375 0.6703125 0.140625 0.146875
2 0.89765625 0.7703125 0.09375 0.05
2 0.80703125 0.7609375 0.1046875 0.1265625
2 0.653125 0.39375 0.0546875 0.0484375
2 0.75546875 0.48125 0.08125 0.0625
2 0.66015625 0.58515625 0.1328125 0.10625
2 0.8 0.3703125 0.1015625 0.0859375
2 0.825 0.65390625 0.171875 0.1703125
2 0.96171875 0.74296875 0.0765625 0.1015625
4 0.96640625 0.709375 0.04375 0.0375
4 0.56796875 0.5484375 0.06875 0.0515625
4 0.58671875 0.4921875 0.0328125 0.0375
2 0.36640625 0.74609375 0.0765625 0.06875
2 0.9 0.5234375 0.0453125 0.03125
2 0.5 0.41015625 0.0546875 0.034375
2 0.2765625 0.52734375 0.1109375 0.0765625
2 0.6453125 0.51328125 0.0953125 0.0625
2 0.5078125 0.61328125 0.0328125 0.0265625
2 0.6046875 0.415625 0.03125 0.021875
2 0.3734375 0.59140625 0.171875 0.121875
2 0.50859375 0.590625 0.1265625 0.0984375
2 0.5328125 0.50703125 0.1109375 0.09375
2 0.67890625 0.45859375 0.075 0.0671875
2 0.6125 0.48046875 0.0484375 0.0359375
2 0.934375 0.465625 0.13125 0.134375