1 0.47890625 0.2234375 0.05625 0.0796875
1 0.34296875 0.6296875 0.0390625 0.0375
1 0.33359375 0.515625 0.05 0.0578125
1 0.0890625 0.7796875 0.0234375 0.028125
4 0.4203125 0.525 0.040625 0.0453125
4 0.45546875 0.53359375 0.0484375 0.0421875
4 0.6515625 0.62890625 0.0828125 0.046875
4 0.61796875 0.59765625 0.0328125 0.053125
4 0.7875 0.52421875 0.05 0.04375
4 0.66953125 0.50234375 0.0671875 0.0390625
2 0.46328125 0.36328125 0.0375 0.046875
4 0.43046875 0.34453125 0.034375 0.01875
4 0.603125 0.4015625 0.04375 0.025
4 0.35546875 0.4578125 0.0265625 0.021875
4 0.23046875 0.6671875 0.0296875 0.015625
4 0.2421875 0.7296875 0.0265625 0.0171875
0 0.2765625 0.63671875 0.0265625 0.015625
0 0.271875 0.89296875 0.0296875 0.01875
0 0.246875 0.909375 0.0296875 0.0203125
0 0.28984375 0.78203125 0.028125 0.021875
0 0.3375 0.76171875 0.025 0.025
0 0.4390625 0.65078125 0.040625 0.0390625
0 0.43828125 0.609375 0.04375 0.025
0 0.42109375 0.58828125 0.0234375 0.0328125
0 0.453125 0.5875 0.034375 0.0359375
0 0.53203125 0.58125 0.0390625 0.0375
0 0.50078125 0.540625 0.0390625 0.0234375
0 0.503125 0.371875 0.0484375 0.0234375
0 0.34453125 0.43203125 0.01875 0.0234375
4 0.48359375 0.509375 0.028125 0.0265625
4 0.39453125 0.55078125 0.0359375 0.046875