2 0.0203125 0.584375 0.040625 0.084375
2 0.096875 0.79453125 0.090625 0.075
2 0.3109375 0.6546875 0.0953125 0.1140625
2 0.28984375 0.5890625 0.059375 0.0671875
2 0.51953125 0.3703125 0.03125 0.0390625
2 0.61015625 0.20234375 0.05 0.0765625
2 0.5546875 0.74140625 0.05 0.053125
2 0.59140625 0.7515625 0.053125 0.0953125
2 0.2703125 0.8640625 0.11875 0.1625
2 0.27265625 0.9875 0.0578125 0.025
4 0.2390625 0.30859375 0.0328125 0.0796875
2 0.56875 0.6046875 0.0484375 0.071875
2 0.95390625 0.63359375 0.0359375 0.0875