4 0.50703125 0.3375 0.0828125 0.0703125
2 0.63046875 0.28359375 0.090625 0.10625
1 0.64921875 0.83515625 0.0578125 0.0640625
4 0.83671875 0.928125 0.0484375 0.0296875
2 0.27109375 0.24140625 0.103125 0.103125
2 0.2171875 0.175 0.090625 0.1125
2 0.153125 0.446875 0.0390625 0.0609375
2 0.05703125 0.4421875 0.028125 0.0390625
2 0.48359375 0.23203125 0.0640625 0.06875
2 0.58984375 0.16640625 0.0671875 0.0546875
2 0.6453125 0.171875 0.059375 0.0421875
4 0.56015625 0.1234375 0.0828125 0.075
2 0.2046875 0.51796875 0.0734375 0.0703125
2 0.0359375 0.52421875 0.0453125 0.0484375
4 0.071875 0.79609375 0.05625 0.059375
4 0.31171875 0.95625 0.103125 0.021875
2 0.45703125 0.39375 0.103125 0.0875
2 0.4796875 0.1546875 0.059375 0.05