4 0.20078125 0.553125 0.1 0.096875
4 0.30546875 0.56171875 0.1046875 0.0546875
4 0.571875 0.703125 0.0578125 0.046875
4 0.74921875 0.6078125 0.0390625 0.034375
4 0.35078125 0.29140625 0.0609375 0.0515625
0 0.425 0.46171875 0.0640625 0.0375
0 0.2703125 0.37109375 0.05 0.059375
0 0.265625 0.4890625 0.05625 0.046875
0 0.2859375 0.521875 0.084375 0.05625
0 0.47421875 0.67109375 0.05 0.05625
0 0.5109375 0.76640625 0.05625 0.0375
0 0.48984375 0.8578125 0.06875 0.0515625
0 0.66171875 0.528125 0.0515625 0.040625
0 0.54453125 0.434375 0.046875 0.0453125
1 0.55390625 0.1140625 0.0765625 0.1015625
1 0.68671875 0.478125 0.08125 0.075
1 0.56640625 0.36640625 0.0515625 0.0515625
1 0.778125 0.83203125 0.0546875 0.0578125
2 0.65 0.3796875 0.0609375 0.0640625