2 0.55546875 0.5890625 0.1859375 0.2078125
2 0.72734375 0.41875 0.0765625 0.0734375
2 0.95625 0.346875 0.075 0.103125
2 0.9796875 0.56796875 0.040625 0.1203125
2 0.88984375 0.54921875 0.04375 0.04375
4 0.78984375 0.5140625 0.0953125 0.0671875
2 0.6828125 0.575 0.1046875 0.0875
2 0.58203125 0.7359375 0.065625 0.0515625
4 0.928125 0.71796875 0.14375 0.1734375
2 0.32109375 0.053125 0.0375 0.034375
1 0.9421875 0.6078125 0.0203125 0.0203125
2 0.87734375 0.3921875 0.0234375 0.0234375
4 0.76953125 0.365625 0.0296875 0.0171875