4 0.440625 0.9171875 0.0484375 0.0265625
4 0.36015625 0.81953125 0.0328125 0.0265625
4 0.54921875 0.70546875 0.0359375 0.053125
4 0.12421875 0.46484375 0.0140625 0.0203125
1 0.0390625 0.5171875 0.0125 0.0375
1 0.32421875 0.459375 0.040625 0.046875
0 0.0546875 0.534375 0.0078125 0.015625
0 0.40234375 0.6828125 0.034375 0.025
0 0.628125 0.6328125 0.05 0.0296875
0 0.7265625 0.49375 0.053125 0.0359375
0 0.6953125 0.34375 0.040625 0.040625
4 0.40234375 0.8359375 0.0265625 0.01875
1 0.6140625 0.521875 0.0515625 0.0515625
2 0.740625 0.38046875 0.0375 0.0625
2 0.690625 0.671875 0.075 0.0484375