1 0.80546875 0.9046875 0.0421875 0.0828125
4 0.8609375 0.95234375 0.0328125 0.0265625
2 0.4875 0.78671875 0.0390625 0.065625
0 0.6609375 0.6453125 0.053125 0.0359375
0 0.66875 0.584375 0.04375 0.034375
2 0.5453125 0.5078125 0.0875 0.0515625
0 0.49609375 0.46328125 0.0359375 0.0203125
4 0.46953125 0.42421875 0.05 0.0390625
0 0.68671875 0.36796875 0.040625 0.034375
4 0.0625 0.53203125 0.1203125 0.0890625
4 0.0828125 0.4453125 0.078125 0.046875
4 0.11953125 0.2875 0.065625 0.05
4 0.47421875 0.15625 0.04375 0.04375
4 0.4015625 0.23046875 0.059375 0.0484375
4 0.3796875 0.19140625 0.040625 0.034375
4 0.44609375 0.09375 0.06875 0.040625
0 0.7125 0.14921875 0.053125 0.0421875
0 0.82421875 0.03984375 0.0453125 0.028125
0 0.96640625 0.26484375 0.034375 0.04375
4 0.871875 0.30859375 0.0234375 0.01875
0 0.96875 0.32734375 0.0359375 0.0265625
0 0.953125 0.3078125 0.0296875 0.021875
4 0.934375 0.3703125 0.0234375 0.025
1 0.95625 0.36953125 0.015625 0.0328125