0 0.296875 0.7390625 0.04375 0.028125
3 0.32890625 0.41640625 0.0625 0.06875
3 0.3890625 0.33203125 0.0453125 0.059375
3 0.5609375 0.55078125 0.06875 0.0734375
3 0.27890625 0.553125 0.025 0.028125
3 0.4359375 0.7125 0.0765625 0.0421875
3 0.51953125 0.77578125 0.0515625 0.078125
1 0.51171875 0.48984375 0.0578125 0.05
1 0.45390625 0.8328125 0.0625 0.06875
1 0.7796875 0.9578125 0.09375 0.0734375
4 0.41953125 0.58671875 0.046875 0.0375
2 0.2515625 0.5796875 0.0515625 0.05
2 0.11640625 0.69765625 0.01875 0.025
2 0.09765625 0.50234375 0.021875 0.0234375
2 0.0203125 0.65 0.028125 0.028125
2 0.18203125 0.91796875 0.0484375 0.0375