2 0.77265625 0.09296875 0.153125 0.13125
2 0.478125 0.45 0.1015625 0.2609375
2 0.5984375 0.72109375 0.0703125 0.1078125
2 0.71171875 0.63515625 0.0765625 0.090625
2 0.65078125 0.5765625 0.0296875 0.028125
2 0.6265625 0.53671875 0.109375 0.1359375
2 0.696875 0.49609375 0.06875 0.0984375
2 0.8703125 0.87578125 0.1828125 0.23125
2 0.7859375 0.71484375 0.1703125 0.259375
2 0.90234375 0.7140625 0.103125 0.140625
2 0.72265625 0.81015625 0.071875 0.078125
2 0.5390625 0.74140625 0.06875 0.03125
2 0.45703125 0.7234375 0.0984375 0.1515625
2 0.8046875 0.41875 0.0671875 0.0859375
2 0.86171875 0.51484375 0.05 0.065625
2 0.7515625 0.5609375 0.03125 0.03125
2 0.73515625 0.33828125 0.096875 0.109375
1 0.68125 0.3515625 0.0296875 0.04375
2 0.69453125 0.40078125 0.0421875 0.0390625
4 0.72890625 0.17890625 0.103125 0.125
2 0.6296875 0.1921875 0.0875 0.1484375
2 0.68671875 0.0671875 0.0328125 0.046875
2 0.75546875 0.51015625 0.0390625 0.0328125