1 0.06015625 0.89296875 0.0265625 0.0578125
1 0.21953125 0.8703125 0.0453125 0.08125
4 0.1703125 0.91796875 0.0328125 0.0265625
2 0.51484375 0.74296875 0.0421875 0.0625
0 0.34375 0.61875 0.05 0.034375
0 0.33359375 0.56171875 0.040625 0.0328125
2 0.4453125 0.4828125 0.0859375 0.053125
0 0.48984375 0.43984375 0.0328125 0.0203125
4 0.51328125 0.40078125 0.05 0.0390625
0 0.30625 0.359375 0.0390625 0.0328125
4 0.9015625 0.4828125 0.1171875 0.0890625
4 0.878125 0.40234375 0.075 0.0484375
4 0.8359375 0.2546875 0.065625 0.0515625
4 0.49609375 0.14921875 0.0421875 0.04375
4 0.56796875 0.21484375 0.0578125 0.046875
4 0.58671875 0.178125 0.0390625 0.0328125
4 0.51875 0.0890625 0.065625 0.0421875
0 0.27109375 0.1546875 0.0515625 0.040625
0 0.16015625 0.05625 0.04375 0.03125
0 0.0375 0.2765625 0.034375 0.040625
4 0.12890625 0.31171875 0.0234375 0.01875
0 0.03828125 0.33515625 0.0375 0.0265625
0 0.05234375 0.31484375 0.0296875 0.021875
4 0.07265625 0.3734375 0.025 0.025
1 0.05234375 0.37421875 0.0171875 0.03125