2 0.5375 0.8578125 0.046875 0.05
0 0.5328125 0.81640625 0.0265625 0.0296875
0 0.665625 0.66171875 0.034375 0.0375
0 0.4703125 0.52890625 0.04375 0.0328125
0 0.5234375 0.4515625 0.03125 0.028125
0 0.4203125 0.43359375 0.0421875 0.0296875
4 0.55234375 0.50390625 0.03125 0.046875
2 0.58125 0.3453125 0.071875 0.0640625
4 0.4390625 0.41171875 0.0296875 0.021875
1 0.1375 0.23984375 0.034375 0.065625
1 0.378125 0.20625 0.040625 0.0515625
4 0.43515625 0.025 0.028125 0.028125
0 0.21796875 0.0484375 0.0296875 0.021875