4 0.38046875 0.9375 0.0125 0.0125
4 0.340625 0.89453125 0.0078125 0.009375
4 0.4609375 0.80234375 0.0125 0.015625
0 0.465625 0.7265625 0.0171875 0.0109375
0 0.4171875 0.715625 0.0140625 0.0140625
1 0.2890625 0.721875 0.009375 0.025
4 0.4765625 0.753125 0.0109375 0.0140625
4 0.81171875 0.61015625 0.0234375 0.01875
4 0.65546875 0.98125 0.015625 0.0046875
0 0.625 0.57421875 0.021875 0.0171875
1 0.53359375 0.4046875 0.04375 0.0578125
0 0.78359375 0.19921875 0.0390625 0.0421875
4 0.8 0.20234375 0.0203125 0.0328125
4 0.8484375 0.08515625 0.0640625 0.0515625
0 0.8078125 0.0671875 0.0515625 0.040625
0 0.9046875 0.13671875 0.0546875 0.034375
2 0.93515625 0.23203125 0.071875 0.0671875
1 0.77578125 0.40390625 0.0359375 0.0453125
4 0.34140625 0.41953125 0.0171875 0.0140625
0 0.2921875 0.61640625 0.0109375 0.0078125