2 0.53046875 0.26015625 0.1546875 0.1375
2 0.43984375 0.16875 0.059375 0.05625
2 0.5 0.1640625 0.0578125 0.0265625
2 0.65703125 0.184375 0.065625 0.0546875
2 0.69140625 0.24609375 0.26875 0.1546875
4 0.8953125 0.134375 0.178125 0.26875
2 0.34296875 0.08203125 0.1546875 0.0859375
2 0.4109375 0.4109375 0.025 0.0296875
2 0.74296875 0.0390625 0.046875 0.04375
2 0.721875 0.0703125 0.0296875 0.0265625
4 0.5125 0.96328125 0.0484375 0.028125
1 0.44296875 0.96640625 0.025 0.046875
1 0.4734375 0.8890625 0.0171875 0.0296875
1 0.4265625 0.83984375 0.0171875 0.025
2 0.6296875 0.83203125 0.078125 0.0578125