0 0.4828125 0.44921875 0.05 0.034375
0 0.26796875 0.54453125 0.065625 0.0375
0 0.2953125 0.7046875 0.0515625 0.0546875
0 0.4015625 0.79296875 0.0609375 0.0421875
0 0.915625 0.48046875 0.0171875 0.0140625
1 0.9453125 0.503125 0.025 0.040625
1 0.684375 0.61953125 0.040625 0.0578125
4 0.8578125 0.56796875 0.0140625 0.0109375
1 0.403125 0.615625 0.0703125 0.059375
2 0.31015625 0.76484375 0.075 0.06875
4 0.4203125 0.82109375 0.0421875 0.05625
2 0.27578125 0.50390625 0.10625 0.0578125
4 0.3828125 0.3234375 0.03125 0.0328125
4 0.22578125 0.2875 0.0640625 0.040625
4 0.32578125 0.26328125 0.0328125 0.021875
4 0.91171875 0.01484375 0.0109375 0.0140625