2 0.828125 0.796875 0.084375 0.0671875
2 0.69140625 0.9359375 0.078125 0.078125
2 0.73828125 0.8 0.071875 0.0921875
2 0.33671875 0.6171875 0.0984375 0.0875
2 0.0734375 0.771875 0.084375 0.1171875
2 0.1453125 0.73671875 0.075 0.071875
2 0.596875 0.23671875 0.06875 0.0625
2 0.79609375 0.25234375 0.1109375 0.06875
2 0.76640625 0.296875 0.0421875 0.03125
2 0.9578125 0.5015625 0.084375 0.084375
2 0.65546875 0.51640625 0.1625 0.13125
2 0.24921875 0.48671875 0.1140625 0.096875
2 0.15625 0.4265625 0.1890625 0.1265625
2 0.07734375 0.53671875 0.1546875 0.1265625
2 0.1890625 0.89296875 0.1265625 0.0828125
2 0.55234375 0.99453125 0.1109375 0.0109375