2 0.2046875 0.1828125 0.18125 0.1953125
2 0.09921875 0.26875 0.18125 0.25625
2 0.2671875 0.32578125 0.08125 0.05625
2 0.20078125 0.3296875 0.115625 0.0828125
2 0.21328125 0.4109375 0.1171875 0.13125
2 0.19453125 0.50625 0.075 0.0765625
1 0.05 0.6640625 0.1 0.103125
2 0.05234375 0.64609375 0.1046875 0.1609375
2 0.12890625 0.61875 0.0703125 0.065625
2 0.2484375 0.5875 0.0625 0.0671875
2 0.29921875 0.74375 0.0359375 0.053125
2 0.21953125 0.71875 0.0296875 0.0234375
4 0.27109375 0.75390625 0.046875 0.0578125
4 0.08046875 0.72578125 0.1328125 0.1390625
2 0.2625 0.83046875 0.08125 0.071875
2 0.2890625 0.9109375 0.0828125 0.15
2 0.05 0.02578125 0.025 0.0515625
2 0.35625 0.078125 0.025 0.0296875
2 0.621875 0.475 0.040625 0.046875
2 0.5890625 0.346875 0.0171875 0.0171875
2 0.5765625 0.67109375 0.0203125 0.0265625