2 0.21328125 0.74375 0.0875 0.1625
2 0.2453125 0.61484375 0.0328125 0.053125
4 0.24453125 0.88203125 0.0453125 0.0515625
2 0.36171875 0.8796875 0.06875 0.121875
2 0.6640625 0.94921875 0.0625 0.0796875
2 0.7484375 0.9859375 0.046875 0.028125
2 0.628125 0.85078125 0.0875 0.128125
2 0.58828125 0.76328125 0.0515625 0.0859375
2 0.65234375 0.778125 0.065625 0.078125
2 0.62734375 0.6765625 0.059375 0.08125
2 0.73046875 0.5984375 0.115625 0.1078125
2 0.6515625 0.60859375 0.08125 0.090625
2 0.7578125 0.49609375 0.1171875 0.125
2 0.8515625 0.575 0.0734375 0.0703125
2 0.80546875 0.6265625 0.10625 0.121875
4 0.90234375 0.6140625 0.075 0.0828125
4 0.92109375 0.396875 0.1125 0.14375
4 0.71328125 0.675 0.1125 0.096875
4 0.690625 0.83046875 0.0515625 0.04375
2 0.87734375 0.978125 0.1234375 0.04375
2 0.8765625 0.20703125 0.084375 0.0484375
2 0.77109375 0.09765625 0.1625 0.146875
2 0.79609375 0.05625 0.1140625 0.053125
2 0.921875 0.07109375 0.0671875 0.040625
2 0.57421875 0.9578125 0.1296875 0.084375
2 0.67109375 0.72578125 0.028125 0.03125
2 0.89375 0.50078125 0.0609375 0.0765625
4 0.60078125 0.45625 0.0765625 0.090625
1 0.5921875 0.603125 0.034375 0.0328125
4 0.31484375 0.34765625 0.0328125 0.034375
2 0.29609375 0.4546875 0.0328125 0.0421875