2 0.22734375 0.4046875 0.2265625 0.075
2 0.3546875 0.62265625 0.078125 0.0765625
4 0.4203125 0.66484375 0.0203125 0.0125
4 0.4109375 0.9 0.040625 0.096875
4 0.1109375 0.95390625 0.053125 0.0921875
4 0.4375 0.81171875 0.0359375 0.034375
2 0.3765625 0.44609375 0.0375 0.021875
2 0.48828125 0.4046875 0.0375 0.0171875
4 0.5125 0.41953125 0.0265625 0.0234375
2 0.60390625 0.44921875 0.1046875 0.046875
2 0.6234375 0.578125 0.1453125 0.0984375
2 0.7171875 0.60546875 0.0359375 0.0453125
4 0.7546875 0.58203125 0.0671875 0.0484375
4 0.72265625 0.44921875 0.034375 0.021875
2 0.73046875 0.8015625 0.0765625 0.0578125
2 0.8140625 0.81015625 0.0796875 0.05625
4 0.69765625 0.9671875 0.0640625 0.0546875
2 0.95546875 0.9296875 0.0890625 0.0625
2 0.5765625 0.8453125 0.0890625 0.0765625