2 0.35078125 0.16015625 0.0859375 0.1515625
2 0.25546875 0.1515625 0.0515625 0.0734375
2 0.20625 0.259375 0.08125 0.0875
4 0.29609375 0.70546875 0.0453125 0.0578125
4 0.22109375 0.82578125 0.0359375 0.0515625
2 0.215625 0.7109375 0.06875 0.1
2 0.31328125 0.84296875 0.071875 0.0953125
2 0.27578125 0.7484375 0.0390625 0.05625
2 0.13203125 0.715625 0.0984375 0.115625
2 0.27109375 0.67265625 0.053125 0.053125
2 0.1921875 0.62421875 0.059375 0.0578125
2 0.24921875 0.77421875 0.0328125 0.0265625
2 0.5328125 0.99296875 0.0140625 0.0140625
2 0.38828125 0.96484375 0.0328125 0.0421875
1 0.3609375 0.67109375 0.015625 0.0328125
2 0.40546875 0.27890625 0.0265625 0.0296875
2 0.11171875 0.5171875 0.071875 0.09375
2 0.2140625 0.53984375 0.0953125 0.0859375
2 0.246875 0.4609375 0.09375 0.071875
2 0.15703125 0.46328125 0.05 0.059375
2 0.04921875 0.37265625 0.04375 0.0328125
2 0.00703125 0.43828125 0.0140625 0.0640625
2 0.33671875 0.66015625 0.05 0.0609375
2 0.01328125 0.2609375 0.0265625 0.04375
2 0.24921875 0.803125 0.0375 0.028125
2 0.04609375 0.4546875 0.0921875 0.06875