4 0.640625 0.3890625 0.0328125 0.065625
4 0.63046875 0.46796875 0.034375 0.028125
4 0.5375 0.39140625 0.01875 0.025
4 0.51875 0.38515625 0.0328125 0.0421875
4 0.4625 0.490625 0.0375 0.0359375
4 0.378125 0.678125 0.046875 0.04375
4 0.359375 0.70390625 0.05 0.059375
4 0.47109375 0.71171875 0.034375 0.059375
4 0.42734375 0.83984375 0.0421875 0.040625
4 0.42890625 0.559375 0.0234375 0.025
4 0.4359375 0.50234375 0.025 0.0453125
4 0.44921875 0.47265625 0.046875 0.0265625
1 0.7453125 0.5375 0.078125 0.0625
2 0.6125 0.54140625 0.0421875 0.0421875
0 0.6 0.57265625 0.025 0.0375
4 0.58046875 0.6546875 0.025 0.034375
1 0.490625 0.37421875 0.0453125 0.0453125
1 0.40078125 0.384375 0.0359375 0.03125
2 0.4421875 0.44296875 0.040625 0.0375
0 0.4046875 0.5046875 0.0328125 0.0328125
0 0.3953125 0.46171875 0.034375 0.034375
0 0.3859375 0.48203125 0.025 0.040625
0 0.35390625 0.478125 0.034375 0.034375
0 0.41640625 0.57578125 0.0265625 0.0296875
0 0.3890625 0.328125 0.015625 0.0203125
0 0.41328125 0.59765625 0.034375 0.03125
0 0.24921875 0.3203125 0.0203125 0.028125
0 0.2578125 0.36796875 0.025 0.0203125
0 0.1421875 0.309375 0.0234375 0.025
0 0.13046875 0.28828125 0.0203125 0.025
1 0.23125 0.14921875 0.0234375 0.0171875
4 0.30078125 0.2875 0.0140625 0.0171875
4 0.3546875 0.28984375 0.01875 0.0234375
0 0.5734375 0.37578125 0.01875 0.01875