2 0.24921875 0.6453125 0.1296875 0.140625
2 0.41328125 0.69140625 0.078125 0.0984375
2 0.396875 0.77578125 0.0828125 0.1234375
2 0.3484375 0.903125 0.184375 0.19375
1 0.43125 0.95546875 0.1 0.0890625
2 0.43671875 0.88359375 0.034375 0.059375
2 0.45703125 0.85625 0.034375 0.075
2 0.5265625 0.52578125 0.040625 0.0390625
2 0.56015625 0.865625 0.0359375 0.059375
2 0.153125 0.684375 0.0640625 0.078125
2 0.0984375 0.61171875 0.121875 0.1125
4 0.35 0.42734375 0.0203125 0.025
2 0.30859375 0.68515625 0.0703125 0.0765625