4 0.07890625 0.453125 0.046875 0.0515625
4 0.2140625 0.33359375 0.03125 0.0375
4 0.27734375 0.828125 0.096875 0.0828125
4 0.29375 0.734375 0.059375 0.06875
2 0.53125 0.45859375 0.0484375 0.0484375
4 0.525 0.553125 0.0703125 0.06875
4 0.471875 0.5078125 0.0359375 0.0515625
4 0.56640625 0.69921875 0.0375 0.0609375
2 0.43671875 0.51171875 0.0546875 0.0640625
1 0.42734375 0.4765625 0.05625 0.059375
1 0.3984375 0.40625 0.0703125 0.0796875
1 0.76484375 0.5234375 0.0875 0.06875
0 0.428125 0.73515625 0.05625 0.0734375
0 0.2671875 0.42734375 0.025 0.04375
0 0.06953125 0.58515625 0.0640625 0.0578125
0 0.01171875 0.51171875 0.0234375 0.0484375
0 0.24453125 0.609375 0.0390625 0.0625
0 0.38671875 0.5375 0.046875 0.0421875
0 0.3265625 0.77265625 0.046875 0.065625