2 0.3859375 0.3859375 0.1671875 0.225
2 0.30390625 0.53828125 0.0546875 0.046875
2 0.24140625 0.48046875 0.05625 0.0875
2 0.434375 0.77421875 0.05 0.0546875
2 0.44453125 0.646875 0.053125 0.0609375
2 0.734375 0.7546875 0.078125 0.065625
2 0.390625 0.93828125 0.1203125 0.11875
2 0.43359375 0.84765625 0.0703125 0.103125
2 0.5296875 0.88359375 0.059375 0.071875
2 0.29765625 0.2078125 0.0203125 0.028125
2 0.41015625 0.11328125 0.0265625 0.025
2 0.24296875 0.1328125 0.0421875 0.0359375
2 0.50234375 0.16640625 0.0375 0.0203125