2 0.43203125 0.809375 0.0453125 0.0484375
0 0.43828125 0.7703125 0.0265625 0.028125
0 0.321875 0.61953125 0.0328125 0.0359375
0 0.51015625 0.50546875 0.0421875 0.0328125
0 0.46484375 0.43125 0.028125 0.0265625
0 0.5609375 0.41953125 0.040625 0.03125
4 0.43515625 0.47890625 0.0296875 0.04375
2 0.415625 0.328125 0.06875 0.0625
4 0.54453125 0.39765625 0.0296875 0.0234375
1 0.83515625 0.25234375 0.0359375 0.0625
1 0.6125 0.209375 0.0390625 0.0484375
4 0.56796875 0.0375 0.028125 0.0265625
0 0.76953125 0.06953125 0.028125 0.0234375