2 0.071875 0.76875 0.14375 0.171875
2 0.38125 0.6890625 0.071875 0.034375
2 0.70703125 0.6203125 0.0625 0.04375
2 0.95078125 0.790625 0.065625 0.175
2 0.965625 0.63125 0.0546875 0.065625
2 0.61015625 0.47265625 0.1375 0.0828125
2 0.62734375 0.5421875 0.1046875 0.071875
2 0.50390625 0.55078125 0.0515625 0.03125
2 0.56171875 0.409375 0.0328125 0.028125
2 0.22109375 0.3578125 0.071875 0.0390625
2 0.1265625 0.38984375 0.03125 0.025
2 0.01875 0.51015625 0.0375 0.0484375
2 0.88828125 0.92578125 0.0453125 0.025
2 0.05390625 0.88828125 0.1078125 0.0734375