2 0.778125 0.92578125 0.16875 0.1484375
2 0.69375 0.61328125 0.0328125 0.0734375
2 0.61875 0.2875 0.04375 0.0640625
2 0.784375 0.04140625 0.175 0.0578125
2 0.62578125 0.03046875 0.0625 0.05
2 0.471875 0.3875 0.08125 0.1359375
2 0.5421875 0.36875 0.071875 0.10625
2 0.55234375 0.49296875 0.0296875 0.0515625
2 0.409375 0.43671875 0.0265625 0.0328125
2 0.3640625 0.7796875 0.0375 0.0703125
2 0.396875 0.87421875 0.0234375 0.0328125
2 0.51953125 0.98046875 0.0484375 0.0390625
2 0.9234375 0.1 0.025 0.0453125
2 0.90078125 0.9421875 0.0734375 0.115625