2 0.59375 0.06484375 0.0421875 0.0328125
0 0.60546875 0.090625 0.0390625 0.0265625
0 0.74765625 0.23671875 0.0453125 0.0265625
0 0.559375 0.403125 0.0359375 0.0265625
4 0.51015625 0.203125 0.059375 0.0390625
0 0.47578125 0.415625 0.0421875 0.028125
4 0.56640625 0.45390625 0.0375 0.053125
4 0.53671875 0.45234375 0.0421875 0.0296875
4 0.66171875 0.4734375 0.0453125 0.0328125
0 0.63046875 0.475 0.0328125 0.0390625
2 0.67265625 0.56484375 0.0734375 0.0640625
4 0.5078125 0.5546875 0.03125 0.0234375
1 0.27578125 0.68125 0.0296875 0.0609375
4 0.8109375 0.73984375 0.0484375 0.0234375
1 0.4578125 0.728125 0.0359375 0.04375
1 0.36015625 0.80703125 0.03125 0.0171875
0 0.17734375 0.98046875 0.021875 0.015625
4 0.3203125 0.990625 0.0234375 0.0078125
4 0.09609375 0.7125 0.015625 0.0125