0 0.7640625 0.61015625 0.0515625 0.0328125
0 0.56171875 0.61640625 0.0375 0.0296875
0 0.09296875 0.45390625 0.0125 0.0171875
0 0.79765625 0.41953125 0.0546875 0.0390625
4 0.70234375 0.8859375 0.0546875 0.0390625
4 0.5828125 0.8015625 0.0375 0.0359375
4 0.6125 0.8953125 0.0328125 0.0203125
0 0.73984375 0.27578125 0.05 0.0484375
4 0.73828125 0.25 0.03125 0.053125
2 0.78984375 0.3359375 0.0578125 0.0609375
1 0.70625 0.4578125 0.059375 0.06875
1 0.41015625 0.38828125 0.0546875 0.05
1 0.0796875 0.4296875 0.0171875 0.0375
4 0.18984375 0.3953125 0.0140625 0.0109375
2 0.7640625 0.6421875 0.0390625 0.0390625