4 0.05546875 0.378125 0.0125 0.0125
4 0.09609375 0.33828125 0.0109375 0.0078125
4 0.19296875 0.45390625 0.015625 0.0125
0 0.26875 0.45546875 0.0125 0.0171875
0 0.2765625 0.4078125 0.0140625 0.0140625
1 0.2671875 0.28046875 0.025 0.0109375
4 0.2421875 0.4671875 0.0140625 0.0109375
4 0.39609375 0.79609375 0.01875 0.025
4 0.02109375 0.65234375 0.00625 0.015625
0 0.42578125 0.609375 0.015625 0.021875
1 0.58984375 0.51171875 0.0578125 0.0453125
0 0.80390625 0.753125 0.0421875 0.040625
4 0.8015625 0.76953125 0.0328125 0.0203125
4 0.91953125 0.8140625 0.0515625 0.0640625
0 0.93515625 0.7734375 0.0421875 0.0515625
0 0.86953125 0.871875 0.0359375 0.05625
2 0.7765625 0.9140625 0.071875 0.090625
4 0.965625 0.915625 0.0578125 0.0296875
1 0.6 0.753125 0.0453125 0.0375
4 0.56875 0.32109375 0.015625 0.0171875
0 0.3703125 0.27890625 0.0078125 0.0125