2 0.646875 0.2953125 0.3625 0.3125
2 0.4484375 0.03671875 0.0875 0.0734375
2 0.3140625 0.00625 0.06875 0.0125
2 0.3546875 0.23671875 0.175 0.2296875
2 0.50546875 0.48515625 0.1140625 0.1390625
2 0.49296875 0.39453125 0.1375 0.1
2 0.403125 0.384375 0.0734375 0.0828125
2 0.8515625 0.175 0.296875 0.284375
2 0.6453125 0.2125 0.05 0.0390625
2 0.575 0.56796875 0.0859375 0.109375
2 0.5796875 0.70390625 0.0875 0.075
2 0.69453125 0.70703125 0.10625 0.046875
2 0.7109375 0.66171875 0.09375 0.0625
2 0.8703125 0.6796875 0.2296875 0.1625
2 0.6546875 0.89296875 0.0734375 0.06875
2 0.690625 0.81328125 0.0390625 0.0296875
2 0.78046875 0.97890625 0.1078125 0.0421875
2 0.7140625 0.97578125 0.0359375 0.0359375
4 0.83203125 0.80546875 0.1921875 0.146875
1 0.85390625 0.70625 0.165625 0.1
2 0.08671875 0.64765625 0.0546875 0.0625
4 0.0609375 0.49140625 0.021875 0.0234375
2 0.1359375 0.140625 0.0265625 0.028125