2 0.0703125 0.57421875 0.0578125 0.084375
2 0.0859375 0.8203125 0.1046875 0.1140625
2 0.0875 0.3515625 0.0890625 0.0734375
2 0.33125 0.41796875 0.090625 0.109375
2 0.33203125 0.48671875 0.0578125 0.0640625
2 0.6140625 0.62109375 0.0296875 0.0375
2 0.7515625 0.7515625 0.0453125 0.0765625
2 0.53359375 0.26171875 0.046875 0.0515625
2 0.565625 0.24140625 0.05 0.0953125
2 0.2296875 0.23359375 0.1109375 0.1578125
2 0.190625 0.10625 0.0546875 0.04375
4 0.37109375 0.76484375 0.0296875 0.078125
2 0.5890625 0.38671875 0.0453125 0.0703125
2 0.94296875 0.24140625 0.0328125 0.0859375