1 0.67734375 0.0609375 0.0671875 0.0734375
1 0.421875 0.33125 0.046875 0.040625
1 0.39296875 0.4578125 0.0359375 0.034375
1 0.78671875 0.46015625 0.05625 0.0609375
4 0.52421875 0.41015625 0.03125 0.0421875
4 0.51484375 0.38671875 0.0203125 0.040625
4 0.75 0.4546875 0.0671875 0.053125
4 0.81015625 0.4828125 0.06875 0.0453125
4 0.796875 0.3796875 0.06875 0.0453125
4 0.5296875 0.33203125 0.0359375 0.0203125
4 0.5453125 0.23359375 0.028125 0.0296875
4 0.75 0.2453125 0.034375 0.03125
4 0.5859375 0.3140625 0.0359375 0.03125
4 0.4703125 0.29609375 0.021875 0.01875
4 0.44765625 0.31875 0.0375 0.0328125
4 0.27890625 0.48671875 0.01875 0.01875
4 0.2984375 0.46171875 0.01875 0.01875
1 0.1265625 0.534375 0.0140625 0.0171875
0 0.23515625 0.62421875 0.0234375 0.0171875
0 0.25859375 0.63203125 0.01875 0.0125
0 0.28984375 0.5625 0.025 0.0171875
0 0.359375 0.565625 0.025 0.0234375
0 0.3265625 0.4375 0.0203125 0.015625
0 0.471875 0.48671875 0.028125 0.01875
0 0.478125 0.5046875 0.03125 0.021875
0 0.49140625 0.440625 0.0296875 0.0234375
0 0.528125 0.44609375 0.040625 0.025
0 0.6296875 0.4296875 0.0453125 0.0328125
0 0.5890625 0.46796875 0.0296875 0.025
0 0.42421875 0.23203125 0.021875 0.015625
0 0.634375 0.23671875 0.04375 0.0359375
4 0.54921875 0.4703125 0.0296875 0.021875
2 0.4671875 0.4234375 0.05 0.0390625
2 0.6484375 0.2109375 0.05625 0.05625
4 0.95703125 0.4984375 0.0515625 0.05