2 0.28359375 0.04609375 0.065625 0.078125
2 0.46015625 0.209375 0.14375 0.1609375
2 0.5796875 0.059375 0.04375 0.1078125
2 0.58359375 0.23203125 0.028125 0.0515625
2 0.2765625 0.2484375 0.2109375 0.1359375
4 0.27734375 0.31640625 0.1046875 0.071875
2 0.071875 0.28046875 0.08125 0.084375
4 0.02578125 0.19453125 0.0515625 0.0390625
2 0.428125 0.246875 0.0890625 0.06875
2 0.5203125 0.14921875 0.0390625 0.0453125
2 0.75078125 0.35 0.053125 0.078125
2 0.8234375 0.69921875 0.09375 0.153125
2 0.7125 0.96484375 0.103125 0.059375