4 0.8078125 0.5765625 0.0984375 0.09375
4 0.71484375 0.528125 0.1046875 0.053125
4 0.52734375 0.29765625 0.05625 0.046875
4 0.3296875 0.315625 0.0390625 0.034375
4 0.56953125 0.75703125 0.0578125 0.05
0 0.56875 0.5734375 0.0625 0.0359375
0 0.67421875 0.715625 0.05 0.0578125
0 0.7234375 0.61015625 0.05625 0.046875
0 0.7171875 0.57265625 0.0828125 0.0546875
0 0.60390625 0.3640625 0.0484375 0.0546875
0 0.6078125 0.2625 0.0546875 0.0375
0 0.66171875 0.18828125 0.06875 0.0484375
0 0.378125 0.421875 0.0484375 0.0375
0 0.44921875 0.5515625 0.046875 0.0453125
1 0.3171875 0.83984375 0.075 0.1
1 0.3359375 0.4578125 0.0796875 0.0734375
1 0.40234375 0.60625 0.0515625 0.0515625
1 0.3890625 0.10078125 0.0515625 0.05625
2 0.33203125 0.5609375 0.059375 0.0609375