1 0.0359375 0.61171875 0.0609375 0.0546875
1 0.32578125 0.4140625 0.034375 0.0421875
1 0.44765625 0.4046875 0.03125 0.03125
1 0.3921875 0.7734375 0.0515625 0.0484375
4 0.384375 0.52109375 0.0375 0.025
4 0.3625 0.5078125 0.0375 0.0125
4 0.39140625 0.73828125 0.0421875 0.059375
4 0.41015625 0.79921875 0.0328125 0.0609375
4 0.31484375 0.771875 0.0328125 0.0609375
4 0.31015625 0.5140625 0.015625 0.0328125
4 0.215625 0.51484375 0.025 0.0234375
4 0.1953125 0.7078125 0.0265625 0.0296875
4 0.28515625 0.5640625 0.028125 0.03125
4 0.28515625 0.453125 0.0140625 0.0203125
4 0.309375 0.4359375 0.025 0.0328125
4 0.4921875 0.30234375 0.0171875 0.015625
4 0.465625 0.31796875 0.015625 0.015625
1 0.55859375 0.1671875 0.015625 0.0109375
0 0.62578125 0.28125 0.0140625 0.0203125
0 0.63125 0.3046875 0.0109375 0.015625
0 0.56171875 0.3234375 0.0140625 0.0234375
0 0.553125 0.390625 0.01875 0.0234375
0 0.43828125 0.33984375 0.0140625 0.0171875
0 0.4625 0.48359375 0.0140625 0.0265625
0 0.47890625 0.49140625 0.0171875 0.028125
0 0.4171875 0.49453125 0.0171875 0.0265625
0 0.41640625 0.5296875 0.01875 0.0359375
0 0.38671875 0.621875 0.025 0.040625
0 0.42890625 0.58984375 0.0203125 0.0265625
0 0.2328125 0.40078125 0.0109375 0.01875
0 0.2046875 0.59765625 0.028125 0.0390625
4 0.43671875 0.553125 0.0171875 0.0265625
2 0.40390625 0.4703125 0.03125 0.04375
2 0.17890625 0.60703125 0.046875 0.046875
4 0.40234375 0.93828125 0.040625 0.04375