2 0.32890625 0.0421875 0.1578125 0.084375
2 0.5046875 0.4609375 0.1046875 0.26875
2 0.3 0.6890625 0.071875 0.1109375
2 0.21640625 0.56796875 0.078125 0.09375
2 0.2953125 0.53046875 0.03125 0.03125
2 0.33125 0.49921875 0.1125 0.1390625
2 0.27578125 0.4375 0.0703125 0.1015625
2 0.03984375 0.75859375 0.0796875 0.2296875
2 0.11875 0.6234375 0.1765625 0.26875
2 0.02890625 0.5859375 0.0578125 0.14375
2 0.15 0.73671875 0.0765625 0.08125
2 0.3515625 0.72734375 0.0703125 0.034375
2 0.43828125 0.7359375 0.1015625 0.15625
2 0.19453125 0.32734375 0.0703125 0.0890625
2 0.1078125 0.40234375 0.0515625 0.06875
2 0.2015625 0.48359375 0.0328125 0.0328125
2 0.28828125 0.2703125 0.0984375 0.1125
1 0.33671875 0.30078125 0.03125 0.046875
2 0.3078125 0.3453125 0.0421875 0.0390625
4 0.3453125 0.115625 0.1046875 0.128125
2 0.43828125 0.1609375 0.090625 0.153125
2 0.421875 0.021875 0.034375 0.04375
2 0.21328125 0.4328125 0.040625 0.0328125