2 0.50234375 0.11328125 0.0453125 0.0546875
0 0.13828125 0.30234375 0.0375 0.025
1 0.14609375 0.4671875 0.05 0.071875
1 0.45390625 0.3328125 0.0546875 0.0625
4 0.446875 0.22890625 0.0453125 0.05625
4 0.7625 0.04375 0.146875 0.0875
0 0.64140625 0.24296875 0.0890625 0.059375
0 0.48984375 0.57421875 0.05625 0.0375
4 0.50390625 0.609375 0.05 0.0546875
2 0.5875 0.4953125 0.08125 0.0859375
4 0.92890625 0.575 0.0609375 0.05
4 0.48984375 0.3671875 0.0421875 0.0421875
4 0.471875 0.415625 0.0390625 0.0421875
0 0.371875 0.2984375 0.053125 0.0328125
4 0.31875 0.5203125 0.034375 0.0375