2 0.6625 0.078125 0.15625 0.1296875
2 0.8421875 0.09609375 0.171875 0.1171875
2 0.90703125 0.2671875 0.0890625 0.140625
2 0.96640625 0.29921875 0.0671875 0.0828125
2 0.8359375 0.1734375 0.096875 0.08125
2 0.84296875 0.2734375 0.05 0.0921875
2 0.78125 0.33125 0.11875 0.1453125
2 0.6984375 0.3375 0.0859375 0.103125
2 0.7375 0.4453125 0.0328125 0.0296875
4 0.70859375 0.45703125 0.1 0.103125
2 0.634375 0.4109375 0.06875 0.053125
2 0.684375 0.528125 0.1109375 0.1140625
2 0.7453125 0.5359375 0.1125 0.11875
4 0.77109375 0.615625 0.059375 0.071875
2 0.7203125 0.61328125 0.059375 0.059375
2 0.653125 0.6453125 0.0890625 0.1453125
4 0.6234375 0.8359375 0.1140625 0.090625
2 0.384375 0.9 0.1046875 0.10625
2 0.46640625 0.8921875 0.0390625 0.090625
2 0.37109375 0.95 0.1046875 0.084375
4 0.31328125 0.9484375 0.0390625 0.0609375
1 0.56484375 0.42578125 0.034375 0.03125
2 0.40859375 0.015625 0.0515625 0.03125
2 0.72578125 0.75703125 0.1203125 0.1796875
4 0.47109375 0.61640625 0.0390625 0.0390625