0 0.528125 0.33515625 0.0328125 0.034375
4 0.5765625 0.24140625 0.028125 0.046875
4 0.61015625 0.24453125 0.025 0.03125
4 0.65625 0.3453125 0.040625 0.0375
2 0.67890625 0.54140625 0.021875 0.0296875
3 0.56015625 0.5609375 0.0515625 0.040625
4 0.5015625 0.42890625 0.04375 0.0453125
3 0.565625 0.428125 0.0234375 0.03125
3 0.5 0.34921875 0.0703125 0.0703125
3 0.29609375 0.60546875 0.0328125 0.0390625
3 0.49765625 0.67421875 0.0328125 0.040625
1 0.38515625 0.4875 0.078125 0.0546875
1 0.459375 0.3609375 0.0546875 0.05625
1 0.3953125 0.34921875 0.046875 0.0515625
1 0.4203125 0.1484375 0.0359375 0.0421875
3 0.4953125 0.4953125 0.040625 0.0421875
2 0.48125 0.6265625 0.06875 0.0546875
0 0.553125 0.8328125 0.0234375 0.0203125