0 0.540625 0.20078125 0.015625 0.0078125
1 0.51796875 0.184375 0.0359375 0.0171875
4 0.45234375 0.259375 0.009375 0.0109375
1 0.41875 0.46640625 0.0484375 0.04375
1 0.43515625 0.74921875 0.0546875 0.046875
0 0.359375 0.84296875 0.05 0.0546875
0 0.53125 0.84609375 0.0328125 0.053125
2 0.56328125 0.8484375 0.0484375 0.0828125
4 0.81015625 0.7671875 0.0203125 0.0390625
4 0.7453125 0.71015625 0.034375 0.021875
0 0.603125 0.6421875 0.0265625 0.040625
4 0.78828125 0.8578125 0.040625 0.0390625
2 0.2984375 0.8203125 0.0578125 0.0515625
4 0.23828125 0.7515625 0.0515625 0.0453125
0 0.26328125 0.7625 0.0375 0.046875