4 0.775 0.91015625 0.0140625 0.0140625
4 0.7984375 0.85625 0.0078125 0.0109375
4 0.64921875 0.80859375 0.015625 0.015625
0 0.61875 0.73671875 0.01875 0.0125
0 0.6609375 0.709375 0.0140625 0.0140625
1 0.7875 0.66953125 0.0109375 0.025
4 0.6171875 0.76640625 0.0125 0.0140625
4 0.2421875 0.74609375 0.025 0.0203125
0 0.41015625 0.64453125 0.025 0.01875
1 0.4390625 0.44921875 0.0484375 0.059375
0 0.12421875 0.3375 0.0421875 0.04375
4 0.11015625 0.34609375 0.021875 0.0359375
4 0.02734375 0.24921875 0.0546875 0.0546875
0 0.05546875 0.21875 0.05625 0.04375
0 0.00703125 0.32109375 0.0140625 0.0390625
2 0.0140625 0.421875 0.028125 0.071875
1 0.2046875 0.53359375 0.040625 0.0484375
4 0.63046875 0.39609375 0.0171875 0.015625
0 0.74765625 0.56953125 0.0140625 0.009375