2 0.3921875 0.03984375 0.071875 0.0796875
2 0.5421875 0.22734375 0.1578125 0.171875
2 0.684375 0.09765625 0.053125 0.1109375
2 0.6609375 0.26875 0.0328125 0.053125
2 0.3546875 0.2375 0.2203125 0.1515625
4 0.34453125 0.30390625 0.1109375 0.08125
2 0.14765625 0.2359375 0.0875 0.090625
4 0.09140625 0.1421875 0.103125 0.05
2 0.5046875 0.259375 0.0953125 0.0765625
2 0.6109375 0.1765625 0.0421875 0.0484375
2 0.8078125 0.4109375 0.059375 0.0828125
2 0.82421875 0.7671875 0.10625 0.1609375
2 0.67421875 0.9890625 0.1046875 0.021875