2 0.10234375 0.72265625 0.1578125 0.1609375
2 0.36171875 0.6734375 0.125 0.13125
2 0.23203125 0.83984375 0.0859375 0.0421875
2 0.303125 0.7953125 0.09375 0.1140625
2 0.575 0.9625 0.084375 0.075
2 0.2828125 0.4234375 0.05 0.0421875
2 0.23203125 0.53828125 0.075 0.0546875
2 0.35546875 0.58671875 0.121875 0.09375
2 0.14921875 0.46484375 0.090625 0.075
2 0.24453125 0.7125 0.153125 0.153125
2 0.13125 0.86171875 0.146875 0.084375
4 0.14921875 0.8171875 0.0390625 0.03125
4 0.1015625 0.94921875 0.0609375 0.0859375
4 0.41875 0.51796875 0.0625 0.04375
4 0.37890625 0.47890625 0.03125 0.0359375
4 0.6671875 0.96328125 0.0796875 0.0390625
2 0.66875 0.60234375 0.06875 0.0625
2 0.128125 0.634375 0.040625 0.028125
2 0.41796875 0.375 0.05 0.028125
2 0.65390625 0.38203125 0.1015625 0.065625
2 0.33828125 0.52109375 0.0890625 0.053125
2 0.49453125 0.54921875 0.03125 0.0234375
2 0.3328125 0.421875 0.0296875 0.0203125
2 0.5984375 0.475 0.15625 0.10625
2 0.48515625 0.5296875 0.1171875 0.0875
2 0.43046875 0.46875 0.1 0.084375
2 0.2875 0.4890625 0.0671875 0.0609375
2 0.35234375 0.48046875 0.0453125 0.0328125
2 0.06875 0.603125 0.13125 0.1203125
4 0.10546875 0.99375 0.0359375 0.0125