4 0.5375 0.57578125 0.046875 0.0390625
4 0.596875 0.6 0.03125 0.0265625
4 0.66640625 0.79765625 0.0375 0.0203125
4 0.428125 0.73828125 0.0375 0.028125
4 0.59375 0.709375 0.03125 0.0265625
4 0.61328125 0.33359375 0.015625 0.0140625
1 0.08125 0.12734375 0.0140625 0.0109375
1 0.075 0.225 0.0234375 0.01875
0 0.34453125 0.2265625 0.0125 0.0109375
4 0.97890625 0.55078125 0.0203125 0.01875
0 0.55390625 0.540625 0.025 0.025
2 0.64921875 0.51171875 0.03125 0.0234375
0 0.69609375 0.74453125 0.0296875 0.0375