0 0.44375 0.3375 0.0328125 0.0203125
0 0.55703125 0.503125 0.0375 0.0328125
0 0.54296875 0.52578125 0.0296875 0.021875
0 0.49609375 0.54921875 0.0359375 0.0328125
0 0.4734375 0.5640625 0.0296875 0.021875
0 0.49140625 0.57734375 0.0359375 0.0203125
0 0.32421875 0.4328125 0.0140625 0.0203125
4 0.3546875 0.4625 0.0203125 0.01875
4 0.34921875 0.48515625 0.0390625 0.0296875
4 0.4515625 0.47890625 0.0296875 0.034375
4 0.45546875 0.51484375 0.0296875 0.0453125
4 0.4828125 0.52578125 0.034375 0.021875
4 0.5296875 0.53671875 0.0265625 0.015625
4 0.65234375 0.51171875 0.0546875 0.0421875
4 0.6890625 0.5234375 0.06875 0.05
4 0.640625 0.4234375 0.059375 0.0328125
4 0.37578125 0.35 0.025 0.025
4 0.47890625 0.3640625 0.0375 0.0296875
4 0.53046875 0.33046875 0.04375 0.025
4 0.796875 0.43671875 0.0390625 0.0421875
1 0.384375 0.2109375 0.0390625 0.075
1 0.20546875 0.85234375 0.01875 0.025
1 0.38515625 0.5921875 0.040625 0.0359375
1 0.35234375 0.5125 0.034375 0.0390625
2 0.4390625 0.52890625 0.046875 0.0328125
0 0.3453125 0.6328125 0.0234375 0.01875
0 0.39375 0.77109375 0.0265625 0.01875
0 0.4421875 0.7390625 0.021875 0.025
0 0.39765625 0.8796875 0.0265625 0.01875
0 0.3796875 0.89609375 0.025 0.021875
4 0.3140625 0.68203125 0.025 0.0203125
4 0.32421875 0.73046875 0.0234375 0.0171875
0 0.5 0.60078125 0.0296875 0.0203125