2 0.8046875 0.075 0.0703125 0.0546875
2 0.92265625 0.35390625 0.1359375 0.1109375
2 0.6453125 0.503125 0.0921875 0.08125
2 0.946875 0.86328125 0.1046875 0.03125
2 0.559375 0.79296875 0.078125 0.0453125
2 0.49453125 0.65234375 0.065625 0.06875
2 0.43515625 0.6890625 0.078125 0.1078125
2 0.528125 0.39375 0.103125 0.09375
2 0.43125 0.353125 0.1734375 0.121875
2 0.2015625 0.33203125 0.0890625 0.1
2 0.3171875 0.4796875 0.275 0.125
2 0.26328125 0.6328125 0.196875 0.2046875
4 0.10390625 0.571875 0.1984375 0.2203125
4 0.16875 0.978125 0.125 0.04375
2 0.9171875 0.91640625 0.05 0.053125