0 0.66171875 0.33515625 0.015625 0.0171875
0 0.665625 0.35703125 0.0140625 0.021875
0 0.5890625 0.3859375 0.0171875 0.0265625
0 0.578125 0.4515625 0.0203125 0.0234375
0 0.45078125 0.4 0.0140625 0.0234375
0 0.48203125 0.371875 0.01875 0.0171875
1 0.4578125 0.465625 0.0328125 0.0328125
4 0.51328125 0.35625 0.0203125 0.0171875
2 0.41328125 0.52421875 0.028125 0.0453125
0 0.434375 0.5546875 0.0234375 0.03125
0 0.47734375 0.540625 0.0171875 0.034375
0 0.496875 0.55234375 0.0203125 0.0359375
0 0.434375 0.6 0.021875 0.0390625
0 0.44375 0.66328125 0.0203125 0.0234375
0 0.40234375 0.69453125 0.0265625 0.0453125
4 0.4546875 0.62890625 0.0171875 0.0265625
4 0.4 0.5859375 0.0421875 0.0296875
4 0.37890625 0.565625 0.0453125 0.0140625
4 0.32109375 0.57890625 0.0171875 0.034375
4 0.309375 0.48515625 0.0265625 0.0359375
4 0.284375 0.503125 0.0171875 0.021875
1 0.33203125 0.46875 0.0375 0.034375
0 0.2296875 0.471875 0.0140625 0.0203125
4 0.20546875 0.584375 0.0296875 0.028125
4 0.2875 0.6640625 0.0265625 0.0296875
0 0.2 0.69453125 0.0265625 0.04375
2 0.17109375 0.7 0.05625 0.05625
1 0.021875 0.69453125 0.028125 0.0625
4 0.40390625 0.821875 0.04375 0.071875
4 0.32109375 0.86015625 0.0390625 0.078125
4 0.42421875 0.88984375 0.046875 0.0796875
4 0.190625 0.8140625 0.0265625 0.0296875
1 0.38671875 0.8765625 0.053125 0.059375