1 0.440625 0.2109375 0.0453125 0.078125
1 0.378125 0.53203125 0.0515625 0.04375
1 0.421875 0.6203125 0.034375 0.0328125
1 0.19453125 0.85625 0.0171875 0.0234375
1 0.309375 0.70078125 0.025 0.0140625
0 0.50078125 0.346875 0.0375 0.0234375
0 0.52734375 0.5578125 0.0359375 0.0296875
0 0.51796875 0.584375 0.0390625 0.01875
0 0.50078125 0.58046875 0.0203125 0.0328125
0 0.53046875 0.61953125 0.0328125 0.0359375
0 0.44921875 0.76953125 0.0203125 0.025
0 0.38359375 0.80078125 0.0265625 0.01875
0 0.3421875 0.65703125 0.0296875 0.0171875
0 0.5640625 0.5078125 0.0203125 0.0265625
0 0.59140625 0.52578125 0.0328125 0.0328125
0 0.3625 0.44609375 0.025 0.0171875
4 0.43203125 0.346875 0.0328125 0.0265625
4 0.57265625 0.340625 0.0328125 0.0203125
4 0.38359375 0.4953125 0.0359375 0.0265625
4 0.3203125 0.76171875 0.021875 0.0140625
2 0.47265625 0.34453125 0.028125 0.0390625
4 0.65234375 0.43828125 0.0578125 0.0265625
4 0.75390625 0.44921875 0.04375 0.040625
4 0.6859375 0.55 0.053125 0.0453125
4 0.521875 0.5171875 0.0390625 0.03125
4 0.4890625 0.5234375 0.03125 0.04375
4 0.54609375 0.496875 0.0203125 0.0171875
0 0.4 0.9171875 0.0265625 0.0203125
2 0.4625 0.546875 0.0375 0.040625