0 0.53203125 0.2203125 0.025 0.0421875
0 0.4734375 0.5171875 0.04375 0.0640625
0 0.3265625 0.559375 0.0453125 0.0796875
0 0.24921875 0.43828125 0.0328125 0.053125
1 0.4390625 0.4 0.0578125 0.0640625
1 0.21875 0.04765625 0.05 0.0265625
4 0.196875 0.440625 0.0515625 0.040625
4 0.278125 0.96796875 0.06875 0.0640625
4 0.6578125 0.26640625 0.0375 0.0484375
4 0.71796875 0.3046875 0.0265625 0.03125
4 0.7015625 0.4734375 0.0359375 0.071875
2 0.52890625 0.4078125 0.034375 0.0609375
4 0.9859375 0.85546875 0.028125 0.0890625
2 0.26015625 0.50234375 0.071875 0.059375
0 0.52109375 0.7421875 0.05 0.0671875