4 0.60703125 0.2703125 0.0421875 0.04375
4 0.4859375 0.50234375 0.0375 0.0390625
4 0.49765625 0.484375 0.053125 0.04375
0 0.5125 0.4734375 0.0453125 0.0359375
0 0.521875 0.18359375 0.0328125 0.0328125
0 0.29375 0.26171875 0.04375 0.0390625
2 0.53125 0.14375 0.0578125 0.053125
4 0.4 0.47421875 0.0390625 0.0484375
2 0.321875 0.60390625 0.08125 0.0703125
0 0.42265625 0.53046875 0.0375 0.03125
0 0.53203125 0.57421875 0.0453125 0.034375
4 0.5015625 0.59296875 0.0328125 0.028125
1 0.5046875 0.8125 0.04375 0.053125
4 0.40390625 0.95078125 0.0328125 0.0328125
0 0.5859375 0.99296875 0.03125 0.0140625
1 0.709375 0.8328125 0.0421875 0.071875