2 0.64375 0.275 0.10625 0.071875
2 0.52734375 0.4296875 0.0765625 0.0625
2 0.67421875 0.4109375 0.140625 0.1171875
2 0.63125 0.41015625 0.1203125 0.1171875
2 0.56875 0.4484375 0.046875 0.0515625
2 0.52578125 0.65390625 0.08125 0.0640625
2 0.60625 0.634375 0.0734375 0.071875
2 0.83984375 0.84140625 0.0609375 0.075
1 0.28125 0.828125 0.0921875 0.0984375
2 0.178125 0.79921875 0.1015625 0.075
2 0.28828125 0.8953125 0.2265625 0.1328125
2 0.17734375 0.9515625 0.0609375 0.05
2 0.20390625 0.9796875 0.0703125 0.040625
2 0.4296875 0.97578125 0.128125 0.0484375
2 0.38203125 0.98203125 0.0453125 0.0359375
2 0.33984375 0.93125 0.1109375 0.0859375
2 0.39921875 0.778125 0.1015625 0.06875
2 0.971875 0.409375 0.053125 0.0671875
2 0.91796875 0.14765625 0.025 0.0328125
4 0.96171875 0.69375 0.0734375 0.1015625
2 0.76640625 0.66484375 0.1046875 0.1015625
2 0.9375 0.40703125 0.053125 0.0828125
4 0.89609375 0.4609375 0.025 0.0203125