2 0.684375 0.865625 0.134375 0.234375
2 0.61875 0.73359375 0.0703125 0.10625
2 0.56171875 0.784375 0.1140625 0.1578125
2 0.49609375 0.9234375 0.2171875 0.153125
2 0.4890625 0.75234375 0.0953125 0.159375
2 0.40625 0.7078125 0.078125 0.121875
2 0.12421875 0.7953125 0.215625 0.1984375
1 0.14765625 0.81640625 0.1625 0.13125
2 0.22890625 0.70390625 0.078125 0.08125
2 0.22109375 0.61484375 0.109375 0.071875
4 0.090625 0.59296875 0.18125 0.2046875
2 0.2375 0.51640625 0.0421875 0.0421875
2 0.43046875 0.5890625 0.0953125 0.0734375
2 0.3578125 0.36953125 0.0734375 0.0734375
2 0.2140625 0.31875 0.1046875 0.10625
2 0.17421875 0.17578125 0.23125 0.178125
4 0.27265625 0.41875 0.075 0.0859375
2 0.41953125 0.4109375 0.01875 0.0265625
4 0.18046875 0.565625 0.01875 0.0171875
2 0.9359375 0.1265625 0.0515625 0.0875
2 0.9734375 0.32578125 0.01875 0.0328125
2 0.83046875 0.8 0.0171875 0.0265625
2 0.86484375 0.85859375 0.03125 0.0421875
2 0.7234375 0.9984375 0.034375 0.003125