4 0.196875 0.61171875 0.2328125 0.2921875
2 0.2171875 0.8515625 0.0859375 0.0984375
2 0.303125 0.78203125 0.0359375 0.0390625
2 0.5171875 0.78828125 0.0578125 0.0421875
2 0.19453125 0.384375 0.1125 0.08125
2 0.271875 0.44609375 0.115625 0.0640625
2 0.32421875 0.46875 0.1109375 0.0890625
4 0.03984375 0.86953125 0.0328125 0.0296875
4 0.10234375 0.24140625 0.0546875 0.059375
4 0.0390625 0.8296875 0.0625 0.0703125
4 0.0484375 0.9078125 0.096875 0.065625
4 0.259375 0.94140625 0.0546875 0.03125
2 0.06640625 0.23515625 0.075 0.0984375