1 0.390625 0.0390625 0.0546875 0.0671875
1 0.5875 0.3296875 0.040625 0.034375
1 0.596875 0.4515625 0.03125 0.03125
1 0.2296875 0.39609375 0.0484375 0.0515625
4 0.48125 0.3890625 0.025 0.0375
4 0.49375 0.3671875 0.0125 0.0375
4 0.26484375 0.39609375 0.059375 0.0421875
4 0.2046875 0.4140625 0.059375 0.0328125
4 0.2328125 0.31953125 0.059375 0.0328125
4 0.4875 0.3140625 0.0328125 0.015625
4 0.4875 0.22109375 0.0234375 0.025
4 0.29609375 0.20078125 0.0296875 0.0265625
4 0.43828125 0.28984375 0.03125 0.028125
4 0.5484375 0.28984375 0.01875 0.0140625
4 0.56640625 0.3140625 0.0328125 0.025
4 0.69921875 0.49609375 0.015625 0.0171875
4 0.6828125 0.46875 0.015625 0.015625
1 0.83359375 0.56171875 0.0109375 0.015625
0 0.71875 0.62890625 0.0203125 0.0140625
0 0.69609375 0.634375 0.015625 0.0109375
0 0.67734375 0.56484375 0.0234375 0.0140625
0 0.61171875 0.55703125 0.0234375 0.01875
0 0.6609375 0.4421875 0.0171875 0.0140625
0 0.51796875 0.4671875 0.0265625 0.0140625
0 0.51015625 0.4828125 0.028125 0.0171875
0 0.50703125 0.421875 0.0265625 0.0171875
0 0.47265625 0.42109375 0.0359375 0.01875
0 0.38046875 0.39140625 0.0390625 0.025
0 0.4125 0.43203125 0.0265625 0.0203125
0 0.60078125 0.23671875 0.01875 0.0109375
0 0.4046875 0.2109375 0.0375 0.028125
4 0.44921875 0.440625 0.0265625 0.0171875
2 0.53203125 0.40859375 0.04375 0.03125
2 0.3953125 0.184375 0.046875 0.046875
4 0.06640625 0.40703125 0.04375 0.040625