2 0.815625 0.3 0.353125 0.315625
2 0.5796875 0.2375 0.209375 0.2421875
2 0.6203125 0.00546875 0.109375 0.0109375
2 0.7171875 0.03125 0.08125 0.0625
2 0.640625 0.4859375 0.1421875 0.14375
2 0.56953125 0.3859375 0.0953125 0.078125
2 0.8765625 0.2109375 0.059375 0.0328125
2 0.94921875 0.2328125 0.04375 0.0703125
2 0.690625 0.559375 0.065625 0.0828125
2 0.66171875 0.71328125 0.0625 0.08125
1 0.92890625 0.73046875 0.1421875 0.1265625
2 0.92578125 0.6984375 0.1484375 0.2
2 0.79765625 0.675 0.0921875 0.071875
2 0.77421875 0.71953125 0.10625 0.0640625
2 0.73515625 0.82578125 0.0359375 0.0296875
4 0.91015625 0.8078125 0.1796875 0.171875
2 0.18046875 0.64375 0.0484375 0.0578125
2 0.19296875 0.48359375 0.01875 0.0265625
2 0.31640625 0.8765625 0.028125 0.0328125
2 0.371875 0.13046875 0.028125 0.034375
4 0.3875 0.01796875 0.046875 0.0203125
2 0.67734375 0.909375 0.0390625 0.06875
4 0.7203125 0.89375 0.0671875 0.0859375