4 0.6 0.83515625 0.0421875 0.040625
4 0.62421875 0.5328125 0.03125 0.028125
4 0.6640625 0.58671875 0.0234375 0.0421875
4 0.628125 0.39609375 0.025 0.025
4 0.51953125 0.38046875 0.015625 0.0203125
4 0.5 0.3734375 0.0328125 0.0359375
4 0.58984375 0.6859375 0.03125 0.053125
4 0.50078125 0.6890625 0.0453125 0.0484375
4 0.49375 0.72265625 0.046875 0.0640625
4 0.47578125 0.534375 0.0234375 0.025
4 0.46484375 0.478125 0.021875 0.0453125
4 0.46875 0.45 0.0453125 0.0203125
4 0.50078125 0.45625 0.021875 0.04375
1 0.471875 0.37734375 0.0390625 0.040625
1 0.4015625 0.4171875 0.0328125 0.03125
2 0.4578125 0.43515625 0.0390625 0.0359375
0 0.4421875 0.4875 0.03125 0.034375
0 0.415625 0.47421875 0.0203125 0.0390625
0 0.39375 0.48046875 0.0296875 0.0375
0 0.4234375 0.46171875 0.0234375 0.0296875
0 0.35625 0.35 0.01875 0.025
0 0.54765625 0.35546875 0.0203125 0.01875
0 0.49453125 0.5875 0.03125 0.03125
0 0.47578125 0.56015625 0.021875 0.034375
0 0.2640625 0.45390625 0.0234375 0.0234375
0 0.2296875 0.390625 0.0203125 0.0328125
0 0.12890625 0.4109375 0.01875 0.0265625
0 0.1109375 0.3953125 0.021875 0.0234375
4 0.26328125 0.3375 0.015625 0.0203125
4 0.3109375 0.32578125 0.01875 0.021875
1 0.15859375 0.246875 0.0234375 0.015625
1 0.7640625 0.41875 0.078125 0.0546875
2 0.64375 0.4609375 0.0375 0.0390625
0 0.64453125 0.4859375 0.0234375 0.0375