2 0.59609375 0.68828125 0.3109375 0.253125
2 0.36953125 0.9140625 0.071875 0.084375
2 0.2375 0.95390625 0.059375 0.0921875
2 0.3125 0.7 0.1359375 0.2
2 0.490625 0.4890625 0.090625 0.11875
2 0.465625 0.57265625 0.121875 0.078125
2 0.37890625 0.56875 0.059375 0.0703125
2 0.8078125 0.846875 0.325 0.2421875
2 0.58125 0.7671875 0.04375 0.03125
2 0.56796875 0.42109375 0.06875 0.09375
2 0.59375 0.29453125 0.0734375 0.0609375
2 0.7015625 0.30859375 0.096875 0.0296875
2 0.71015625 0.353125 0.0828125 0.046875
2 0.86328125 0.36015625 0.203125 0.125
2 0.6921875 0.12734375 0.0625 0.05625
2 0.7140625 0.2078125 0.034375 0.0234375
2 0.825 0.05078125 0.09375 0.053125
2 0.76015625 0.05859375 0.0296875 0.0296875
2 0.80546875 0.0078125 0.0734375 0.015625
4 0.8453125 0.2359375 0.165625 0.1140625
1 0.8515625 0.3328125 0.15 0.071875
2 0.12109375 0.2734375 0.04375 0.053125
4 0.0734375 0.4171875 0.01875 0.01875
2 0.0921875 0.7578125 0.021875 0.025