2 0.72421875 0.603125 0.2453125 0.2109375
2 0.8265625 0.6296875 0.04375 0.028125
2 0.78515625 0.5796875 0.103125 0.084375
2 0.84609375 0.5421875 0.0546875 0.0328125
2 0.965625 0.5140625 0.05625 0.0453125
2 0.7734375 0.9078125 0.11875 0.115625
2 0.559375 0.73203125 0.1640625 0.121875
2 0.32265625 0.97890625 0.1046875 0.0421875
2 0.4359375 0.64921875 0.125 0.1265625
2 0.559375 0.61171875 0.10625 0.096875
2 0.140625 0.71484375 0.0734375 0.0609375
2 0.07578125 0.50078125 0.103125 0.0546875
4 0.36640625 0.478125 0.0296875 0.034375
4 0.33984375 0.528125 0.065625 0.05625
2 0.9578125 0.75234375 0.0734375 0.0578125
2 0.9109375 0.84375 0.1265625 0.109375
2 0.7015625 0.73671875 0.1453125 0.075
2 0.8171875 0.70625 0.1171875 0.0765625
2 0.934375 0.49609375 0.065625 0.053125
2 0.98984375 0.4984375 0.0203125 0.0375
2 0.54296875 0.37890625 0.121875 0.084375
2 0.8671875 0.428125 0.13125 0.096875
2 0.96328125 0.57109375 0.0734375 0.0421875
2 0.4984375 0.47421875 0.1 0.05625
2 0.75390625 0.80078125 0.0640625 0.0859375
2 0.41484375 0.5609375 0.1171875 0.1078125
2 0.44140625 0.3828125 0.05 0.05
2 0.3 0.4 0.05 0.0265625
2 0.48046875 0.43046875 0.0640625 0.0390625
2 0.67890625 0.48203125 0.1265625 0.09375
2 0.65078125 0.38046875 0.109375 0.0796875
2 0.28125 0.58515625 0.0328125 0.0265625
2 0.39296875 0.4078125 0.0296875 0.0203125
2 0.2890625 0.58203125 0.121875 0.11875
2 0.16953125 0.5625 0.1640625 0.11875
2 0.31875 0.48671875 0.0921875 0.078125