2 0.290625 0.909375 0.05 0.0421875
0 0.2828125 0.878125 0.0453125 0.0359375
0 0.15859375 0.69609375 0.053125 0.0359375
0 0.39140625 0.55390625 0.0421875 0.0359375
4 0.40703125 0.77578125 0.0703125 0.053125
0 0.484375 0.55546875 0.0484375 0.0359375
4 0.39375 0.4984375 0.05 0.0625
4 0.425 0.50546875 0.05 0.0390625
4 0.29453125 0.4578125 0.053125 0.04375
0 0.32890625 0.46328125 0.0421875 0.046875
2 0.30078125 0.359375 0.090625 0.0796875
4 0.47578125 0.40078125 0.0390625 0.03125
1 0.7484375 0.309375 0.04375 0.0671875
4 0.1859375 0.14609375 0.05625 0.034375
1 0.56171875 0.22421875 0.0453125 0.0515625
1 0.68046875 0.15859375 0.0375 0.021875
4 0.94609375 0.309375 0.0171875 0.015625