2 0.875 0.3375 0.2375 0.240625
2 0.91875 0.49375 0.1625 0.165625
2 0.9796875 0.63515625 0.040625 0.2015625
2 0.5484375 0.2296875 0.06875 0.059375
2 0.47734375 0.18125 0.071875 0.090625
0 0.25078125 0.40078125 0.01875 0.0203125
3 0.29921875 0.496875 0.0375 0.0734375
2 0.8015625 0.16171875 0.096875 0.109375
4 0.7 0.29453125 0.0328125 0.046875
4 0.53046875 0.40078125 0.0625 0.115625
4 0.48828125 0.31796875 0.0515625 0.06875
4 0.5359375 0.6828125 0.040625 0.071875
4 0.4953125 0.875 0.04375 0.0859375
1 0.45546875 0.92109375 0.053125 0.0671875
1 0.60546875 0.93125 0.0796875 0.121875
2 0.63671875 0.07890625 0.0734375 0.0984375
2 0.64921875 0.3921875 0.0828125 0.065625
2 0.76796875 0.3078125 0.05 0.109375
2 0.78671875 0.2359375 0.0359375 0.0453125
2 0.55390625 0.58984375 0.065625 0.11875
2 0.6828125 0.44765625 0.0453125 0.0828125
2 0.2234375 0.5125 0.0203125 0.0265625
2 0.1984375 0.2953125 0.0234375 0.059375
2 0.2015625 0.3859375 0.01875 0.0375
2 0.23046875 0.41796875 0.025 0.0453125
2 0.68984375 0.1609375 0.0625 0.0734375
2 0.47578125 0.00546875 0.0390625 0.0109375
2 0.546875 0.3015625 0.084375 0.075
2 0.70859375 0.4109375 0.0515625 0.071875