0 0.29921875 0.3265625 0.0578125 0.03125
0 0.31328125 0.46328125 0.0359375 0.0453125
0 0.325 0.49453125 0.0484375 0.05625
0 0.45625 0.5390625 0.0265625 0.0390625
0 0.5125 0.48046875 0.0265625 0.0328125
0 0.25234375 0.7859375 0.0703125 0.040625
1 0.51015625 0.6578125 0.040625 0.0546875
1 0.57109375 0.82421875 0.0484375 0.06875
1 0.5390625 0.4484375 0.0625 0.084375
1 0.51953125 0.165625 0.04375 0.053125
4 0.56328125 0.35 0.034375 0.0265625
4 0.41171875 0.4109375 0.0390625 0.034375
4 0.2640625 0.5171875 0.0796875 0.0640625
2 0.5453125 0.50859375 0.053125 0.040625