4 0.64765625 0.21875 0.096875 0.0859375
4 0.58515625 0.2921875 0.071875 0.0640625
2 0.3359375 0.55078125 0.053125 0.075
2 0.628125 0.48046875 0.084375 0.0640625
2 0.59765625 0.3921875 0.0890625 0.0796875
2 0.77109375 0.40234375 0.0921875 0.071875
2 0.6890625 0.46484375 0.0859375 0.0765625
2 0.8953125 0.27734375 0.0703125 0.065625
2 0.8359375 0.28359375 0.0625 0.0421875
1 0.190625 0.2328125 0.0640625 0.0546875
4 0.228125 0.13203125 0.0640625 0.040625
2 0.6421875 0.79609375 0.0609375 0.0453125
2 0.58828125 0.55625 0.05 0.046875
4 0.3 0.76796875 0.225 0.171875
4 0.95234375 0.40546875 0.09375 0.1234375
4 0.4359375 0.61015625 0.05 0.0546875