2 0.2265625 0.809375 0.1828125 0.1984375
2 0.11171875 0.72890625 0.2 0.259375
2 0.28359375 0.66484375 0.08125 0.059375
2 0.2171875 0.66328125 0.1140625 0.084375
2 0.2265625 0.5828125 0.1203125 0.13125
2 0.20546875 0.4890625 0.0765625 0.0765625
1 0.053125 0.33828125 0.10625 0.1078125
2 0.05703125 0.35546875 0.1140625 0.1640625
2 0.13671875 0.38046875 0.071875 0.0671875
2 0.25625 0.40625 0.0640625 0.06875
2 0.3 0.25078125 0.0375 0.053125
2 0.2234375 0.27734375 0.0296875 0.0234375
4 0.271875 0.24140625 0.046875 0.0578125
4 0.084375 0.275 0.134375 0.1421875
2 0.26171875 0.165625 0.0828125 0.0734375
2 0.28515625 0.08984375 0.084375 0.1390625
2 0.071875 0.971875 0.04375 0.05625
2 0.38046875 0.90625 0.025 0.03125
2 0.6296875 0.50546875 0.040625 0.046875
2 0.6015625 0.63203125 0.0171875 0.0171875
2 0.578125 0.3125 0.021875 0.0265625