2 0.36875 0.0359375 0.15625 0.071875
2 0.528125 0.44765625 0.1109375 0.2671875
2 0.31796875 0.66484375 0.075 0.1109375
2 0.2390625 0.5421875 0.0796875 0.09375
2 0.31875 0.50859375 0.03125 0.0296875
2 0.35546875 0.478125 0.115625 0.140625
2 0.30234375 0.415625 0.0734375 0.1015625
2 0.05 0.7203125 0.1 0.234375
2 0.14140625 0.59375 0.1828125 0.26875
2 0.0421875 0.5515625 0.084375 0.146875
2 0.16875 0.70625 0.078125 0.08125
2 0.3671875 0.70390625 0.06875 0.034375
2 0.45234375 0.71640625 0.1046875 0.15625
2 0.24609375 0.95078125 0.040625 0.025
2 0.22578125 0.303125 0.0703125 0.0890625
2 0.13828125 0.37578125 0.053125 0.0671875
2 0.228125 0.459375 0.03125 0.0328125
2 0.3203125 0.25 0.1015625 0.1125
1 0.36796875 0.2828125 0.0328125 0.046875
2 0.3375 0.325 0.04375 0.040625
4 0.38203125 0.1 0.1078125 0.1296875
2 0.47265625 0.1484375 0.09375 0.1515625
2 0.4609375 0.01640625 0.034375 0.0328125
2 0.240625 0.40859375 0.0390625 0.034375