2 0.1921875 0.09921875 0.0546875 0.04375
2 0.09296875 0.76640625 0.1203125 0.1671875
2 0.18359375 0.73125 0.071875 0.1
2 0.06015625 0.1390625 0.0375 0.071875
2 0.46171875 0.31875 0.053125 0.06875
4 0.734375 0.04375 0.0234375 0.0328125
4 0.63515625 0.5296875 0.0265625 0.05625
2 0.5984375 0.43203125 0.0578125 0.0890625
2 0.67265625 0.19765625 0.0375 0.0765625
2 0.64921875 0.20546875 0.096875 0.1796875
2 0.69140625 0.15859375 0.028125 0.040625
2 0.740625 0.19375 0.0453125 0.0828125
2 0.7359375 0.46953125 0.040625 0.078125