2 0.54921875 0.2546875 0.18125 0.2125
2 0.7515625 0.08671875 0.0625 0.0859375
2 0.6640625 0.021875 0.1375 0.04375
2 0.76015625 0.38828125 0.328125 0.265625
2 0.95234375 0.346875 0.0953125 0.159375
2 0.546875 0.528125 0.1125 0.125
2 0.56953125 0.43203125 0.121875 0.1015625
2 0.48671875 0.41015625 0.0921875 0.06875
2 0.50546875 0.72578125 0.05625 0.08125
2 0.57421875 0.628125 0.071875 0.078125
2 0.6203125 0.78359375 0.11875 0.1125
2 0.77109375 0.82265625 0.175 0.1828125
1 0.75390625 0.84140625 0.146875 0.109375
2 0.453125 0.9109375 0.0296875 0.0609375
2 0.5015625 0.98984375 0.096875 0.0203125
4 0.70703125 0.9171875 0.128125 0.1484375
2 0.5390625 0.88203125 0.0296875 0.025
2 0.36640625 0.09921875 0.0234375 0.03125
2 0.059375 0.5359375 0.040625 0.05
2 0.1015625 0.38671875 0.01875 0.021875
2 0.12265625 0.78515625 0.021875 0.0296875
4 0.4890625 0.91953125 0.053125 0.075