2 0.38671875 0.82265625 0.1109375 0.1234375
2 0.51015625 0.8828125 0.103125 0.0921875
2 0.571875 0.9578125 0.0453125 0.0765625
2 0.62578125 0.65703125 0.0921875 0.125
2 0.353125 0.5546875 0.0609375 0.06875
2 0.13984375 0.52265625 0.05 0.1
2 0.3125 0.84765625 0.075 0.08125
4 0.26171875 0.78359375 0.0515625 0.06875
2 0.27578125 0.9546875 0.0546875 0.08125
2 0.171875 0.909375 0.03125 0.0453125
2 0.17421875 0.8578125 0.0234375 0.0265625
4 0.2171875 0.80546875 0.0296875 0.0265625
2 0.1234375 0.73828125 0.034375 0.0390625
2 0.46171875 0.9609375 0.025 0.0578125
4 0.5359375 0.9875 0.0296875 0.0234375
4 0.7453125 0.6625 0.0796875 0.0984375
2 0.190625 0.975 0.075 0.05
2 0.23046875 0.91484375 0.05 0.1046875
2 0.2625 0.828125 0.0421875 0.0515625
2 0.2671875 0.7234375 0.0734375 0.1078125
2 0.28515625 0.72109375 0.0265625 0.0328125
4 0.0953125 0.87109375 0.0171875 0.0328125
2 0.24140625 0.60546875 0.078125 0.146875
2 0.39453125 0.92890625 0.084375 0.0953125