4 0.259375 0.26328125 0.065625 0.0578125
2 0.096875 0.4375 0.1390625 0.153125
2 0.078125 0.12734375 0.0921875 0.125
2 0.21328125 0.72890625 0.0828125 0.1046875
2 0.128125 0.75234375 0.0453125 0.084375
2 0.23203125 0.6546875 0.071875 0.1140625
2 0.23828125 0.51171875 0.0640625 0.0890625
2 0.2640625 0.5828125 0.075 0.0734375
4 0.290625 0.66328125 0.0265625 0.0796875
1 0.4390625 0.2859375 0.0359375 0.046875
2 0.3859375 0.3203125 0.059375 0.053125
2 0.38359375 0.259375 0.0609375 0.0578125
2 0.2625 0.33046875 0.04375 0.096875
4 0.2203125 0.03046875 0.075 0.0609375
2 0.52578125 0.0125 0.028125 0.025
2 0.34375 0.0828125 0.0875 0.165625
4 0.07890625 0.58046875 0.0703125 0.1125
2 0.13671875 0.60078125 0.0390625 0.053125
2 0.19453125 0.3203125 0.046875 0.034375
2 0.0484375 0.353125 0.034375 0.0421875
2 0.20625 0.13984375 0.1015625 0.1296875
2 0.4421875 0.0140625 0.0625 0.028125
2 0.37109375 0.18046875 0.1140625 0.1265625
2 0.40234375 0.62734375 0.0171875 0.0375
2 0.11796875 0.3265625 0.0765625 0.0609375