0 0.47109375 0.78671875 0.0484375 0.04375
3 0.721875 0.7265625 0.046875 0.0484375
3 0.47265625 0.3890625 0.0703125 0.0484375
3 0.2828125 0.66328125 0.109375 0.0546875
4 0.459375 0.6015625 0.028125 0.040625
2 0.74140625 0.59296875 0.0484375 0.0421875
3 0.6890625 0.61171875 0.0234375 0.0171875
1 0.653125 0.46953125 0.03125 0.03125
3 0.67578125 0.484375 0.04375 0.0515625
1 0.3140625 0.528125 0.075 0.05625
1 0.2484375 0.73359375 0.0578125 0.075
1 0.01875 0.921875 0.0375 0.034375
3 0.60234375 0.8859375 0.0171875 0.0359375