2 0.67890625 0.871875 0.1375 0.2359375
2 0.615625 0.73984375 0.071875 0.1078125
2 0.5578125 0.7890625 0.1171875 0.1609375
2 0.490625 0.92421875 0.21875 0.1515625
2 0.48671875 0.75625 0.0984375 0.159375
2 0.4046875 0.71015625 0.0796875 0.121875
2 0.12265625 0.7921875 0.21875 0.2
1 0.14609375 0.81328125 0.1640625 0.1328125
2 0.22890625 0.703125 0.0765625 0.0828125
2 0.221875 0.61484375 0.1109375 0.0734375
4 0.0921875 0.590625 0.184375 0.20625
2 0.24140625 0.5171875 0.04375 0.04375
2 0.43125 0.5921875 0.0953125 0.075
2 0.36328125 0.37265625 0.075 0.075
2 0.2203125 0.31875 0.10625 0.10625
2 0.18359375 0.1765625 0.2328125 0.18125
4 0.27734375 0.41953125 0.0765625 0.0875
2 0.4234375 0.415625 0.01875 0.0265625
4 0.1828125 0.5640625 0.01875 0.0171875
2 0.94296875 0.13984375 0.053125 0.0890625
2 0.9765625 0.340625 0.01875 0.03125
2 0.82578125 0.80859375 0.0171875 0.0265625
2 0.8578125 0.86796875 0.0328125 0.0421875