4 0.53125 0.06640625 0.04375 0.0359375
4 0.66875 0.1765625 0.0328125 0.0265625
4 0.20703125 0.31953125 0.06875 0.084375
4 0.2984375 0.31953125 0.0609375 0.05
2 0.60234375 0.5 0.0421875 0.0421875
4 0.51015625 0.509375 0.0578125 0.0625
4 0.5453125 0.4515625 0.046875 0.0265625
4 0.37890625 0.5734375 0.05625 0.0265625
2 0.5359375 0.41796875 0.0546875 0.046875
1 0.56796875 0.40390625 0.05 0.05
1 0.63046875 0.3640625 0.0703125 0.059375
1 0.5796875 0.73359375 0.05625 0.078125
0 0.32109375 0.4484375 0.065625 0.04375
0 0.5875 0.2421875 0.040625 0.0171875
0 0.40390625 0.08046875 0.0484375 0.0546875
0 0.4625 0.01171875 0.040625 0.0234375
0 0.4109375 0.2515625 0.0578125 0.028125
0 0.50234375 0.375 0.0359375 0.040625
0 0.26796875 0.35703125 0.0609375 0.0375