3 0.63515625 0.51171875 0.1484375 0.10625
3 0.4484375 0.703125 0.0640625 0.1
2 0.3796875 0.5125 0.046875 0.053125
4 0.5078125 0.615625 0.084375 0.08125
4 0.55234375 0.0671875 0.0875 0.059375
4 0.13671875 0.46328125 0.059375 0.05625
4 0.21953125 0.7515625 0.090625 0.1671875
4 0.48671875 0.37421875 0.10625 0.0875
0 0.5765625 0.409375 0.05 0.0625
2 0.11796875 0.3265625 0.0453125 0.0484375
2 0.246875 0.3453125 0.0765625 0.0890625
2 0.003125 0.1640625 0.00625 0.053125
2 0.4703125 0.8 0.0703125 0.065625