4 0.34765625 0.7609375 0.0265625 0.03125
4 0.22578125 0.79453125 0.0515625 0.0359375
4 0.29765625 0.8265625 0.0328125 0.021875
4 0.31640625 0.21796875 0.034375 0.0515625
4 0.7859375 0.490625 0.0125 0.0109375
1 0.8703125 0.54609375 0.015625 0.034375
0 0.84375 0.5625 0.0109375 0.0171875
0 0.40078125 0.5984375 0.03125 0.025
0 0.2015625 0.52890625 0.0546875 0.03125
2 0.2 0.559375 0.0359375 0.0375
1 0.3078125 0.41875 0.05 0.059375
0 0.2125 0.35078125 0.05625 0.034375
2 0.23984375 0.278125 0.04375 0.0578125
0 0.29765625 0.23671875 0.0484375 0.0453125
1 0.58671875 0.43046875 0.0515625 0.0421875