0 0.75703125 0.16171875 0.015625 0.0171875
4 0.61953125 0.1078125 0.0203125 0.01875
4 0.6609375 0.4828125 0.040625 0.0359375
4 0.59140625 0.58125 0.0390625 0.0578125
4 0.57421875 0.5734375 0.040625 0.05
4 0.63125 0.659375 0.046875 0.0890625
4 0.53984375 0.69453125 0.04375 0.0796875
4 0.3421875 0.62578125 0.0703125 0.078125
4 0.38125 0.51953125 0.0609375 0.0546875
0 0.6359375 0.33046875 0.0328125 0.0375
0 0.60390625 0.29921875 0.0375 0.0296875
0 0.21796875 0.16796875 0.0265625 0.01875
0 0.24453125 0.17265625 0.03125 0.03125
0 0.26015625 0.25390625 0.028125 0.03125
0 0.31796875 0.31484375 0.0203125 0.0328125
0 0.31171875 0.2046875 0.0296875 0.03125
0 0.3640625 0.365625 0.0296875 0.046875
0 0.3421875 0.39765625 0.0390625 0.0390625
4 0.24375 0.0796875 0.0234375 0.021875
1 0.271875 0.175 0.040625 0.0328125
4 0.31640625 0.24375 0.025 0.025
2 0.40625 0.30625 0.040625 0.0546875
0 0.42890625 0.328125 0.0140625 0.0265625
0 0.3140625 0.40078125 0.01875 0.0296875
4 0.4 0.4765625 0.040625 0.04375
4 0.23828125 0.328125 0.0578125 0.046875
4 0.46015625 0.81953125 0.046875 0.0625
1 0.7453125 0.32421875 0.05 0.05
1 0.82578125 0.25859375 0.053125 0.0484375
4 0.7828125 0.35390625 0.0421875 0.0328125
4 0.7484375 0.54609375 0.034375 0.046875