4 0.096875 0.2921875 0.159375 0.14375
4 0.39296875 0.58515625 0.0734375 0.15
4 0.22578125 0.72421875 0.0609375 0.1140625
4 0.46328125 0.53359375 0.053125 0.06875
2 0.484375 0.19375 0.0671875 0.0890625
2 0.4234375 0.41171875 0.071875 0.059375
2 0.296875 0.29375 0.1078125 0.0984375
2 0.47734375 0.46640625 0.05625 0.0625
2 0.7765625 0.55859375 0.0296875 0.040625
2 0.82421875 0.5546875 0.0375 0.06875
2 0.23125 0.5109375 0.1015625 0.1453125
2 0.0421875 0.3109375 0.046875 0.0484375
2 0.13984375 0.40078125 0.11875 0.025
3 0.3515625 0.95625 0.0484375 0.059375
2 0.6390625 0.6859375 0.0328125 0.04375
2 0.75390625 0.46875 0.0453125 0.0828125
4 0.5796875 0.3484375 0.04375 0.0375
4 0.515625 0.26484375 0.0546875 0.0828125
4 0.37109375 0.2625 0.06875 0.0921875
4 0.2609375 0.50234375 0.0609375 0.0734375
4 0.17109375 0.440625 0.040625 0.053125
4 0.21875 0.3890625 0.0578125 0.0625
4 0.29375 0.42109375 0.028125 0.0296875
4 0.22890625 0.04765625 0.1640625 0.0953125
4 0.49140625 0.403125 0.025 0.021875
4 0.35 0.3109375 0.0359375 0.05625
4 0.7015625 0.59140625 0.0265625 0.03125
2 0.30390625 0.2109375 0.090625 0.078125
4 0.4640625 0.34140625 0.0625 0.08125
4 0.8125 0.30859375 0.01875 0.0515625