4 0.51796875 0.36640625 0.0234375 0.0171875
4 0.5 0.46640625 0.028125 0.025
4 0.5390625 0.55234375 0.03125 0.025
4 0.44140625 0.6328125 0.034375 0.01875
4 0.47890625 0.71640625 0.046875 0.03125
4 0.45703125 0.759375 0.0734375 0.0359375
4 0.53203125 0.70546875 0.0671875 0.0359375
4 0.5078125 0.684375 0.0328125 0.046875
4 0.40390625 0.6484375 0.025 0.0265625
4 0.9828125 0.403125 0.0140625 0.021875
0 0.94375 0.41875 0.0234375 0.01875
0 0.95234375 0.3890625 0.015625 0.025
1 0.8765625 0.37734375 0.0375 0.01875
4 0.83984375 0.48125 0.015625 0.025
0 0.7953125 0.48203125 0.025 0.025
0 0.765625 0.46875 0.028125 0.021875
4 0.73359375 0.46171875 0.0390625 0.03125
0 0.7046875 0.47890625 0.01875 0.0359375
0 0.68515625 0.56875 0.021875 0.034375
2 0.77578125 0.45546875 0.0265625 0.0296875
0 0.59140625 0.45390625 0.0296875 0.021875
0 0.5953125 0.4359375 0.0265625 0.021875
0 0.5375 0.296875 0.015625 0.015625
2 0.3640625 0.59765625 0.04375 0.028125
1 0.37109375 0.48828125 0.04375 0.0390625
1 0.25078125 0.49921875 0.059375 0.0390625
4 0.33046875 0.5 0.0203125 0.01875
0 0.3609375 0.371875 0.01875 0.01875
4 0.45546875 0.98203125 0.046875 0.034375