2 0.74296875 0.178125 0.1484375 0.2421875
2 0.65390625 0.296875 0.078125 0.1125
2 0.60625 0.2375 0.125 0.1671875
2 0.5671875 0.0859375 0.228125 0.171875
2 0.52890625 0.25625 0.1078125 0.165625
2 0.43984375 0.2859375 0.0859375 0.1265625
2 0.175 0.15 0.2296875 0.2109375
1 0.20234375 0.1328125 0.171875 0.1421875
2 0.2625 0.25859375 0.0828125 0.0859375
2 0.23984375 0.3453125 0.1140625 0.078125
4 0.1046875 0.34296875 0.1984375 0.215625
2 0.23984375 0.44609375 0.0453125 0.0453125
2 0.4421875 0.40703125 0.1 0.08125
2 0.33359375 0.61171875 0.0796875 0.0796875
2 0.18046875 0.63828125 0.1125 0.1125
2 0.11953125 0.77109375 0.2390625 0.1953125
4 0.25625 0.5484375 0.08125 0.0921875
2 0.40078125 0.58125 0.0203125 0.0265625
4 0.19140625 0.3875 0.01875 0.0171875
2 0.86171875 0.95390625 0.0578125 0.0921875
2 0.934375 0.76171875 0.021875 0.0328125
2 0.8765625 0.26875 0.01875 0.0265625
2 0.91875 0.2171875 0.0359375 0.04375
2 0.80625 0.04375 0.0359375 0.0234375