2 0.484375 0.11796875 0.2 0.2359375
2 0.3109375 0.196875 0.06875 0.0984375
2 0.3640625 0.26875 0.0671875 0.053125
2 0.49765625 0.4015625 0.05625 0.0640625
2 0.3859375 0.6984375 0.1125 0.1875
2 0.46796875 0.52109375 0.04375 0.053125
2 0.45546875 0.58515625 0.08125 0.10625
2 0.54140625 0.6359375 0.05625 0.0703125
2 0.7703125 0.53828125 0.075 0.075
2 0.446875 0.88125 0.0578125 0.0671875
2 0.25546875 0.8328125 0.046875 0.0359375
2 0.16171875 0.85390625 0.0578125 0.0703125
4 0.3421875 0.921875 0.046875 0.0609375
2 0.65625 0.99453125 0.03125 0.0109375
2 0.32734375 0.7921875 0.040625 0.0671875