1 0.8109375 0.37421875 0.040625 0.0515625
1 0.45546875 0.459375 0.0421875 0.0453125
0 0.3640625 0.55546875 0.040625 0.040625
0 0.628125 0.60625 0.0390625 0.028125
4 0.55703125 0.74921875 0.028125 0.0296875
4 0.50234375 0.81796875 0.0328125 0.0203125
4 0.36953125 0.81640625 0.0625 0.0234375
2 0.37890625 0.5953125 0.0296875 0.0359375
0 0.43828125 0.290625 0.0515625 0.0296875
0 0.3640625 0.390625 0.0390625 0.0515625
2 0.37734375 0.32734375 0.0609375 0.0546875
4 0.44453125 0.2546875 0.0453125 0.0484375