2 0.47890625 0.253125 0.1734375 0.1546875
2 0.37890625 0.15546875 0.0671875 0.0625
2 0.44453125 0.14921875 0.0625 0.0296875
2 0.6171875 0.1671875 0.0734375 0.0625
2 0.65546875 0.23515625 0.296875 0.1734375
4 0.8796875 0.12890625 0.2 0.2578125
2 0.2703125 0.0609375 0.1703125 0.096875
2 0.35078125 0.42109375 0.028125 0.0328125
2 0.7078125 0.015625 0.05 0.03125
2 0.68671875 0.04140625 0.03125 0.03125
1 0.428125 0.9453125 0.021875 0.0328125
1 0.3765625 0.89296875 0.0203125 0.0265625
2 0.59921875 0.88046875 0.0875 0.065625