4 0.36875 0.7859375 0.01875 0.03125
4 0.353125 0.8484375 0.03125 0.021875
4 0.3078125 0.8296875 0.0609375 0.021875
0 0.39609375 0.615625 0.03125 0.028125
0 0.07109375 0.4140625 0.059375 0.03125
0 0.14140625 0.58671875 0.053125 0.028125
2 0.103125 0.6125 0.0765625 0.05
2 0.09609375 0.321875 0.0625 0.053125
1 0.24140625 0.46015625 0.0640625 0.0546875
0 0.16875 0.2765625 0.0515625 0.0375
0 0.803125 0.5140625 0.009375 0.015625
1 0.82109375 0.49296875 0.015625 0.0359375
4 0.73203125 0.4375 0.01875 0.009375
1 0.5265625 0.40390625 0.0421875 0.0421875
4 0.19296875 0.259375 0.034375 0.053125