4 0.690625 0.26328125 0.0375 0.021875
2 0.7 0.20625 0.0234375 0.03125
2 0.7515625 0.196875 0.015625 0.0203125
1 0.65 0.29375 0.025 0.025
4 0.68125 0.30625 0.0125 0.0171875
4 0.52109375 0.1 0.078125 0.040625
1 0.58125 0.090625 0.025 0.025
1 0.33203125 0.190625 0.00625 0.003125
1 0.346875 0.2046875 0.0453125 0.0375
3 0.28828125 0.24375 0.1 0.04375
4 0.74609375 0.24609375 0.0203125 0.0265625
3 0.59609375 0.521875 0.0296875 0.0296875
0 0.61796875 0.375 0.0140625 0.0140625
3 0.5375 0.36953125 0.01875 0.0421875
3 0.4828125 0.40390625 0.021875 0.021875
1 0.4921875 0.434375 0.03125 0.040625