0 0.1109375 0.471875 0.009375 0.0171875
1 0.09921875 0.44375 0.0203125 0.0390625
4 0.19765625 0.39609375 0.0109375 0.0109375
1 0.4265625 0.41875 0.05 0.05625
1 0.7203125 0.515625 0.05 0.059375
0 0.840625 0.4625 0.059375 0.0546875
0 0.7953125 0.64453125 0.059375 0.0359375
2 0.78828125 0.68046875 0.0890625 0.053125
4 0.63203125 0.9171875 0.0421875 0.025
4 0.59140625 0.83125 0.0265625 0.0390625
0 0.56015625 0.66328125 0.0453125 0.03125
4 0.73515625 0.91953125 0.0421875 0.04375
2 0.83359375 0.39140625 0.0578125 0.065625
4 0.778125 0.30859375 0.05 0.05625
0 0.78203125 0.3375 0.053125 0.0421875