4 0.74375 0.12109375 0.0125 0.0109375
4 0.7671875 0.17109375 0.0078125 0.0109375
0 0.75859375 0.0453125 0.0109375 0.0109375
4 0.6296875 0.2171875 0.0125 0.0140625
0 0.60234375 0.284375 0.0171875 0.0125
0 0.6421875 0.30859375 0.0140625 0.0140625
1 0.759375 0.34375 0.0109375 0.0234375
4 0.60078125 0.25625 0.0109375 0.0140625
4 0.25390625 0.28203125 0.021875 0.0171875
4 0.546875 0.0015625 0.015625 0.003125
0 0.4109375 0.37265625 0.0203125 0.015625
1 0.44140625 0.553125 0.04375 0.05625
0 0.1515625 0.66171875 0.0390625 0.040625
4 0.13828125 0.653125 0.0203125 0.0328125
4 0.0578125 0.74375 0.0609375 0.05
0 0.08984375 0.77265625 0.0515625 0.040625
0 0.025 0.678125 0.05 0.0375
2 0.03125 0.58203125 0.0625 0.0703125
1 0.221875 0.4796875 0.0375 0.04375
4 0.61875 0.59921875 0.015625 0.015625
0 0.725 0.43671875 0.0125 0.0078125