2 0.5296875 0.6734375 0.11875 0.128125
2 0.47734375 0.90078125 0.1734375 0.1984375
2 0.7140625 0.8484375 0.3234375 0.28125
2 0.9046875 0.91875 0.165625 0.1625
4 0.76171875 0.92734375 0.0421875 0.025
2 0.5390625 0.4703125 0.05625 0.0703125
2 0.54140625 0.3046875 0.0359375 0.05625
4 0.58046875 0.315625 0.046875 0.0609375
2 0.61796875 0.22734375 0.08125 0.0671875
2 0.61328125 0.13671875 0.1265625 0.1421875
4 0.75234375 0.36953125 0.1453125 0.128125
1 0.78828125 0.44609375 0.134375 0.090625
2 0.79765625 0.46484375 0.1640625 0.15625
2 0.64609375 0.471875 0.10625 0.090625
2 0.571875 0.59453125 0.065625 0.075