4 0.60859375 0.175 0.0390625 0.021875
2 0.5984375 0.115625 0.0234375 0.03125
2 0.64453125 0.090625 0.015625 0.021875
1 0.57890625 0.21875 0.025 0.025
4 0.61328125 0.2203125 0.0109375 0.0171875
4 0.3890625 0.0734375 0.08125 0.040625
1 0.44296875 0.04453125 0.025 0.025
1 0.234375 0.22421875 0.00625 0.003125
1 0.25390625 0.23359375 0.046875 0.0390625
3 0.209375 0.290625 0.103125 0.04375
4 0.65625 0.1390625 0.01875 0.0265625
3 0.60234375 0.45859375 0.028125 0.028125
0 0.575 0.3078125 0.0140625 0.0140625
3 0.49453125 0.3296875 0.01875 0.04375
3 0.453125 0.3828125 0.021875 0.021875
1 0.47265625 0.4078125 0.03125 0.04375