2 0.71015625 0.8515625 0.203125 0.2140625
2 0.8421875 0.790625 0.24375 0.2796875
2 0.67421875 0.7015625 0.0859375 0.0671875
2 0.7390625 0.709375 0.121875 0.096875
2 0.740625 0.62890625 0.13125 0.1421875
2 0.775 0.53984375 0.084375 0.084375
1 0.94296875 0.41484375 0.1140625 0.1234375
2 0.93671875 0.434375 0.1265625 0.18125
2 0.8578125 0.44140625 0.078125 0.075
2 0.73671875 0.45078125 0.0703125 0.075
2 0.7140625 0.2921875 0.04375 0.05625
2 0.78671875 0.3296875 0.0328125 0.0265625
4 0.74296875 0.2859375 0.053125 0.0625
4 0.9234375 0.3453125 0.1484375 0.1546875
2 0.7640625 0.21328125 0.0890625 0.08125
2 0.75390625 0.12734375 0.1046875 0.1609375
2 0.54453125 0.9265625 0.028125 0.0328125
2 0.3546875 0.496875 0.0453125 0.05
2 0.36484375 0.6265625 0.01875 0.01875
2 0.4328125 0.31484375 0.025 0.0296875