4 0.20859375 0.4109375 0.059375 0.0453125
4 0.275 0.984375 0.046875 0.03125
4 0.959375 0.89453125 0.053125 0.078125
4 0.71875 0.31015625 0.0265625 0.0265625
2 0.52734375 0.4125 0.0359375 0.0921875
0 0.546875 0.24296875 0.025 0.046875
0 0.4671875 0.50703125 0.0359375 0.06875
0 0.3328125 0.5359375 0.034375 0.0703125
0 0.259375 0.4109375 0.028125 0.046875
2 0.26953125 0.47890625 0.0703125 0.0671875
1 0.2703125 0.05 0.0484375 0.053125
1 0.4453125 0.37734375 0.0484375 0.05
4 0.70234375 0.48203125 0.0265625 0.0578125
4 0.675 0.2796875 0.03125 0.0265625
0 0.50703125 0.72890625 0.034375 0.0484375