2 0.54765625 0.78125 0.1203125 0.10625
2 0.63515625 0.640625 0.0875 0.0625
2 0.7078125 0.678125 0.1125 0.0640625
2 0.81796875 0.75703125 0.1765625 0.153125
1 0.89296875 0.6953125 0.0921875 0.0828125
2 0.81875 0.6703125 0.05625 0.025
2 0.79921875 0.64296875 0.0734375 0.0203125
2 0.5109375 0.49140625 0.0328125 0.0359375
2 0.83515625 0.55078125 0.0546875 0.028125
2 0.559375 0.88046875 0.0703125 0.05
2 0.4765625 0.9109375 0.0921875 0.10625
4 0.37265625 0.6296875 0.0234375 0.0171875
4 0.953125 0.8671875 0.059375 0.078125
2 0.60078125 0.7359375 0.0671875 0.059375