4 0.8046875 0.05703125 0.0328125 0.0265625
1 0.75703125 0.10078125 0.04375 0.0828125
2 0.446875 0.28828125 0.06875 0.078125
4 0.41328125 0.27578125 0.028125 0.059375
0 0.671875 0.3859375 0.0515625 0.0375
0 0.68828125 0.44296875 0.040625 0.0390625
2 0.5859375 0.5484375 0.0734375 0.059375
4 0.9640625 0.5796875 0.0203125 0.025
1 0.96640625 0.60625 0.021875 0.034375
0 0.9796875 0.63515625 0.0234375 0.028125
0 0.98203125 0.6546875 0.0234375 0.0203125
0 0.97265625 0.678125 0.025 0.021875
4 0.98203125 0.70546875 0.0359375 0.0421875
4 0.8828125 0.69609375 0.025 0.0171875
0 0.73125 0.6484375 0.0375 0.028125
0 0.878125 0.925 0.03125 0.0171875
0 0.77265625 0.8671875 0.04375 0.0265625
4 0.5875 0.890625 0.053125 0.0484375
4 0.56875 0.94375 0.0765625 0.040625
4 0.4109375 0.8671875 0.0921875 0.0484375
4 0.26484375 0.87265625 0.090625 0.065625
4 0.521875 0.6265625 0.0734375 0.046875
0 0.55078125 0.5953125 0.034375 0.0265625
4 0.028125 0.58203125 0.05625 0.0859375