1 0.03671875 0.7421875 0.0546875 0.0875
2 0.38125 0.73359375 0.05 0.06875
0 0.26171875 0.54140625 0.05625 0.0421875
0 0.2734375 0.48125 0.046875 0.040625
2 0.4171875 0.44765625 0.0953125 0.065625
0 0.47890625 0.42265625 0.0375 0.0265625
4 0.51796875 0.39296875 0.0546875 0.0453125
0 0.328125 0.26875 0.04375 0.0390625
4 0.871875 0.63046875 0.13125 0.10625
4 0.88125 0.54140625 0.0828125 0.059375
4 0.8984375 0.378125 0.0734375 0.0609375
4 0.6015625 0.1359375 0.05 0.05
4 0.646875 0.23046875 0.065625 0.05625
4 0.68046875 0.2 0.04375 0.0390625
4 0.6484375 0.084375 0.071875 0.05
0 0.3765625 0.05078125 0.0578125 0.0484375
0 0.1 0.07890625 0.0296875 0.04375
4 0.17109375 0.15 0.025 0.021875
0 0.08125 0.140625 0.01875 0.0265625
0 0.09375 0.12265625 0.0328125 0.0265625
4 0.09140625 0.1890625 0.0265625 0.0296875
1 0.0703125 0.18125 0.0203125 0.0328125