2 0.27421875 0.66484375 0.040625 0.0515625
2 0.32265625 0.61171875 0.0734375 0.08125
4 0.1953125 0.43203125 0.0484375 0.075
1 0.0109375 0.13203125 0.021875 0.0640625
3 0.04921875 0.07890625 0.0375 0.0296875
3 0.39453125 0.23046875 0.065625 0.125
3 0.15546875 0.32578125 0.059375 0.0515625
3 0.11640625 0.55625 0.0734375 0.053125
1 0.3140625 0.47265625 0.08125 0.084375
4 0.265625 0.9671875 0.084375 0.065625
2 0.3609375 0.965625 0.10625 0.06875
2 0.2796875 0.88046875 0.078125 0.05
4 0.77109375 0.85625 0.1203125 0.1140625