2 0.63828125 0.24296875 0.103125 0.0703125
2 0.528125 0.39609375 0.075 0.0625
2 0.6703125 0.375 0.1375 0.115625
2 0.62890625 0.375 0.1171875 0.115625
2 0.56875 0.4125 0.0453125 0.05
2 0.5296875 0.61328125 0.0796875 0.0640625
2 0.60859375 0.59296875 0.071875 0.0703125
2 0.83828125 0.790625 0.0609375 0.071875
2 0.64140625 0.96796875 0.14375 0.059375
1 0.2953125 0.7875 0.090625 0.096875
2 0.19453125 0.76171875 0.0984375 0.0734375
2 0.3046875 0.853125 0.2203125 0.13125
2 0.19609375 0.90859375 0.0578125 0.046875
2 0.22265625 0.93828125 0.06875 0.04375
2 0.2484375 0.97265625 0.134375 0.0546875
2 0.40234375 0.98515625 0.0796875 0.0296875
2 0.44296875 0.9515625 0.125 0.0921875
2 0.396875 0.93828125 0.0453125 0.0421875
2 0.3546875 0.88671875 0.1078125 0.084375
2 0.41015625 0.73671875 0.1 0.06875
2 0.9609375 0.36875 0.05625 0.06875
2 0.90390625 0.11484375 0.0265625 0.0328125
4 0.9546875 0.64609375 0.0703125 0.096875
2 0.765625 0.6203125 0.103125 0.1
2 0.92734375 0.3671875 0.053125 0.08125
4 0.8875 0.41953125 0.0234375 0.0203125