4 0.39765625 0.21015625 0.04375 0.0578125
4 0.971875 0.93984375 0.05625 0.0515625
4 0.34765625 0.753125 0.025 0.0265625
2 0.43359375 0.5421875 0.0953125 0.0296875
0 0.25859375 0.58046875 0.046875 0.0234375
0 0.525 0.46875 0.0703125 0.0328125
0 0.54140625 0.32578125 0.071875 0.03125
0 0.403125 0.26328125 0.046875 0.0265625
2 0.475 0.2671875 0.0640625 0.0703125
1 0.028125 0.31484375 0.0546875 0.046875
1 0.3875 0.4609375 0.05 0.0484375
4 0.52578125 0.7171875 0.059375 0.025
4 0.31171875 0.7109375 0.025 0.03125
0 0.76171875 0.4859375 0.046875 0.0328125