4 0.40625 0.21875 0.01875 0.0296875
4 0.3953125 0.16015625 0.03125 0.021875
4 0.3515625 0.17578125 0.0578125 0.021875
0 0.4234375 0.3796875 0.03125 0.028125
0 0.1109375 0.5515625 0.0578125 0.03125
0 0.18515625 0.39375 0.0515625 0.028125
2 0.15 0.36796875 0.075 0.05
2 0.1296875 0.63828125 0.0625 0.053125
1 0.27109375 0.5171875 0.0625 0.0546875
0 0.1953125 0.684375 0.0484375 0.0375
0 0.796875 0.49375 0.0109375 0.015625
1 0.81328125 0.51484375 0.015625 0.034375
4 0.72734375 0.5609375 0.0171875 0.0109375
1 0.534375 0.5828125 0.0421875 0.040625
4 0.21640625 0.70078125 0.034375 0.0515625