4 0.4765625 0.69609375 0.0421875 0.0421875
4 0.47890625 0.45078125 0.0375 0.0375
4 0.47578125 0.47109375 0.05 0.0421875
0 0.46875 0.48671875 0.0453125 0.0375
0 0.58515625 0.7328125 0.03125 0.03125
0 0.7421875 0.56953125 0.040625 0.0390625
2 0.59453125 0.7703125 0.05625 0.053125
4 0.5625 0.43828125 0.0375 0.0453125
2 0.57265625 0.29609375 0.078125 0.06875
0 0.5203125 0.4 0.0359375 0.0328125
0 0.41015625 0.4109375 0.04375 0.034375
4 0.4265625 0.38125 0.0328125 0.0265625
1 0.33125 0.19921875 0.04375 0.0515625
4 0.35546875 0.040625 0.03125 0.03125
0 0.1828125 0.078125 0.0296875 0.025
1 0.15078125 0.26953125 0.0421875 0.0671875