1 0.4578125 0.33515625 0.05625 0.0609375
1 0.4703125 0.58203125 0.0484375 0.05625
0 0.42578125 0.7578125 0.0375 0.065625
0 0.584375 0.628125 0.028125 0.0609375
0 0.6515625 0.471875 0.0265625 0.0328125
4 0.8890625 0.5796875 0.025 0.040625
4 0.8078125 0.47734375 0.028125 0.0296875
4 0.82265625 0.515625 0.015625 0.0296875
4 0.67109375 0.57890625 0.0421875 0.025
2 0.60859375 0.721875 0.04375 0.090625
1 0.5765625 0.06484375 0.0390625 0.01875
0 0.590625 0.08671875 0.015625 0.0109375
4 0.509375 0.14609375 0.0203125 0.0140625
4 0.29296875 0.5640625 0.0625 0.0359375
4 0.26875 0.6265625 0.065625 0.0484375
0 0.2875 0.6453125 0.0421875 0.053125
2 0.31484375 0.73359375 0.0625 0.0609375