0 0.453125 0.06796875 0.0328125 0.0296875
0 0.3203125 0.20546875 0.0453125 0.0359375
0 0.47578125 0.3578125 0.0328125 0.0234375
0 0.52421875 0.42265625 0.0390625 0.0234375
0 0.4296875 0.41953125 0.03125 0.0234375
0 0.634375 0.79375 0.028125 0.0171875
0 0.82265625 0.9703125 0.021875 0.0125
0 0.984375 0.85078125 0.0078125 0.0109375
4 0.9015625 0.68203125 0.0125 0.0109375
4 0.459375 0.7578125 0.028125 0.0140625
1 0.73515625 0.646875 0.0296875 0.05625
1 0.5234375 0.64921875 0.0359375 0.0421875
2 0.34921875 0.50703125 0.0484375 0.046875
4 0.4890625 0.46796875 0.01875 0.01875
4 0.39921875 0.384375 0.0265625 0.0375
4 0.46015625 0.38828125 0.0296875 0.0328125
2 0.45078125 0.0265625 0.0578125 0.0484375