2 0.63046875 0.4796875 0.09375 0.15625
4 0.56796875 0.59296875 0.046875 0.0515625
2 0.4609375 0.54921875 0.0703125 0.1140625
2 0.63515625 0.353125 0.0296875 0.053125
2 0.03828125 0.50625 0.0765625 0.1875
4 0.17734375 0.2578125 0.121875 0.1078125
2 0.2640625 0.29609375 0.0625 0.0890625
2 0.28125 0.3875 0.0625 0.0890625
2 0.234375 0.453125 0.0921875 0.13125
2 0.22734375 0.39296875 0.0625 0.0640625
2 0.10625 0.16953125 0.1 0.125
2 0.16328125 0.18828125 0.065625 0.0703125
2 0.18671875 0.07265625 0.1203125 0.1296875
2 0.09375 0.1140625 0.040625 0.0703125
4 0.3359375 0.08984375 0.078125 0.096875
1 0.309375 0.23828125 0.0328125 0.03125
2 0.1171875 0.03671875 0.0359375 0.025
2 0.25625 0.23828125 0.0609375 0.05625
4 0.17578125 0.39765625 0.0625 0.071875
2 0.17265625 0.5265625 0.0671875 0.0796875
2 0.09921875 0.7421875 0.09375 0.1125
2 0.10625 0.63984375 0.1015625 0.134375
2 0.2171875 0.85546875 0.0390625 0.0375
2 0.48125 0.984375 0.0625 0.03125
2 0.30703125 0.85859375 0.06875 0.128125
2 0.27265625 0.79375 0.0296875 0.05
2 0.2765625 0.6640625 0.0625 0.078125
4 0.23515625 0.81875 0.04375 0.0484375
4 0.33203125 0.7859375 0.0359375 0.04375
4 0.24453125 0.28046875 0.04375 0.0453125
4 0.30703125 0.6046875 0.0234375 0.025
2 0.24453125 0.5796875 0.128125 0.1359375
4 0.26796875 0.87578125 0.028125 0.04375
4 0.2609375 0.94921875 0.021875 0.0171875
2 0.41484375 0.45859375 0.0984375 0.134375