0 0.53359375 0.553125 0.0484375 0.03125
0 0.76015625 0.475 0.0640625 0.0328125
0 0.74609375 0.309375 0.0484375 0.053125
0 0.646875 0.2109375 0.059375 0.0390625
0 0.09765625 0.48359375 0.0171875 0.015625
1 0.06953125 0.45625 0.0234375 0.0390625
1 0.34453125 0.3609375 0.0359375 0.05625
4 0.1640625 0.39921875 0.0125 0.0109375
1 0.62890625 0.390625 0.0671875 0.0546875
2 0.73671875 0.24765625 0.0734375 0.065625
4 0.6296875 0.18046875 0.0390625 0.05625
2 0.74765625 0.515625 0.10625 0.0515625
4 0.6234375 0.6890625 0.028125 0.0328125
4 0.77890625 0.73984375 0.0625 0.0359375
4 0.67578125 0.7546875 0.0328125 0.01875
4 0.059375 0.95546875 0.0125 0.0125