0 0.85859375 0.95703125 0.01875 0.00625
0 0.6546875 0.8125 0.0359375 0.025
1 0.55703125 0.74453125 0.0421875 0.0484375
1 0.73515625 0.66953125 0.0328125 0.065625
4 0.4671875 0.5640625 0.034375 0.03125
2 0.31796875 0.58203125 0.0765625 0.0734375
4 0.4046875 0.45390625 0.0375 0.053125
4 0.434375 0.45234375 0.04375 0.0359375
0 0.4890625 0.41484375 0.0375 0.0328125
0 0.353125 0.48046875 0.0390625 0.0421875
0 0.41328125 0.40078125 0.0453125 0.0328125
4 0.32265625 0.478125 0.0421875 0.0390625
0 0.22109375 0.25 0.05 0.03125
0 0.37734375 0.0734375 0.04375 0.03125
2 0.38359375 0.04453125 0.05 0.0390625
4 0.93515625 0.68515625 0.0125 0.0109375
4 0.1984375 0.78046875 0.05 0.0296875