2 0.2515625 0.48359375 0.115625 0.1265625
2 0.36953125 0.38125 0.0703125 0.0875
2 0.3234375 0.31875 0.075 0.1125
2 0.23359375 0.228125 0.1640625 0.184375
1 0.28046875 0.15 0.090625 0.0953125
2 0.31484375 0.2140625 0.0328125 0.0546875
2 0.34296875 0.22890625 0.0296875 0.0671875
2 0.5265625 0.475 0.0375 0.0359375
2 0.4234375 0.18125 0.0328125 0.053125
2 0.15703125 0.4875 0.0578125 0.0703125
2 0.13984375 0.56875 0.1109375 0.1015625
2 0.0484375 0.725 0.0359375 0.075
4 0.41875 0.62421875 0.01875 0.021875
4 0.109375 0.10859375 0.084375 0.084375
2 0.28515625 0.4265625 0.0640625 0.0703125