2 0.378125 0.76484375 0.1171875 0.1953125
2 0.22421875 0.8609375 0.065625 0.071875
2 0.31953125 0.8921875 0.1 0.1140625
2 0.30234375 0.96953125 0.053125 0.0609375
2 0.31015625 0.59765625 0.0546875 0.0609375
2 0.390625 0.38125 0.0984375 0.078125
2 0.4828125 0.196875 0.0734375 0.103125
2 0.31875 0.43203125 0.03125 0.0421875
4 0.2125 0.46953125 0.028125 0.0234375
2 0.49921875 0.6140625 0.04375 0.0390625
2 0.4328125 0.66171875 0.0453125 0.0640625
2 0.58046875 0.31640625 0.053125 0.0890625
2 0.45546875 0.0171875 0.0453125 0.034375
2 0.1265625 0.37890625 0.0671875 0.0625
2 0.1109375 0.515625 0.03125 0.0390625
2 0.2046875 0.34765625 0.0203125 0.0484375
2 0.33828125 0.46640625 0.0390625 0.0375
4 0.40625 0.5453125 0.05625 0.0625
2 0.2609375 0.353125 0.0546875 0.0765625
2 0.58125 0.58359375 0.0671875 0.0640625