2 0.0984375 0.80078125 0.146875 0.159375
2 0.403125 0.7015625 0.06875 0.028125
2 0.7171875 0.6125 0.059375 0.0390625
2 0.96875 0.7609375 0.05625 0.16875
2 0.97109375 0.60703125 0.053125 0.0609375
2 0.61171875 0.47421875 0.1296875 0.0734375
2 0.63359375 0.54140625 0.1 0.0640625
2 0.5140625 0.5578125 0.05 0.0265625
2 0.5609375 0.41640625 0.03125 0.0234375
2 0.22421875 0.38984375 0.0671875 0.0328125
2 0.13515625 0.42734375 0.0296875 0.021875
2 0.0328125 0.55234375 0.040625 0.04375
2 0.91484375 0.89921875 0.04375 0.021875
2 0.0921875 0.92109375 0.1140625 0.0640625