0 0.63203125 0.49921875 0.015625 0.03125
0 0.45234375 0.58828125 0.028125 0.0328125
0 0.43203125 0.57109375 0.0171875 0.028125
0 0.41484375 0.52109375 0.028125 0.03125
0 0.403125 0.496875 0.0171875 0.028125
0 0.3875 0.51328125 0.015625 0.034375
0 0.55390625 0.3671875 0.01875 0.0109375
4 0.5203125 0.39375 0.015625 0.01875
4 0.4984375 0.38515625 0.025 0.0359375
4 0.49140625 0.4875 0.03125 0.025
4 0.4546875 0.48671875 0.0421875 0.0234375
4 0.440625 0.5109375 0.0171875 0.0328125
4 0.42265625 0.55703125 0.0125 0.025
4 0.43125 0.68203125 0.0359375 0.05
4 0.4140625 0.715625 0.0421875 0.0625
4 0.51953125 0.6828125 0.0265625 0.05625
4 0.62890625 0.43046875 0.021875 0.021875
4 0.60078125 0.53046875 0.025 0.034375
4 0.6265625 0.58515625 0.01875 0.040625
4 0.484375 0.83515625 0.0375 0.034375
1 0.765625 0.4578125 0.071875 0.0296875
1 0.15546875 0.1921875 0.021875 0.015625
1 0.38828125 0.4046875 0.03125 0.0359375
1 0.471875 0.38515625 0.034375 0.0296875
2 0.44296875 0.4671875 0.0265625 0.04375
0 0.353125 0.36015625 0.015625 0.021875
0 0.209375 0.38828125 0.015625 0.025
0 0.23515625 0.44140625 0.021875 0.01875
0 0.10078125 0.37890625 0.015625 0.025
0 0.0875 0.3578125 0.01875 0.021875
4 0.309375 0.32265625 0.0171875 0.021875
4 0.26015625 0.32578125 0.0140625 0.021875
0 0.36328125 0.51796875 0.015625 0.028125