4 0.671875 0.59609375 0.0828125 0.046875
2 0.37734375 0.45234375 0.05 0.053125
1 0.3625 0.54375 0.06875 0.065625
1 0.284375 0.8765625 0.0515625 0.05625
1 0.446875 0.41796875 0.053125 0.046875
1 0.45859375 0.19921875 0.0609375 0.084375
0 0.721875 0.41484375 0.0453125 0.05
0 0.58046875 0.5109375 0.046875 0.0375
0 0.70546875 0.521875 0.0515625 0.04375
0 0.69375 0.55703125 0.0703125 0.05
0 0.38671875 0.5859375 0.0390625 0.0390625
0 0.47265625 0.49609375 0.0390625 0.040625
0 0.53515625 0.68984375 0.0453125 0.053125
0 0.5296875 0.86875 0.0703125 0.0421875
0 0.51171875 0.78515625 0.053125 0.0328125
4 0.44921875 0.73828125 0.0484375 0.040625
4 0.30859375 0.665625 0.0328125 0.03125