2 0.01328125 0.45546875 0.0265625 0.0578125
2 0.146875 0.4859375 0.1203125 0.0984375
4 0.06015625 0.3625 0.0234375 0.028125
2 0.36640625 0.4953125 0.2 0.1703125
2 0.35390625 0.7 0.26875 0.3078125
2 0.2 0.85078125 0.221875 0.234375
4 0.2578125 0.71796875 0.03125 0.0375
4 0.1734375 0.5796875 0.0796875 0.06875
2 0.5421875 0.61875 0.1328125 0.10625
2 0.475 0.59296875 0.096875 0.1234375
2 0.4953125 0.51875 0.06875 0.0828125
2 0.60234375 0.6921875 0.071875 0.065625
2 0.71640625 0.66875 0.071875 0.084375
2 0.6859375 0.80625 0.0546875 0.075
2 0.6578125 0.91328125 0.16875 0.1734375
1 0.67421875 0.9171875 0.1015625 0.1484375
4 0.78984375 0.915625 0.1515625 0.16875
2 0.8234375 0.76953125 0.03125 0.034375
2 0.88828125 0.7015625 0.065625 0.0484375
2 0.94375 0.7875 0.0421875 0.1
4 0.88203125 0.74375 0.0703125 0.065625
2 0.734375 0.78671875 0.0546875 0.0953125
4 0.8484375 0.64921875 0.0203125 0.015625
2 0.79921875 0.21171875 0.0578125 0.0453125
4 0.6578125 0.1953125 0.025 0.01875