4 0.64453125 0.34296875 0.025 0.0640625
4 0.64609375 0.4234375 0.0328125 0.0234375
4 0.54296875 0.36015625 0.015625 0.0234375
4 0.5234375 0.35625 0.028125 0.0390625
4 0.48125 0.46875 0.034375 0.03125
4 0.42421875 0.66796875 0.04375 0.0390625
4 0.409375 0.69765625 0.04375 0.0546875
4 0.52109375 0.68828125 0.028125 0.0578125
4 0.4953125 0.82265625 0.0390625 0.0375
4 0.4578125 0.5421875 0.0203125 0.0234375
4 0.45625 0.48515625 0.01875 0.046875
4 0.465625 0.45390625 0.0453125 0.0203125
1 0.7703125 0.4765625 0.071875 0.0546875
2 0.63828125 0.49921875 0.0390625 0.0390625
0 0.6296875 0.53203125 0.021875 0.0359375
4 0.62265625 0.61640625 0.0203125 0.0328125
1 0.49296875 0.35 0.0421875 0.0421875
1 0.4046875 0.37265625 0.0328125 0.0265625
2 0.4546875 0.425 0.0359375 0.0328125
0 0.4265625 0.49140625 0.0296875 0.0296875
0 0.4109375 0.45 0.0296875 0.03125
0 0.40390625 0.471875 0.0203125 0.0390625
0 0.37109375 0.47265625 0.0296875 0.03125
0 0.44765625 0.5609375 0.0234375 0.0265625
0 0.38515625 0.31796875 0.0140625 0.0203125
0 0.446875 0.58359375 0.03125 0.0265625
0 0.2453125 0.33046875 0.0171875 0.0265625
0 0.2609375 0.37578125 0.0234375 0.0171875
0 0.1375 0.334375 0.0203125 0.0234375
0 0.12265625 0.31484375 0.0171875 0.0234375
1 0.20390625 0.1625 0.0234375 0.0140625
4 0.2921875 0.290625 0.0125 0.015625
4 0.346875 0.28515625 0.0171875 0.0234375
0 0.5765625 0.33984375 0.0171875 0.0171875