2 0.14453125 0.18046875 0.053125 0.0421875
2 0.196875 0.8453125 0.1109375 0.1609375
2 0.27578125 0.79140625 0.0671875 0.0953125
2 0.02109375 0.24921875 0.0421875 0.0703125
2 0.453125 0.33203125 0.0484375 0.065625
4 0.653125 0.01171875 0.021875 0.0234375
4 0.6671875 0.49609375 0.0234375 0.05625
2 0.6109375 0.4109375 0.053125 0.084375
2 0.6296875 0.16875 0.034375 0.0734375
2 0.60859375 0.18125 0.0859375 0.1765625
2 0.63828125 0.12734375 0.0265625 0.0375
2 0.69296875 0.15 0.040625 0.0796875
2 0.7515625 0.4171875 0.0375 0.0765625