4 0.1953125 0.01171875 0.028125 0.0234375
1 0.21640625 0.07265625 0.0890625 0.05
2 0.25078125 0.45859375 0.084375 0.075
4 0.22265625 0.48515625 0.0625 0.0328125
0 0.45078125 0.28828125 0.0421875 0.05625
0 0.51328125 0.29921875 0.0421875 0.04375
2 0.56640625 0.446875 0.065625 0.078125
4 0.7734375 0.09765625 0.025 0.021875
1 0.8 0.1078125 0.0375 0.0234375
0 0.83515625 0.10859375 0.0296875 0.025
0 0.85390625 0.115625 0.0234375 0.025
0 0.87265625 0.13671875 0.0234375 0.0265625
4 0.9046875 0.1375 0.046875 0.0421875
4 0.84765625 0.23046875 0.021875 0.028125
0 0.73046875 0.35390625 0.0328125 0.0421875
0 0.96015625 0.41640625 0.03125 0.0484375
4 0.89609375 0.60546875 0.0546875 0.059375
4 0.93828125 0.6484375 0.046875 0.0828125
4 0.790625 0.7640625 0.0546875 0.0984375
4 0.72734375 0.9078125 0.0734375 0.0984375
4 0.6109375 0.54453125 0.0515625 0.08125
0 0.59453125 0.503125 0.0296875 0.0390625