4 0.21796875 0.1859375 0.0453125 0.03125
4 0.69375 0.140625 0.0546875 0.0390625
4 0.73203125 0.4671875 0.0140625 0.0125
4 0.27421875 0.77421875 0.0421875 0.053125
1 0.56171875 0.53515625 0.065625 0.0546875
1 0.26953125 0.5734375 0.071875 0.0703125
1 0.8015625 0.3984375 0.025 0.0390625
0 0.77265625 0.38515625 0.0140625 0.0171875
0 0.3390625 0.38359375 0.0359375 0.0328125
0 0.171875 0.48203125 0.059375 0.040625
0 0.13203125 0.65390625 0.0640625 0.04375
2 0.17109375 0.73828125 0.075 0.06875
4 0.2859375 0.1859375 0.028125 0.0265625
4 0.31796875 0.21171875 0.034375 0.0234375
0 0.25234375 0.7609375 0.0578125 0.046875
2 0.11171875 0.46796875 0.08125 0.0625