2 0.815625 0.3953125 0.1140625 0.1734375
2 0.96875 0.51171875 0.0625 0.0734375
2 0.8890625 0.446875 0.0859375 0.04375
2 0.7046875 0.259375 0.090625 0.115625
2 0.71796875 0.14453125 0.0671875 0.0640625
2 0.51171875 0.4921875 0.0515625 0.0671875
2 0.4203125 0.41796875 0.05 0.0765625
2 0.396875 0.13671875 0.0296875 0.0453125
2 0.2265625 0.109375 0.053125 0.0734375
4 0.553125 0.8640625 0.0625 0.0515625
2 0.0078125 0.7625 0.015625 0.109375
2 0.51484375 0.5546875 0.0859375 0.071875
4 0.31640625 0.33203125 0.04375 0.0515625