0 0.74765625 0.596875 0.0390625 0.021875
0 0.4921875 0.47265625 0.0578125 0.0375
0 0.48984375 0.32734375 0.075 0.0390625
0 0.61796875 0.28671875 0.05 0.0296875
1 0.60703125 0.46875 0.0578125 0.0515625
1 0.98515625 0.35546875 0.0296875 0.0484375
4 0.62890625 0.2390625 0.0359375 0.046875
4 0.09296875 0.17734375 0.128125 0.0625
4 0.675 0.70078125 0.04375 0.034375
4 0.625 0.74609375 0.028125 0.025
4 0.475 0.68984375 0.0671875 0.03125
2 0.578125 0.55 0.05625 0.03125
4 0.0546875 0.8734375 0.0828125 0.0578125
2 0.5578125 0.28125 0.0546875 0.065625
0 0.27578125 0.46015625 0.0609375 0.0453125