2 0.12265625 0.52578125 0.0859375 0.0671875
2 0.165625 0.8015625 0.0859375 0.071875
2 0.39140625 0.51875 0.078125 0.0953125
2 0.39375 0.59765625 0.059375 0.053125
2 0.26640625 0.39453125 0.1046875 0.153125
2 0.1734375 0.28671875 0.078125 0.0515625
2 0.0796875 0.18671875 0.08125 0.0609375
2 0.55625 0.26328125 0.05 0.059375
2 0.57734375 0.21640625 0.0421875 0.071875
2 0.5859375 0.01875 0.0484375 0.03125
2 0.64453125 0.35234375 0.0359375 0.0609375
4 0.71640625 0.453125 0.0375 0.0421875
2 0.68125 0.5890625 0.0296875 0.0203125
2 0.83203125 0.62265625 0.0421875 0.078125
4 0.46953125 0.8171875 0.04375 0.040625
2 0.11875 0.94453125 0.1421875 0.06875