1 0.9703125 0.39921875 0.0359375 0.0390625
4 0.51796875 0.33125 0.08125 0.0640625
4 0.228125 0.43515625 0.1125 0.06875
4 0.17109375 0.15234375 0.0953125 0.040625
4 0.80078125 0.090625 0.0328125 0.0328125
4 0.6828125 0.19921875 0.0703125 0.025
4 0.61875 0.3109375 0.0484375 0.040625
4 0.971875 0.18359375 0.025 0.0140625
4 0.771875 0.1421875 0.0390625 0.0359375
4 0.84140625 0.09609375 0.0453125 0.01875
0 0.9265625 0.08828125 0.0203125 0.0296875
0 0.82421875 0.40859375 0.0421875 0.0203125
0 0.83984375 0.44296875 0.046875 0.0265625
0 0.6140625 0.490625 0.059375 0.0328125
0 0.58515625 0.51953125 0.0671875 0.028125
0 0.55859375 0.75859375 0.065625 0.0328125
2 0.69765625 0.69140625 0.040625 0.05625
4 0.6671875 0.67578125 0.040625 0.0484375
2 0.73515625 0.484375 0.0671875 0.034375