1 0.4453125 0.3296875 0.0625 0.0671875
1 0.5171875 0.5828125 0.0546875 0.0625
0 0.5125 0.77578125 0.04375 0.0703125
0 0.64609375 0.603125 0.0328125 0.065625
0 0.67890625 0.425 0.0296875 0.0359375
4 0.9515625 0.4796875 0.0265625 0.04375
4 0.8421875 0.39375 0.03125 0.03125
4 0.86640625 0.4296875 0.01875 0.0328125
4 0.725 0.53125 0.046875 0.028125
2 0.69375 0.6953125 0.05 0.096875
1 0.50390625 0.0203125 0.0421875 0.0234375
0 0.5234375 0.0390625 0.0171875 0.0109375
4 0.453125 0.12109375 0.021875 0.015625
4 0.32890625 0.60703125 0.0671875 0.040625
4 0.31875 0.6765625 0.071875 0.05625
0 0.3421875 0.6921875 0.0484375 0.059375
2 0.3921875 0.778125 0.0703125 0.0671875