2 0.64296875 0.075 0.09375 0.1234375
2 0.5875 0.14921875 0.065625 0.078125
2 0.4984375 0.2515625 0.053125 0.05
2 0.37421875 0.58515625 0.0421875 0.071875
2 0.24375 0.56328125 0.028125 0.0265625
2 0.178125 0.56875 0.0546875 0.0390625
2 0.3375 0.66171875 0.0359375 0.0328125
2 0.21171875 0.66484375 0.0875 0.0578125
2 0.03046875 0.83359375 0.0609375 0.1828125
2 0.0265625 0.65 0.053125 0.096875
2 0.06796875 0.778125 0.0859375 0.171875
2 0.14296875 0.93203125 0.078125 0.0375
2 0.43984375 0.4578125 0.03125 0.0359375