1 0.6375 0.55859375 0.059375 0.0546875
1 0.4 0.5 0.0578125 0.0484375
0 0.22109375 0.51015625 0.0640625 0.0375
0 0.37734375 0.38046875 0.059375 0.028125
0 0.54140625 0.34375 0.0328125 0.0265625
4 0.48125 0.09375 0.0390625 0.0234375
4 0.565625 0.1921875 0.0296875 0.028125
4 0.53125 0.1703125 0.0296875 0.015625
4 0.44140625 0.30546875 0.0265625 0.0421875
2 0.28984375 0.33984375 0.0890625 0.04375
1 0.92265625 0.49453125 0.01875 0.0390625
0 0.90390625 0.4765625 0.0109375 0.0171875
4 0.83046875 0.54453125 0.0140625 0.0203125
4 0.384375 0.67578125 0.0375 0.0625
4 0.31953125 0.6875 0.05 0.065625
0 0.30390625 0.665625 0.053125 0.0421875
2 0.2234375 0.621875 0.0625 0.0640625