0 0.45078125 0.9859375 0.034375 0.028125
0 0.31484375 0.83671875 0.046875 0.0359375
0 0.48515625 0.68125 0.034375 0.0234375
0 0.5390625 0.6140625 0.040625 0.021875
0 0.43828125 0.6140625 0.034375 0.021875
0 0.66953125 0.22421875 0.03125 0.015625
0 0.87578125 0.04453125 0.021875 0.0140625
4 0.9484375 0.35234375 0.0125 0.0125
4 0.4828125 0.25546875 0.0296875 0.0140625
1 0.7703125 0.384375 0.03125 0.0578125
1 0.546875 0.3734375 0.0359375 0.04375
2 0.35625 0.51796875 0.05 0.0484375
4 0.50390625 0.56484375 0.021875 0.0203125
4 0.4046875 0.64921875 0.025 0.0375
4 0.4703125 0.64765625 0.028125 0.034375