2 0.33046875 0.528125 0.153125 0.1421875
2 0.1015625 0.446875 0.203125 0.209375
2 0.14453125 0.70859375 0.2890625 0.3828125
2 0.0578125 0.8796875 0.115625 0.134375
4 0.0265625 0.75234375 0.03125 0.0484375
2 0.5515625 0.56171875 0.0828125 0.065625
2 0.7328125 0.58359375 0.0640625 0.0453125
4 0.715625 0.62421875 0.071875 0.059375
2 0.8078125 0.67578125 0.08125 0.096875
2 0.90625 0.68046875 0.1625 0.153125
4 0.63671875 0.80625 0.15625 0.1734375
1 0.54921875 0.8359375 0.1125 0.1546875
2 0.52734375 0.84453125 0.1875 0.196875
2 0.53828125 0.67890625 0.1109375 0.125
2 0.41171875 0.5828125 0.090625 0.0796875