1 0.64921875 0.515625 0.0640625 0.059375
1 0.40390625 0.52890625 0.0609375 0.053125
0 0.234375 0.59140625 0.065625 0.0421875
0 0.34609375 0.42109375 0.0609375 0.0328125
0 0.49375 0.33828125 0.034375 0.0296875
4 0.3625 0.11484375 0.040625 0.0265625
4 0.471875 0.184375 0.0328125 0.0296875
4 0.4328125 0.17421875 0.0296875 0.0171875
4 0.3859375 0.3296875 0.0296875 0.04375
2 0.25 0.40703125 0.090625 0.05
1 0.90390625 0.3703125 0.021875 0.0390625
0 0.88046875 0.35859375 0.0125 0.0171875
4 0.83046875 0.4453125 0.015625 0.0203125
4 0.43984375 0.70234375 0.0421875 0.0640625
4 0.38046875 0.73359375 0.0546875 0.0703125
0 0.36015625 0.71640625 0.05625 0.046875
2 0.26953125 0.6984375 0.065625 0.0671875