1 0.4015625 0.234375 0.053125 0.0796875
1 0.3796875 0.5546875 0.053125 0.0484375
1 0.43203125 0.6359375 0.0359375 0.0359375
1 0.2390625 0.89375 0.01875 0.025
1 0.3328125 0.72734375 0.025 0.0171875
0 0.47734375 0.359375 0.0375 0.025
0 0.528125 0.56171875 0.0390625 0.034375
0 0.52109375 0.5890625 0.0375 0.021875
0 0.5046875 0.5875 0.025 0.034375
0 0.53828125 0.62265625 0.0375 0.0375
0 0.4765625 0.778125 0.0234375 0.0265625
0 0.415625 0.8171875 0.0265625 0.021875
0 0.35859375 0.68125 0.03125 0.0203125
0 0.5578125 0.509375 0.0234375 0.028125
0 0.5859375 0.5234375 0.0359375 0.034375
0 0.35390625 0.47265625 0.0265625 0.0203125
4 0.409375 0.3671875 0.0359375 0.03125
4 0.54609375 0.34453125 0.034375 0.025
4 0.38046875 0.51875 0.0375 0.03125
4 0.35 0.7859375 0.0203125 0.015625
2 0.44921875 0.36015625 0.03125 0.0421875
4 0.6359375 0.43046875 0.059375 0.034375
4 0.7359375 0.4296875 0.046875 0.0453125
4 0.68203125 0.534375 0.05625 0.05
4 0.5171875 0.52265625 0.040625 0.034375
4 0.4859375 0.5328125 0.034375 0.0453125
4 0.5390625 0.5 0.021875 0.01875
0 0.44609375 0.928125 0.028125 0.0234375
2 0.4640625 0.559375 0.040625 0.0453125