0 0.540625 0.6984375 0.0296875 0.0328125
4 0.5984375 0.7875 0.0234375 0.04375
4 0.63203125 0.7796875 0.0234375 0.028125
4 0.6671875 0.67578125 0.0375 0.034375
2 0.66875 0.47890625 0.0203125 0.0265625
3 0.5484375 0.4703125 0.0484375 0.0359375
4 0.5046875 0.6078125 0.040625 0.0421875
3 0.56796875 0.60234375 0.021875 0.028125
3 0.51171875 0.68828125 0.0640625 0.0640625
3 0.28203125 0.45390625 0.0296875 0.0375
3 0.475 0.365625 0.0296875 0.0390625
1 0.3828125 0.5625 0.0734375 0.0484375
1 0.46953125 0.68046875 0.05 0.0515625
1 0.40703125 0.6984375 0.0421875 0.0484375
1 0.453125 0.8953125 0.0328125 0.0390625
3 0.49140625 0.54296875 0.0375 0.0390625
2 0.4640625 0.4140625 0.0640625 0.0484375
0 0.51328125 0.2015625 0.021875 0.0171875