0 0.5 0.77421875 0.0453125 0.0390625
3 0.740625 0.68984375 0.040625 0.04375
3 0.4609375 0.38359375 0.065625 0.040625
3 0.30390625 0.67265625 0.1046875 0.0421875
4 0.4703125 0.59453125 0.0234375 0.0359375
2 0.74609375 0.55625 0.0453125 0.0375
3 0.696875 0.58046875 0.021875 0.0140625
1 0.646875 0.44453125 0.0296875 0.0296875
3 0.66953125 0.45703125 0.0390625 0.0484375
1 0.31953125 0.5375 0.0703125 0.05
1 0.27734375 0.74453125 0.05 0.0703125
1 0.0453125 0.965625 0.090625 0.040625
3 0.6390625 0.85703125 0.0140625 0.034375