1 0.028125 0.55703125 0.0375 0.0390625
4 0.4 0.37890625 0.0796875 0.06875
4 0.67578125 0.39375 0.1109375 0.078125
4 0.6515625 0.134375 0.0890625 0.05
4 0.0921875 0.246875 0.034375 0.034375
4 0.22265625 0.31015625 0.065625 0.0328125
4 0.3078125 0.3875 0.05 0.04375
4 0.13125 0.28359375 0.0390625 0.0375
4 0.06015625 0.2625 0.0421875 0.021875
0 0.15546875 0.52734375 0.0390625 0.025
0 0.15234375 0.5609375 0.0453125 0.0328125
0 0.359375 0.54140625 0.0578125 0.040625
0 0.38984375 0.559375 0.0625 0.0359375
0 0.4765625 0.7578125 0.0625 0.040625
2 0.3390625 0.7375 0.0453125 0.05625
4 0.36171875 0.71484375 0.04375 0.0484375
2 0.25234375 0.56796875 0.0640625 0.0421875