0 0.86015625 0.6640625 0.0515625 0.0421875
0 0.95625 0.7734375 0.05 0.0421875
0 0.38671875 0.2765625 0.0171875 0.015625
0 0.35703125 0.29296875 0.015625 0.0125
0 0.29765625 0.4375 0.0125 0.0109375
0 0.5765625 0.3734375 0.0234375 0.01875
4 0.7359375 0.29375 0.0296875 0.0265625
4 0.98046875 0.74296875 0.0390625 0.0515625
4 0.9734375 0.7609375 0.053125 0.05625
1 0.56171875 0.55078125 0.040625 0.0609375
1 0.76171875 0.478125 0.046875 0.0484375
4 0.3625 0.16953125 0.0203125 0.015625
4 0.2734375 0.10234375 0.0125 0.0140625
4 0.2421875 0.1609375 0.009375 0.0109375
1 0.23828125 0.34375 0.009375 0.025
4 0.3890625 0.24140625 0.009375 0.0140625