2 0.5078125 0.265625 0.2109375 0.234375
2 0.66875 0.06953125 0.0765625 0.09375
2 0.56953125 0.02890625 0.1421875 0.0578125
2 0.7328125 0.35390625 0.3625 0.3125
2 0.91328125 0.278125 0.1296875 0.1703125
2 0.55625 0.52578125 0.1296875 0.1375
2 0.559375 0.43046875 0.134375 0.1171875
2 0.47734375 0.425 0.1 0.08125
2 0.553125 0.7203125 0.0703125 0.0875
2 0.6 0.61484375 0.08125 0.0875
2 0.67265625 0.7546875 0.134375 0.1296875
2 0.82265625 0.76328125 0.2 0.20625
1 0.81015625 0.784375 0.1578125 0.1296875
2 0.5375 0.90546875 0.0390625 0.0640625
2 0.6 0.97578125 0.096875 0.0453125
4 0.7796875 0.86484375 0.1484375 0.1640625
2 0.61328125 0.8625 0.0328125 0.0296875
2 0.30625 0.15234375 0.028125 0.034375
2 0.0953125 0.6234375 0.05 0.05625
2 0.10703125 0.4734375 0.021875 0.025
2 0.2015625 0.84765625 0.0265625 0.0328125
4 0.5734375 0.90703125 0.0640625 0.0796875