2 0.37109375 0.853125 0.0359375 0.0484375
0 0.7640625 0.78671875 0.034375 0.0171875
1 0.80546875 0.6328125 0.0375 0.0671875
1 0.48125 0.66484375 0.0453125 0.05625
4 0.45703125 0.7625 0.0375 0.0484375
4 0.10859375 0.84296875 0.134375 0.0734375
0 0.2828125 0.690625 0.08125 0.0421875
0 0.52109375 0.43203125 0.0515625 0.028125
4 0.51796875 0.39453125 0.04375 0.05
2 0.40703125 0.47578125 0.06875 0.0765625
4 0.1171875 0.29921875 0.0546875 0.0390625
4 0.45859375 0.621875 0.0359375 0.0328125
4 0.490625 0.5828125 0.0328125 0.0359375
0 0.54765625 0.72109375 0.0484375 0.025
4 0.6625 0.5328125 0.0296875 0.0328125