2 0.62890625 0.7484375 0.15 0.0890625
2 0.5359375 0.91875 0.0625 0.0921875
2 0.5890625 0.8203125 0.0328125 0.0765625
2 0.74140625 0.6359375 0.0984375 0.071875
2 0.8453125 0.63671875 0.0546875 0.05625
2 0.51171875 0.48359375 0.0578125 0.040625
2 0.5703125 0.39296875 0.0671875 0.0390625
2 0.82265625 0.34609375 0.0375 0.0234375
2 0.83046875 0.18984375 0.0640625 0.0421875
4 0.1796875 0.55625 0.0421875 0.0515625
2 0.0078125 0.37421875 0.009375 0.0390625
2 0.21875 0.04375 0.096875 0.025
2 0.4546875 0.4921875 0.059375 0.0734375
4 0.6375 0.29140625 0.0453125 0.0359375