1 0.0078125 0.6015625 0.015625 0.053125
1 0.30546875 0.421875 0.03125 0.040625
1 0.4328125 0.4234375 0.028125 0.0296875
1 0.34140625 0.80234375 0.05 0.04375
4 0.35625 0.53828125 0.0375 0.0234375
4 0.3359375 0.5234375 0.0390625 0.009375
4 0.34453125 0.765625 0.040625 0.059375
4 0.3578125 0.83046875 0.03125 0.0609375
4 0.26171875 0.79296875 0.03125 0.0609375
4 0.2796875 0.52578125 0.0125 0.034375
4 0.18203125 0.5171875 0.025 0.0234375
4 0.14375 0.71640625 0.025 0.0296875
4 0.25 0.57421875 0.025 0.03125
4 0.259375 0.459375 0.0140625 0.01875
4 0.28671875 0.44296875 0.0234375 0.0328125
4 0.48828125 0.32109375 0.015625 0.015625
4 0.459375 0.334375 0.0140625 0.015625
1 0.5703125 0.18671875 0.015625 0.009375
0 0.6296875 0.31171875 0.0125 0.0203125
0 0.6328125 0.33671875 0.009375 0.0171875
0 0.55859375 0.35 0.0125 0.021875
0 0.54453125 0.41796875 0.01875 0.021875
0 0.4296875 0.35546875 0.0125 0.0171875
0 0.44140625 0.50703125 0.0125 0.0265625
0 0.4578125 0.5171875 0.015625 0.028125
0 0.39375 0.5140625 0.0171875 0.0265625
0 0.38984375 0.55078125 0.0171875 0.0375
0 0.35 0.64453125 0.0234375 0.040625
0 0.396875 0.61484375 0.01875 0.0265625
0 0.209375 0.4 0.0109375 0.0203125
0 0.1640625 0.60234375 0.028125 0.0375
4 0.40859375 0.57734375 0.015625 0.0265625
2 0.38203125 0.4875 0.0296875 0.04375
2 0.1359375 0.61015625 0.046875 0.046875
4 0.33828125 0.975 0.040625 0.04375