4 0.83203125 0.475 0.0421875 0.04375
4 0.55390625 0.596875 0.0296875 0.0328125
4 0.6171875 0.6171875 0.04375 0.025
4 0.42578125 0.6453125 0.025 0.025
4 0.37578125 0.54765625 0.0203125 0.015625
4 0.3625 0.53046875 0.0375 0.034375
4 0.68828125 0.5140625 0.053125 0.034375
4 0.66171875 0.42890625 0.05 0.046875
4 0.690625 0.4109375 0.065625 0.05
4 0.50625 0.45546875 0.025 0.0234375
4 0.45 0.46328125 0.0453125 0.0234375
4 0.42421875 0.4765625 0.021875 0.0453125
4 0.44140625 0.5046875 0.04375 0.0234375
1 0.35625 0.503125 0.0421875 0.040625
1 0.37109375 0.42421875 0.0328125 0.034375
2 0.40703125 0.47109375 0.0375 0.0390625
0 0.4515625 0.4390625 0.0359375 0.0328125
0 0.43046875 0.41875 0.0390625 0.021875
0 0.42890625 0.39609375 0.0390625 0.03125
0 0.42109375 0.43046875 0.0296875 0.025
0 0.29375 0.403125 0.0265625 0.0203125
0 0.3609375 0.58203125 0.01875 0.021875
0 0.56328125 0.45625 0.0328125 0.0328125
0 0.53125 0.44765625 0.0359375 0.0234375
0 0.3625 0.28125 0.0234375 0.0234375
0 0.29140625 0.2703125 0.034375 0.021875
0 0.27734375 0.16796875 0.028125 0.0203125
0 0.25625 0.15625 0.0234375 0.021875
4 0.2515625 0.31875 0.0203125 0.015625
4 0.25625 0.3671875 0.0234375 0.01875
1 0.13125 0.24921875 0.0171875 0.0234375
1 0.49140625 0.765625 0.0578125 0.0796875
2 0.49296875 0.63828125 0.040625 0.0390625
0 0.515625 0.63125 0.0390625 0.025