1 0.325 0.38671875 0.0421875 0.0484375
1 0.45546875 0.4171875 0.0359375 0.0375
1 0.27890625 0.784375 0.0609375 0.05625
4 0.3515625 0.51796875 0.04375 0.0328125
4 0.33359375 0.49765625 0.0421875 0.01875
4 0.28984375 0.74765625 0.0546875 0.0703125
4 0.28984375 0.8171875 0.04375 0.06875
4 0.19921875 0.7578125 0.04375 0.06875
4 0.27578125 0.4875 0.0203125 0.0359375
4 0.17734375 0.4578125 0.0296875 0.0296875
4 0.09453125 0.653125 0.03125 0.0359375
4 0.234375 0.53125 0.0328125 0.0375
4 0.26953125 0.41484375 0.0171875 0.021875
4 0.30078125 0.4046875 0.03125 0.0390625
4 0.534375 0.3234375 0.01875 0.01875
4 0.5015625 0.33125 0.01875 0.01875
1 0.64765625 0.203125 0.01875 0.0140625
0 0.68125 0.34453125 0.0171875 0.0234375
0 0.67890625 0.37109375 0.0140625 0.0203125
0 0.6 0.36875 0.0171875 0.025
0 0.5703125 0.43515625 0.0234375 0.0265625
0 0.46640625 0.34609375 0.0171875 0.021875
0 0.44609375 0.50390625 0.0203125 0.0296875
0 0.46015625 0.5171875 0.0234375 0.03125
0 0.3953125 0.50078125 0.0234375 0.03125
0 0.3828125 0.5375 0.0265625 0.040625
0 0.321875 0.62421875 0.0328125 0.046875
0 0.3765625 0.6046875 0.025 0.03125
0 0.23125 0.34375 0.0171875 0.0234375
0 0.140625 0.54140625 0.0359375 0.0453125
4 0.39609375 0.56796875 0.0234375 0.03125
2 0.3890625 0.47109375 0.040625 0.053125
2 0.11015625 0.54296875 0.0578125 0.0578125
4 0.240625 0.94609375 0.0453125 0.0265625