0 0.55703125 0.3359375 0.0296875 0.025
3 0.41171875 0.1375 0.05 0.075
1 0.46640625 0.3953125 0.0421875 0.0453125
1 0.42265625 0.3484375 0.034375 0.046875
1 0.3125 0.39375 0.06875 0.05
3 0.46640625 0.5125 0.046875 0.0265625
3 0.534375 0.415625 0.0171875 0.021875
3 0.28046875 0.52578125 0.0328125 0.034375
3 0.41484375 0.6390625 0.025 0.0328125
3 0.5109375 0.5390625 0.028125 0.04375
2 0.3703125 0.5234375 0.0609375 0.0515625
4 0.50625 0.45390625 0.028125 0.03125
4 0.5875 0.325 0.015625 0.0421875
2 0.6265625 0.58203125 0.021875 0.0328125
4 0.6171875 0.41484375 0.0234375 0.01875
4 0.63515625 0.40625 0.0140625 0.021875
4 0.64296875 0.42734375 0.0140625 0.0140625
0 0.4671875 0.8703125 0.0203125 0.0171875