2 0.35625 0.59375 0.0421875 0.06875
4 0.621875 0.4109375 0.071875 0.05
4 0.6890625 0.34765625 0.0890625 0.078125
2 0.65546875 0.5578125 0.0734375 0.0796875
2 0.70859375 0.55703125 0.0890625 0.0796875
2 0.63125 0.48359375 0.0828125 0.05625
2 0.79140625 0.51875 0.0953125 0.0640625
1 0.25546875 0.25546875 0.0546875 0.0515625
4 0.30078125 0.165625 0.040625 0.034375
4 0.28203125 0.80703125 0.178125 0.1953125
4 0.96328125 0.54609375 0.0734375 0.0921875
2 0.603125 0.64140625 0.046875 0.0359375
2 0.63359375 0.8859375 0.0578125 0.0390625
2 0.6109375 0.24296875 0.040625 0.0375
4 0.88828125 0.459375 0.1203125 0.0578125
4 0.4375 0.66171875 0.05 0.0421875