4 0.10390625 0.07421875 0.021875 0.028125
1 0.13828125 0.13203125 0.08125 0.03125
2 0.2546875 0.48828125 0.0703125 0.059375
4 0.234375 0.51953125 0.05625 0.01875
0 0.40546875 0.284375 0.03125 0.046875
0 0.4671875 0.28125 0.034375 0.034375
2 0.54921875 0.4078125 0.0484375 0.06875
4 0.66796875 0.0359375 0.021875 0.015625
1 0.6953125 0.03828125 0.03125 0.015625
0 0.72734375 0.03203125 0.025 0.01875
0 0.74765625 0.034375 0.01875 0.0203125
0 0.76953125 0.05 0.01875 0.021875
4 0.8 0.04453125 0.0375 0.0328125
4 0.765625 0.14453125 0.0140625 0.025
0 0.6828125 0.28515625 0.0234375 0.034375
0 0.99453125 0.2015625 0.0109375 0.03125
0 0.91328125 0.29453125 0.0203125 0.04375
4 0.89296875 0.4859375 0.0421875 0.046875
4 0.94296875 0.51796875 0.0296875 0.075
4 0.8296875 0.65859375 0.0328125 0.090625
4 0.80078125 0.8078125 0.053125 0.0859375
4 0.6125 0.49140625 0.0359375 0.071875
0 0.5875 0.45546875 0.021875 0.034375
4 0.45390625 0.978125 0.08125 0.04375