4 0.52890625 0.35390625 0.0921875 0.08125
2 0.41953125 0.27421875 0.1046875 0.11875
1 0.28515625 0.8125 0.0671875 0.0734375
4 0.08125 0.865625 0.0515625 0.0359375
2 0.78046875 0.3078125 0.115625 0.1171875
2 0.84765625 0.2546875 0.1046875 0.1234375
2 0.8546875 0.53515625 0.046875 0.065625
2 0.94921875 0.55078125 0.0328125 0.0421875
2 0.57421875 0.2546875 0.0734375 0.078125
2 0.48359375 0.16796875 0.0734375 0.0640625
2 0.428125 0.1609375 0.0640625 0.05
4 0.521875 0.13203125 0.0921875 0.084375
2 0.7890625 0.59375 0.0828125 0.0796875
2 0.95390625 0.63515625 0.0515625 0.053125
4 0.8609375 0.8953125 0.0640625 0.0671875
4 0.59140625 0.9921875 0.1046875 0.015625
2 0.56640625 0.41875 0.1140625 0.1015625
2 0.59375 0.1796875 0.065625 0.059375