0 0.15234375 0.3953125 0.025 0.0390625
1 0.24453125 0.48046875 0.05 0.0421875
1 0.2796875 0.27890625 0.0671875 0.03125
4 0.45234375 0.53125 0.0328125 0.0359375
2 0.46953125 0.68828125 0.0765625 0.078125
4 0.58046875 0.56875 0.05625 0.0390625
4 0.5765625 0.5375 0.0390625 0.046875
0 0.6015625 0.47265625 0.034375 0.0390625
0 0.56640625 0.628125 0.0421875 0.0375
0 0.63359375 0.54765625 0.034375 0.0484375
4 0.57578125 0.65859375 0.0390625 0.04375
0 0.83515625 0.709375 0.0296875 0.0515625
0 0.98046875 0.50625 0.0328125 0.0453125
2 0.99375 0.4921875 0.0125 0.053125
4 0.215625 0.07578125 0.0125 0.0125
4 0.29375 0.859375 0.0296875 0.0515625