0 0.29453125 0.51953125 0.034375 0.03125
4 0.375 0.5546875 0.0390625 0.05
1 0.31015625 0.565625 0.0515625 0.0578125
1 0.27890625 0.646875 0.046875 0.0453125
1 0.14296875 0.5890625 0.0359375 0.028125
3 0.45859375 0.64765625 0.05 0.06875
3 0.3421875 0.53046875 0.028125 0.06875
3 0.51953125 0.51171875 0.0515625 0.0296875
3 0.45703125 0.54609375 0.05625 0.0328125
4 0.38125 0.49375 0.0265625 0.01875
4 0.2078125 0.4296875 0.0265625 0.0234375
4 0.29765625 0.39296875 0.0359375 0.028125
2 0.49609375 0.38671875 0.025 0.021875
3 0.59375 0.70859375 0.034375 0.03125
3 0.6 0.528125 0.0453125 0.0546875
3 0.64140625 0.54140625 0.0328125 0.025
0 0.78125 0.484375 0.0140625 0.0203125