4 0.5953125 0.85546875 0.0515625 0.0375
4 0.56328125 0.79140625 0.0390625 0.034375
4 0.75859375 0.3359375 0.04375 0.05625
4 0.2515625 0.40390625 0.0171875 0.0125
1 0.14921875 0.43515625 0.01875 0.034375
1 0.45234375 0.41171875 0.046875 0.0453125
1 0.678125 0.50625 0.0609375 0.0625
0 0.825 0.4921875 0.0671875 0.040625
0 0.728125 0.6359375 0.065625 0.034375
2 0.76953125 0.66875 0.10625 0.0640625
2 0.8265625 0.41328125 0.0734375 0.0640625
0 0.771875 0.3578125 0.053125 0.046875
0 0.54765625 0.6265625 0.0296875 0.03125