1 0.5453125 0.35 0.0515625 0.05625
1 0.503125 0.5890625 0.0453125 0.0546875
0 0.52578125 0.765625 0.0328125 0.0625
0 0.38671875 0.6203125 0.0234375 0.05625
0 0.33984375 0.46015625 0.025 0.0328125
4 0.09453125 0.53671875 0.021875 0.0375
4 0.1859375 0.446875 0.0265625 0.028125
4 0.16796875 0.48203125 0.0140625 0.028125
4 0.30703125 0.56171875 0.040625 0.0234375
2 0.35234375 0.71015625 0.0375 0.0859375
1 0.46171875 0.071875 0.0375 0.0171875
0 0.4453125 0.090625 0.015625 0.009375
4 0.5171875 0.159375 0.01875 0.0125
4 0.67890625 0.59296875 0.0609375 0.0328125
4 0.6953125 0.65703125 0.0625 0.0453125
0 0.67421875 0.6734375 0.0390625 0.0515625
2 0.6375 0.75625 0.0578125 0.0578125