1 0.98125 0.45625 0.0375 0.040625
4 0.6 0.62421875 0.0796875 0.0671875
4 0.321875 0.6 0.109375 0.0765625
4 0.3375 0.86171875 0.0890625 0.05
4 0.90546875 0.76875 0.0328125 0.0328125
4 0.7765625 0.7 0.065625 0.03125
4 0.69375 0.61875 0.05 0.0421875
4 0.86796875 0.73046875 0.0390625 0.0375
4 0.93984375 0.75390625 0.0421875 0.0203125
0 0.85078125 0.48359375 0.0390625 0.025
0 0.85703125 0.45 0.0453125 0.03125
0 0.64765625 0.46171875 0.0578125 0.0390625
0 0.615625 0.44296875 0.0625 0.034375
0 0.53671875 0.2390625 0.0640625 0.040625
2 0.6734375 0.26484375 0.04375 0.05625
4 0.65 0.2859375 0.0421875 0.0484375
2 0.75625 0.43828125 0.0640625 0.040625