4 0.096875 0.44453125 0.0265625 0.0484375
4 0.1921875 0.3640625 0.0265625 0.0328125
4 0.30703125 0.54765625 0.0515625 0.0359375
4 0.53671875 0.125 0.0203125 0.0140625
1 0.4828125 0.04296875 0.0359375 0.0125
1 0.5453125 0.321875 0.046875 0.0375
0 0.4671875 0.0578125 0.015625 0.0078125
0 0.3265625 0.40234375 0.025 0.0328125
0 0.3796875 0.62421875 0.028125 0.0484375
0 0.51875 0.71875 0.034375 0.053125
0 0.665625 0.68515625 0.040625 0.040625
4 0.17578125 0.4046875 0.0171875 0.0265625
1 0.4890625 0.6078125 0.0515625 0.0515625
2 0.6296875 0.7296875 0.0609375 0.0359375
2 0.34296875 0.6859375 0.046875 0.071875