2 0.50234375 0.28984375 0.215625 0.2390625
2 0.6515625 0.0875 0.0765625 0.09375
2 0.54765625 0.0421875 0.1515625 0.084375
2 0.72890625 0.365625 0.365625 0.321875
2 0.90625 0.28125 0.1390625 0.1734375
2 0.56328125 0.54453125 0.1328125 0.140625
2 0.56328125 0.45078125 0.1359375 0.121875
2 0.48125 0.44921875 0.1 0.084375
2 0.57109375 0.7375 0.071875 0.0875
2 0.6125 0.63046875 0.084375 0.0890625
2 0.690625 0.7640625 0.1375 0.1328125
2 0.83984375 0.765625 0.203125 0.209375
1 0.828125 0.78671875 0.1609375 0.134375
2 0.565625 0.92109375 0.040625 0.0625
2 0.628125 0.978125 0.09375 0.0328125
4 0.8015625 0.86796875 0.1515625 0.165625
2 0.63828125 0.8734375 0.0328125 0.03125
2 0.29765625 0.1890625 0.028125 0.0359375
2 0.1140625 0.66484375 0.05 0.05625
2 0.11875 0.5171875 0.0234375 0.025
2 0.23046875 0.88046875 0.028125 0.034375
4 0.60078125 0.9203125 0.065625 0.08125