2 0.9578125 0.69609375 0.0703125 0.153125
2 0.71796875 0.6796875 0.1203125 0.1296875
2 0.87890625 0.84140625 0.090625 0.034375
2 0.79609375 0.80234375 0.0890625 0.1140625
2 0.52890625 0.990625 0.0796875 0.01875
2 0.7703125 0.403125 0.05 0.040625
2 0.83828125 0.51953125 0.075 0.05
2 0.7140625 0.5875 0.1203125 0.0875
2 0.9171875 0.42890625 0.0921875 0.071875
2 0.8484375 0.70703125 0.15 0.15
2 0.9453125 0.8484375 0.0671875 0.0703125
4 0.9625 0.80546875 0.0359375 0.0296875
4 0.63671875 0.521875 0.0640625 0.0421875
4 0.67421875 0.475 0.0265625 0.034375
2 0.38125 0.64453125 0.06875 0.0609375
2 0.9625 0.60859375 0.0421875 0.025
2 0.61875 0.36875 0.0515625 0.025
2 0.36796875 0.40703125 0.1046875 0.059375
2 0.721875 0.5140625 0.0921875 0.046875
2 0.559375 0.56484375 0.03125 0.0203125
2 0.71640625 0.4078125 0.0296875 0.0171875
2 0.4390625 0.5 0.1625 0.096875
2 0.5671875 0.54296875 0.11875 0.08125
2 0.6171875 0.4703125 0.1 0.0796875
2 0.77265625 0.4734375 0.0671875 0.0578125
2 0.703125 0.47265625 0.0453125 0.028125
2 0.97734375 0.56484375 0.0453125 0.1109375