0 0.496875 0.19609375 0.015625 0.00625
1 0.471875 0.18203125 0.034375 0.0140625
4 0.41796875 0.26796875 0.009375 0.009375
1 0.4171875 0.48125 0.046875 0.0421875
1 0.47890625 0.76171875 0.0515625 0.0421875
0 0.4171875 0.86796875 0.046875 0.0515625
0 0.58984375 0.84375 0.0296875 0.053125
2 0.62265625 0.84140625 0.0421875 0.0796875
4 0.85703125 0.7203125 0.0171875 0.0375
4 0.7828125 0.67421875 0.0328125 0.0203125
0 0.6296875 0.628125 0.0234375 0.0390625
4 0.85 0.815625 0.0390625 0.0359375
2 0.35234375 0.85546875 0.05625 0.0484375
4 0.28125 0.7953125 0.0484375 0.0421875
0 0.3078125 0.803125 0.0359375 0.046875