2 0.83515625 0.4421875 0.1359375 0.1265625
2 0.87421875 0.57265625 0.103125 0.1125
2 0.9390625 0.64453125 0.08125 0.05625
2 0.63515625 0.6515625 0.134375 0.109375
2 0.57734375 0.36796875 0.075 0.0671875
2 0.57890625 0.15234375 0.1046875 0.0640625
2 0.87109375 0.3734375 0.0890625 0.0859375
4 0.815625 0.3125 0.075 0.0609375
2 0.96875 0.35234375 0.0625 0.0640625
2 0.95234375 0.24453125 0.0484375 0.0375
2 0.90234375 0.23828125 0.0296875 0.0265625
4 0.84453125 0.2734375 0.03125 0.0328125
2 0.79375 0.1703125 0.04375 0.0390625
2 0.95859375 0.53671875 0.059375 0.034375
4 0.975 0.61328125 0.0296875 0.0328125
4 0.62109375 0.76953125 0.1078125 0.0921875
2 0.94765625 0.3015625 0.1046875 0.065625
2 0.86015625 0.3203125 0.0546875 0.0484375
2 0.75625 0.31015625 0.115625 0.0890625
2 0.75078125 0.3265625 0.0359375 0.03125
4 0.928125 0.1625 0.034375 0.021875
2 0.64375 0.26484375 0.153125 0.0984375
2 0.9375 0.46640625 0.10625 0.096875