4 0.684375 0.5296875 0.0875 0.05625
2 0.3421875 0.5109375 0.0578125 0.0578125
1 0.36640625 0.60546875 0.075 0.071875
1 0.4265625 0.95703125 0.0578125 0.0609375
1 0.3953125 0.45078125 0.059375 0.0546875
1 0.3171875 0.23515625 0.06875 0.090625
0 0.65859375 0.33515625 0.05 0.0546875
0 0.5625 0.48515625 0.05 0.040625
0 0.6859375 0.44453125 0.0578125 0.0484375
0 0.6890625 0.4828125 0.075 0.0578125
0 0.40625 0.6359375 0.0453125 0.04375
0 0.45234375 0.5140625 0.04375 0.0453125
0 0.59140625 0.675 0.0515625 0.0578125
0 0.6578125 0.84921875 0.075 0.05
0 0.6078125 0.77578125 0.0578125 0.0375
4 0.528125 0.75703125 0.053125 0.046875
4 0.36328125 0.74453125 0.0375 0.034375