4 0.3484375 0.240625 0.0203125 0.0296875
4 0.325 0.1828125 0.034375 0.0265625
4 0.28515625 0.20703125 0.059375 0.028125
0 0.396875 0.39765625 0.034375 0.0328125
0 0.115625 0.6328125 0.059375 0.0375
0 0.16015625 0.459375 0.0546875 0.03125
2 0.1203125 0.43984375 0.0796875 0.0578125
2 0.15234375 0.71640625 0.065625 0.059375
1 0.27109375 0.56640625 0.0671875 0.0609375
0 0.2265625 0.75 0.0546875 0.0421875
0 0.79609375 0.440625 0.0109375 0.0171875
1 0.81484375 0.4578125 0.0203125 0.0359375
4 0.7390625 0.521875 0.01875 0.0109375
1 0.5484375 0.58125 0.0453125 0.0453125
4 0.25234375 0.7625 0.0390625 0.05625