0 0.3953125 0.8125 0.0453125 0.025
3 0.325 0.46640625 0.0609375 0.0671875
3 0.3609375 0.36015625 0.0421875 0.0625
3 0.609375 0.53203125 0.0671875 0.0734375
3 0.31796875 0.625 0.0234375 0.0265625
3 0.53046875 0.74140625 0.0796875 0.0328125
3 0.6375 0.78046875 0.04375 0.08125
1 0.5390625 0.484375 0.05625 0.046875
1 0.5875 0.859375 0.059375 0.06875
1 0.959375 0.88515625 0.08125 0.0671875
4 0.47421875 0.61484375 0.0453125 0.034375
2 0.29609375 0.66171875 0.05 0.0484375
2 0.19375 0.8265625 0.0171875 0.0265625
2 0.11171875 0.6296875 0.0203125 0.0234375
2 0.078125 0.8078125 0.0265625 0.0265625