4 0.51796875 0.4390625 0.0609375 0.1359375
2 0.534375 0.16875 0.0640625 0.0765625
2 0.89921875 0.484375 0.2015625 0.225
2 0.91171875 0.65859375 0.175 0.1859375
2 0.86796875 0.28984375 0.0765625 0.103125
4 0.5109375 0.35390625 0.0453125 0.0625
4 0.3703125 0.8953125 0.0359375 0.08125
4 0.734375 0.4015625 0.028125 0.04375
4 0.553125 0.0453125 0.05625 0.0796875
0 0.2390625 0.35703125 0.0171875 0.021875
3 0.29375 0.478125 0.0359375 0.075
3 0.484375 0.98203125 0.05625 0.0359375
1 0.31796875 0.93359375 0.0453125 0.06875
2 0.23359375 0.47265625 0.03125 0.05
2 0.17734375 0.46015625 0.0203125 0.03125
2 0.21796875 0.22890625 0.015625 0.053125
2 0.25625 0.1796875 0.0359375 0.0625
2 0.60078125 0.275 0.0625 0.0578125
2 0.46171875 0.28828125 0.0421875 0.059375
2 0.5859375 0.3453125 0.0796875 0.0640625
2 0.5671875 0.375 0.0421875 0.0578125
2 0.56953125 0.29296875 0.0609375 0.0671875
2 0.7578125 0.25859375 0.040625 0.05625
2 0.71015625 0.5171875 0.0671875 0.071875
2 0.80625 0.44453125 0.0265625 0.103125
2 0.6625 0.48671875 0.0609375 0.0640625
2 0.653125 0.53359375 0.028125 0.04375
2 0.6046875 0.1453125 0.05 0.0453125
2 0.9390625 0.09453125 0.121875 0.1765625
2 0.18671875 0.21328125 0.009375 0.01875
4 0.17578125 0.25078125 0.015625 0.0125
2 0.71171875 0.1546875 0.0703125 0.0703125
4 0.71640625 0.68828125 0.11875 0.0875
2 0.83125 0.3578125 0.04375 0.0359375