3 0.215625 0.840625 0.0265625 0.053125
4 0.49296875 0.76640625 0.0578125 0.0625
2 0.5328125 0.734375 0.1 0.1015625
2 0.81015625 0.56171875 0.0796875 0.0953125
2 0.803125 0.49609375 0.0453125 0.0640625
2 0.79453125 0.346875 0.046875 0.0515625
2 0.809375 0.39609375 0.0421875 0.0515625
3 0.8703125 0.34765625 0.1265625 0.190625
2 0.978125 0.42265625 0.0328125 0.021875
4 0.953125 0.26328125 0.0453125 0.0625
2 0.91640625 0.134375 0.0453125 0.065625
2 0.93671875 0.1765625 0.0484375 0.0265625
2 0.84453125 0.0484375 0.1984375 0.096875
2 0.82265625 0.11640625 0.0953125 0.059375
4 0.7515625 0.06015625 0.078125 0.1203125
2 0.86015625 0.14921875 0.0296875 0.0359375
2 0.665625 0.26875 0.0984375 0.134375
2 0.5140625 0.3796875 0.0625 0.0484375
2 0.3546875 0.2484375 0.03125 0.028125
2 0.76484375 0.45390625 0.09375 0.165625
4 0.675 0.49453125 0.0390625 0.059375