4 0.64921875 0.22109375 0.0203125 0.0296875
4 0.671875 0.1640625 0.034375 0.0265625
4 0.7125 0.18828125 0.0609375 0.028125
0 0.6 0.3796875 0.034375 0.0328125
0 0.8828125 0.61640625 0.059375 0.0375
0 0.83828125 0.44140625 0.0546875 0.03125
2 0.87890625 0.421875 0.0796875 0.0578125
2 0.84609375 0.7 0.0671875 0.059375
1 0.72578125 0.54921875 0.06875 0.0609375
0 0.77109375 0.73359375 0.0546875 0.0421875
0 0.1984375 0.421875 0.0109375 0.0171875
1 0.17890625 0.440625 0.0203125 0.0359375
4 0.25546875 0.5046875 0.01875 0.0109375
1 0.44765625 0.5640625 0.0453125 0.0453125
4 0.74609375 0.746875 0.0390625 0.05625