1 0.30078125 0.43203125 0.0734375 0.05
1 0.70390625 0.42734375 0.0359375 0.0359375
1 0.6046875 0.3859375 0.053125 0.0453125
1 0.9125 0.24375 0.025 0.0203125
4 0.58828125 0.46640625 0.04375 0.0375
4 0.58515625 0.5 0.0359375 0.0453125
4 0.6140625 0.703125 0.040625 0.0765625
4 0.59609375 0.6640625 0.05 0.03125
4 0.48046875 0.79453125 0.0390625 0.0453125
4 0.4953125 0.6828125 0.034375 0.0625
2 0.43125 0.4578125 0.04375 0.034375
4 0.4234375 0.42265625 0.0171875 0.0328125
4 0.42421875 0.59375 0.0203125 0.0390625
4 0.54609375 0.38828125 0.01875 0.0234375
4 0.7703125 0.3375 0.0125 0.028125
4 0.8234375 0.36640625 0.015625 0.0265625
0 0.7296875 0.3703125 0.0125 0.0265625
0 0.96015625 0.440625 0.015625 0.0265625
0 0.9828125 0.42265625 0.0171875 0.028125
0 0.85546875 0.42421875 0.01875 0.0265625
0 0.82421875 0.4609375 0.0234375 0.0234375
0 0.6953125 0.51953125 0.0359375 0.0390625
0 0.65859375 0.50703125 0.021875 0.0390625
0 0.64453125 0.4859375 0.0296875 0.0203125
0 0.634375 0.51328125 0.0328125 0.03125
0 0.60546875 0.58203125 0.0328125 0.034375
0 0.578125 0.54296875 0.0203125 0.0359375
0 0.4265625 0.49609375 0.021875 0.0453125
0 0.5265625 0.37109375 0.0203125 0.01875
4 0.55625 0.51796875 0.0234375 0.0265625
4 0.61875 0.4515625 0.04375 0.0328125