2 0.146875 0.634375 0.29375 0.278125
2 0.34609375 0.7359375 0.1828125 0.21875
2 0.26328125 0.9671875 0.103125 0.046875
2 0.17578125 0.921875 0.0703125 0.090625
2 0.33359375 0.49296875 0.125 0.128125
2 0.3828125 0.5984375 0.0859375 0.06875
2 0.0625 0.70625 0.0546875 0.028125
2 0.00859375 0.67265625 0.0171875 0.0640625
2 0.30078125 0.41484375 0.05625 0.0734375
2 0.35625 0.27578125 0.053125 0.075
1 0.09609375 0.20703125 0.153125 0.109375
2 0.08984375 0.23671875 0.1625 0.178125
2 0.22109375 0.28671875 0.084375 0.0640625
2 0.2515625 0.24921875 0.0984375 0.053125
2 0.3078125 0.15703125 0.0328125 0.025
4 0.1375 0.13984375 0.165625 0.15
2 0.79375 0.42890625 0.04375 0.0515625
2 0.753125 0.57578125 0.015625 0.0234375
2 0.70859375 0.18515625 0.025 0.0296875
2 0.52109375 0.87421875 0.0234375 0.0296875
4 0.4859375 0.984375 0.04375 0.03125
2 0.37578125 0.0890625 0.03125 0.0640625
4 0.33359375 0.09609375 0.05625 0.078125
2 0.31015625 0.00625 0.0359375 0.0125
2 0.34921875 0.009375 0.0265625 0.01875