4 0.28203125 0.54375 0.0875 0.0515625
2 0.6203125 0.50703125 0.0546875 0.05625
1 0.6015625 0.60234375 0.071875 0.06875
1 0.56015625 0.95390625 0.05625 0.059375
1 0.565625 0.45 0.0578125 0.053125
1 0.63203125 0.23203125 0.0640625 0.0890625
0 0.2984375 0.34921875 0.0484375 0.053125
0 0.40078125 0.49296875 0.0484375 0.0390625
0 0.2765625 0.45859375 0.05625 0.046875
0 0.275 0.496875 0.071875 0.0546875
0 0.56484375 0.634375 0.04375 0.0421875
0 0.51171875 0.51640625 0.0421875 0.04375
0 0.38203125 0.68359375 0.05 0.05625
0 0.325 0.86015625 0.0734375 0.046875
0 0.3703125 0.784375 0.05625 0.034375
4 0.44921875 0.7609375 0.0515625 0.0453125
4 0.61171875 0.73984375 0.0359375 0.0328125