4 0.9640625 0.565625 0.0171875 0.0234375
4 0.709375 0.8140625 0.034375 0.021875
4 0.51171875 0.7703125 0.0421875 0.034375
4 0.3078125 0.69296875 0.0796875 0.05
4 0.21015625 0.628125 0.1046875 0.05
4 0.1125 0.5109375 0.05625 0.0609375
4 0.29765625 0.278125 0.0515625 0.0859375
4 0.4359375 0.31796875 0.0640625 0.053125
4 0.74609375 0.21796875 0.021875 0.021875
0 0.7109375 0.25703125 0.025 0.0390625
0 0.64765625 0.2640625 0.04375 0.0328125
0 0.609375 0.26953125 0.0421875 0.0359375
0 0.67734375 0.3765625 0.0234375 0.0234375
0 0.76796875 0.15625 0.0265625 0.0234375
0 0.78125 0.18671875 0.0203125 0.021875
0 0.82578125 0.1296875 0.0328125 0.0203125
0 0.8203125 0.10703125 0.0328125 0.0203125
4 0.92421875 0.1484375 0.0171875 0.0265625
1 0.83828125 0.17265625 0.0296875 0.040625
4 0.70625 0.15 0.0546875 0.0328125
0 0.91484375 0.709375 0.01875 0.0171875
4 0.86953125 0.703125 0.015625 0.0140625
1 0.82734375 0.821875 0.05625 0.0546875
1 0.70859375 0.75859375 0.0578125 0.065625
0 0.71171875 0.6109375 0.028125 0.0421875
0 0.66796875 0.615625 0.0234375 0.0390625
4 0.5234375 0.65703125 0.04375 0.0453125
4 0.3734375 0.62890625 0.0515625 0.046875
4 0.35234375 0.61875 0.0484375 0.04375
2 0.51171875 0.72109375 0.05625 0.071875
4 0.50625 0.321875 0.0546875 0.0328125
2 0.70078125 0.36953125 0.0421875 0.04375