1 0.4515625 0.72734375 0.0421875 0.0734375
1 0.36328125 0.41875 0.046875 0.0421875
1 0.39765625 0.328125 0.03125 0.03125
1 0.1546875 0.11640625 0.015625 0.021875
1 0.28203125 0.259375 0.0234375 0.0125
0 0.5 0.5890625 0.034375 0.01875
0 0.50703125 0.38125 0.034375 0.028125
0 0.4953125 0.35546875 0.0359375 0.015625
0 0.4796875 0.36015625 0.01875 0.03125
0 0.5046875 0.3203125 0.03125 0.0328125
0 0.4125 0.1796875 0.01875 0.0234375
0 0.34453125 0.1546875 0.0234375 0.0171875
0 0.31640625 0.29921875 0.028125 0.015625
0 0.546875 0.42578125 0.01875 0.025
0 0.571875 0.40625 0.03125 0.0296875
0 0.35546875 0.50390625 0.0234375 0.015625
4 0.43203125 0.59609375 0.03125 0.025
4 0.56953125 0.5890625 0.03125 0.01875
4 0.371875 0.45390625 0.0328125 0.025
4 0.28671875 0.1984375 0.01875 0.0125
2 0.471875 0.59453125 0.025 0.0375
4 0.63984375 0.48671875 0.05625 0.025
4 0.73828125 0.4671875 0.040625 0.0375
4 0.6625 0.375 0.05 0.0421875
4 0.5046875 0.42109375 0.0359375 0.028125
4 0.471875 0.41796875 0.0265625 0.040625
4 0.53125 0.4390625 0.01875 0.015625
0 0.3515625 0.0390625 0.025 0.01875
2 0.4453125 0.39609375 0.034375 0.0390625