0 0.60390625 0.625 0.03125 0.03125
0 0.43359375 0.9703125 0.0390625 0.059375
0 0.58359375 0.86171875 0.034375 0.0609375
0 0.28125 0.9 0.040625 0.0546875
4 0.2609375 0.8734375 0.059375 0.04375
4 0.846875 0.69140625 0.03125 0.05
4 0.78125 0.603125 0.0203125 0.0296875
4 0.81328125 0.6203125 0.021875 0.0296875
4 0.53515625 0.24296875 0.04375 0.0609375
4 0.37890625 0.3015625 0.0140625 0.0171875
1 0.41796875 0.20703125 0.0375 0.0171875
0 0.43828125 0.2296875 0.0171875 0.0125
1 0.378125 0.50625 0.0515625 0.05625
1 0.45390625 0.8046875 0.059375 0.0625
2 0.61953125 0.90625 0.05625 0.0828125
2 0.3328125 0.96875 0.0625 0.0625