2 0.24765625 0.2828125 0.153125 0.065625
2 0.37890625 0.29609375 0.05 0.025
4 0.115625 0.33203125 0.046875 0.0390625
2 0.134375 0.446875 0.115625 0.053125
2 0.10703125 0.7546875 0.071875 0.053125
2 0.028125 0.79375 0.05625 0.05
2 0.0640625 0.84609375 0.0609375 0.0390625
2 0.19921875 0.70625 0.11875 0.071875
2 0.28046875 0.6546875 0.08125 0.040625
2 0.27421875 0.7203125 0.06875 0.05625
2 0.37109375 0.68125 0.075 0.05
2 0.46171875 0.771875 0.09375 0.103125
2 0.440625 0.6953125 0.0796875 0.06875
2 0.5671875 0.784375 0.1109375 0.103125
2 0.50234375 0.8875 0.0625 0.065625
2 0.44453125 0.84921875 0.1078125 0.0921875
4 0.4703125 0.94296875 0.075 0.065625
4 0.6875 0.93125 0.13125 0.09375
4 0.38359375 0.765625 0.0828125 0.1
4 0.228125 0.76484375 0.0375 0.046875
2 0.06171875 0.95859375 0.1234375 0.08125
2 0.8671875 0.8609375 0.0375 0.078125
2 0.9484375 0.7421875 0.103125 0.1453125
2 0.99296875 0.7609375 0.0125 0.109375
2 0.99609375 0.8875 0.0078125 0.0609375
2 0.06015625 0.66953125 0.11875 0.11875
2 0.328125 0.73046875 0.0265625 0.025
2 0.58046875 0.91875 0.0703125 0.05
4 0.58359375 0.62421875 0.0828125 0.065625
1 0.43828125 0.6359375 0.028125 0.03125
4 0.6515625 0.32734375 0.03125 0.028125
2 0.54375 0.3234375 0.0375 0.028125