2 0.62421875 0.2171875 0.071875 0.215625
2 0.409375 0.32421875 0.071875 0.0734375
4 0.36484375 0.3828125 0.0125 0.01875
4 0.14296875 0.35859375 0.0921875 0.0375
4 0.096875 0.07109375 0.1140625 0.05
4 0.225 0.38984375 0.0328125 0.034375
2 0.575 0.3546875 0.0203125 0.0375
2 0.60625 0.46484375 0.0171875 0.0359375
4 0.590625 0.48671875 0.0234375 0.025
2 0.55625 0.5703125 0.04375 0.1
2 0.43359375 0.58046875 0.0921875 0.1375
2 0.40078125 0.6671875 0.04375 0.0359375
4 0.421875 0.7046875 0.0453125 0.0640625
4 0.5484375 0.68203125 0.0203125 0.0328125
2 0.21484375 0.66640625 0.05625 0.071875
2 0.2015625 0.74609375 0.053125 0.075
4 0.06015625 0.62578125 0.0515625 0.0609375
2 0.07890625 0.8828125 0.059375 0.10625
2 0.00234375 0.94453125 0.0046875 0.0765625
1 0.0359375 0.975 0.071875 0.01875
2 0.184375 0.51875 0.071875 0.084375
2 0.0203125 0.4734375 0.040625 0.0484375