2 0.45 0.85625 0.0828125 0.1
2 0.7515625 0.85234375 0.0890625 0.1
2 0.48359375 0.5671875 0.1140625 0.096875
2 0.5671875 0.5765625 0.0640625 0.0703125
2 0.3296875 0.68359375 0.1765625 0.134375
2 0.2015625 0.76640625 0.065625 0.090625
2 0.0796875 0.8515625 0.0765625 0.0953125
2 0.23359375 0.35234375 0.06875 0.0625
2 0.18671875 0.32265625 0.08125 0.0546875
2 0.34296875 0.271875 0.0703125 0.0453125
4 0.4609375 0.209375 0.05 0.04375
2 0.6015625 0.2671875 0.028125 0.0328125
2 0.6609375 0.11015625 0.0875 0.0546875
4 0.8140625 0.528125 0.0484375 0.0515625
2 0.89296875 0.92265625 0.0828125 0.1546875