0 0.32890625 0.03671875 0.04375 0.0328125
0 0.190625 0.2125 0.053125 0.034375
0 0.41484375 0.37265625 0.040625 0.0328125
4 0.44609375 0.1484375 0.06875 0.0484375
0 0.50859375 0.3765625 0.046875 0.0359375
4 0.41328125 0.42890625 0.046875 0.0609375
4 0.44609375 0.4234375 0.0484375 0.0375
4 0.3109375 0.46171875 0.0515625 0.040625
0 0.34609375 0.45859375 0.0390625 0.0453125
2 0.31015625 0.5625 0.0875 0.078125
4 0.48984375 0.53203125 0.0375 0.0296875
1 0.7578125 0.64375 0.040625 0.0671875
4 0.1796875 0.76953125 0.05625 0.03125
1 0.56328125 0.71640625 0.04375 0.0515625
1 0.67890625 0.79140625 0.0359375 0.021875
4 0.9578125 0.6578125 0.0171875 0.0140625