0 0.2890625 0.6625 0.0578125 0.03125
0 0.303125 0.5296875 0.034375 0.0453125
0 0.31328125 0.49921875 0.046875 0.053125
0 0.44296875 0.45625 0.025 0.0390625
0 0.49765625 0.51328125 0.0265625 0.0328125
0 0.24296875 0.2140625 0.0671875 0.0390625
1 0.49453125 0.33984375 0.040625 0.053125
1 0.5546875 0.17734375 0.0484375 0.065625
1 0.5234375 0.54296875 0.0609375 0.08125
1 0.50390625 0.8203125 0.0421875 0.0515625
4 0.546875 0.640625 0.0328125 0.0265625
4 0.3984375 0.58046875 0.0390625 0.034375
4 0.2546875 0.4765625 0.075 0.0609375
2 0.52890625 0.48515625 0.0515625 0.040625