2 0.59453125 0.73828125 0.1953125 0.2375
2 0.6328125 0.840625 0.025 0.0421875
2 0.57734375 0.803125 0.078125 0.0984375
2 0.5453125 0.86875 0.028125 0.0546875
2 0.53046875 0.98359375 0.0390625 0.0328125
4 0.9671875 0.90625 0.0140625 0.0625
2 0.92109375 0.75625 0.13125 0.1140625
2 0.709375 0.55625 0.1109375 0.159375
2 0.959375 0.2859375 0.08125 0.103125
2 0.61171875 0.4390625 0.1203125 0.1171875
2 0.5859375 0.56953125 0.090625 0.103125
2 0.64609375 0.1296875 0.0578125 0.06875
2 0.42109375 0.0875 0.046875 0.103125
4 0.42890625 0.3859375 0.0328125 0.0265625
4 0.47734375 0.35390625 0.053125 0.0625
4 0.9875 0.20859375 0.025 0.0984375
2 0.77265625 0.9609375 0.0515625 0.06875
2 0.8609375 0.903125 0.1015625 0.121875
2 0.72890625 0.7015625 0.0625 0.146875
2 0.709375 0.821875 0.0703125 0.1140625
2 0.509375 0.9640625 0.05 0.065625
2 0.34609375 0.5765625 0.0765625 0.1203125
2 0.43125 0.903125 0.0890625 0.1265625
2 0.58671875 0.97578125 0.0328125 0.0484375
2 0.4390625 0.521875 0.046875 0.0984375
2 0.80078125 0.74765625 0.08125 0.0578125
2 0.51875 0.4265625 0.1015625 0.1125
2 0.3390625 0.47265625 0.046875 0.046875
2 0.34140625 0.32578125 0.0234375 0.05
2 0.39296875 0.5078125 0.0359375 0.0640625
2 0.46640625 0.70546875 0.084375 0.1234375
2 0.359375 0.6875 0.0703125 0.1078125
2 0.52890625 0.2875 0.0234375 0.0328125
2 0.36015625 0.42109375 0.01875 0.0296875
2 0.5265625 0.296875 0.1125 0.1171875
2 0.49375 0.1765625 0.1078125 0.1609375
2 0.43203125 0.3359375 0.0734375 0.0890625