4 0.44140625 0.09140625 0.0234375 0.0171875
4 0.18125 0.34921875 0.021875 0.034375
4 0.221875 0.55390625 0.0359375 0.04375
4 0.2984375 0.765625 0.05 0.0828125
4 0.36328125 0.86796875 0.05 0.1078125
4 0.48203125 0.9703125 0.0609375 0.0578125
4 0.72578125 0.78359375 0.0890625 0.05
4 0.6859375 0.640625 0.0515625 0.0640625
4 0.79453125 0.321875 0.021875 0.021875
0 0.75546875 0.3578125 0.0390625 0.0265625
0 0.74609375 0.4234375 0.034375 0.0453125
0 0.73984375 0.46328125 0.0375 0.0421875
0 0.63046875 0.390625 0.021875 0.021875
0 0.859375 0.30078125 0.0234375 0.025
0 0.828125 0.2859375 0.021875 0.01875
0 0.8875 0.24140625 0.0203125 0.0328125
0 0.9109375 0.24765625 0.021875 0.03125
4 0.8703125 0.13984375 0.025 0.01875
1 0.84375 0.22890625 0.0421875 0.03125
4 0.8640625 0.365625 0.0328125 0.0546875
0 0.2921875 0.140625 0.0171875 0.01875
4 0.29765625 0.18671875 0.0140625 0.0171875
1 0.175 0.22734375 0.0546875 0.0578125
1 0.2375 0.35234375 0.065625 0.0578125
0 0.3890625 0.35078125 0.0421875 0.0296875
0 0.384375 0.39609375 0.040625 0.025
4 0.33984375 0.54375 0.046875 0.0453125
4 0.36640625 0.6984375 0.0484375 0.053125
4 0.37578125 0.721875 0.0453125 0.0484375
2 0.27265625 0.5546875 0.0734375 0.05625
4 0.684375 0.56796875 0.0328125 0.0546875
2 0.63828125 0.3671875 0.0453125 0.0453125