2 0.734375 0.83125 0.1265625 0.1390625
2 0.625 0.921875 0.1140625 0.1046875
2 0.57734375 0.984375 0.04375 0.025
2 0.453125 0.725 0.1078125 0.1359375
2 0.7015625 0.55390625 0.0671875 0.075
2 0.9078125 0.46875 0.0640625 0.10625
2 0.81484375 0.83828125 0.084375 0.0890625
4 0.85078125 0.76015625 0.059375 0.0765625
2 0.87578125 0.91875 0.0578125 0.053125
2 0.97109375 0.86328125 0.0375 0.0515625
2 0.9578125 0.81328125 0.0265625 0.0296875
4 0.9 0.77109375 0.034375 0.03125
2 0.97734375 0.68046875 0.0375 0.0421875
2 0.690625 0.9671875 0.025 0.0171875
4 0.334375 0.759375 0.090625 0.1078125
2 0.91484375 0.8828125 0.0609375 0.1078125
2 0.86171875 0.80625 0.0484375 0.05625
2 0.82890625 0.70234375 0.0859375 0.11875
2 0.8109375 0.70390625 0.0296875 0.0359375
2 0.8265625 0.5765625 0.096875 0.1578125
2 0.7515625 0.92734375 0.0921875 0.0828125