0 0.38828125 0.39921875 0.028125 0.028125
0 0.09453125 0.6203125 0.0578125 0.034375
0 0.16953125 0.46015625 0.05625 0.03125
0 0.18984375 0.74921875 0.0515625 0.0375
4 0.21796875 0.76328125 0.040625 0.05625
4 0.28125 0.18515625 0.0453125 0.0265625
4 0.3765625 0.23046875 0.028125 0.0171875
4 0.353125 0.203125 0.028125 0.01875
4 0.75546875 0.39453125 0.05625 0.0390625
4 0.72890625 0.55078125 0.015625 0.0140625
1 0.8109375 0.496875 0.015625 0.0359375
0 0.78515625 0.48125 0.0109375 0.015625
1 0.53828125 0.58828125 0.0515625 0.046875
1 0.246875 0.57109375 0.05625 0.053125
2 0.121875 0.43671875 0.0765625 0.0484375
2 0.11328125 0.71484375 0.0640625 0.0578125