2 0.49140625 0.73828125 0.128125 0.115625
2 0.3953125 0.6 0.0921875 0.06875
2 0.321875 0.6421875 0.11875 0.0703125
2 0.2140625 0.72890625 0.1859375 0.1640625
1 0.13359375 0.66953125 0.096875 0.090625
2 0.2078125 0.6390625 0.0578125 0.028125
2 0.2265625 0.6109375 0.0734375 0.0265625
2 0.51328125 0.440625 0.0359375 0.0375
2 0.184375 0.51796875 0.05625 0.03125
2 0.48515625 0.840625 0.0734375 0.05625
2 0.5703125 0.86796875 0.1015625 0.1125
2 0.728125 0.97578125 0.078125 0.0140625
4 0.66171875 0.57421875 0.0234375 0.0171875
4 0.07265625 0.85 0.0828125 0.0859375
2 0.434375 0.6953125 0.071875 0.0625