4 0.5125 0.82109375 0.0390625 0.0359375
4 0.5921875 0.53984375 0.028125 0.0265625
4 0.6203125 0.5984375 0.0171875 0.0375
4 0.62109375 0.4109375 0.0234375 0.021875
4 0.5203125 0.3765625 0.0140625 0.01875
4 0.503125 0.36640625 0.028125 0.0328125
4 0.53125 0.67890625 0.028125 0.05
4 0.44609375 0.665625 0.0390625 0.0421875
4 0.43359375 0.6953125 0.040625 0.059375
4 0.45078125 0.5140625 0.0203125 0.021875
4 0.45078125 0.459375 0.0171875 0.040625
4 0.459375 0.43203125 0.0421875 0.015625
4 0.48984375 0.44453125 0.015625 0.040625
1 0.4765625 0.3640625 0.0328125 0.0359375
1 0.40234375 0.38828125 0.0296875 0.028125
2 0.453125 0.41640625 0.034375 0.03125
0 0.428125 0.46328125 0.0265625 0.03125
0 0.40546875 0.44609375 0.0171875 0.0375
0 0.38359375 0.44765625 0.025 0.0359375
0 0.41484375 0.4359375 0.0203125 0.0265625
0 0.37265625 0.3171875 0.0171875 0.0234375
0 0.55234375 0.35703125 0.01875 0.0171875
0 0.45859375 0.5671875 0.0296875 0.0296875
0 0.446875 0.53828125 0.0171875 0.03125
0 0.26484375 0.39921875 0.0203125 0.0203125
0 0.2453125 0.3328125 0.015625 0.03125
0 0.14609375 0.3328125 0.0171875 0.0265625
0 0.13203125 0.31484375 0.01875 0.0203125
4 0.28671875 0.28828125 0.0140625 0.0171875
4 0.33359375 0.2859375 0.0171875 0.0203125
1 0.20390625 0.18359375 0.0203125 0.0140625
1 0.7453125 0.45703125 0.0703125 0.046875
2 0.6234375 0.47578125 0.0328125 0.034375
0 0.6203125 0.49921875 0.0203125 0.0359375