2 0.40625 0.91015625 0.040625 0.0546875
0 0.83125 0.77578125 0.0390625 0.021875
1 0.85390625 0.59921875 0.0421875 0.075
1 0.5 0.68515625 0.0515625 0.0609375
4 0.4875 0.796875 0.040625 0.05625
4 0.11328125 0.93984375 0.1484375 0.08125
0 0.2828125 0.74453125 0.090625 0.05
0 0.5078125 0.4203125 0.0578125 0.03125
4 0.4984375 0.38046875 0.0484375 0.0546875
2 0.3875 0.48671875 0.0765625 0.0828125
4 0.03828125 0.33671875 0.0609375 0.0453125
4 0.4671875 0.640625 0.040625 0.0390625
4 0.49609375 0.59375 0.0375 0.040625
0 0.58125 0.73671875 0.0546875 0.028125
4 0.67890625 0.51015625 0.0328125 0.0359375