2 0.071875 0.76484375 0.1296875 0.1390625
2 0.46015625 0.521875 0.2515625 0.0703125
2 0.709375 0.67109375 0.0984375 0.05625
2 0.61171875 0.7703125 0.08125 0.065625
2 0.5625 0.70390625 0.0265625 0.0265625
2 0.52734375 0.67578125 0.1234375 0.0953125
2 0.4796875 0.7390625 0.0890625 0.05625
2 0.82734375 0.93359375 0.2078125 0.11875
2 0.68125 0.8515625 0.240625 0.1390625
2 0.66640625 0.95859375 0.13125 0.0765625
2 0.78046875 0.80234375 0.0703125 0.065625
2 0.73515625 0.61640625 0.0234375 0.0640625
2 0.72890625 0.53359375 0.140625 0.0796875
2 0.990625 0.67578125 0.01875 0.0390625
2 0.39140625 0.83515625 0.078125 0.059375
2 0.47734375 0.9015625 0.0609375 0.0421875
2 0.5359375 0.80078125 0.028125 0.0265625
2 0.32109375 0.7578125 0.096875 0.084375
1 0.340625 0.70703125 0.0421875 0.025
2 0.3875 0.72578125 0.0359375 0.0375
4 0.1671875 0.7328125 0.1125 0.0875
2 0.1921875 0.6375 0.1375 0.0703125
2 0.06484375 0.678125 0.0421875 0.0265625
2 0.65234375 0.028125 0.075 0.025
2 0.4859375 0.7984375 0.028125 0.0359375