2 0.628125 0.521875 0.221875 0.196875
2 0.4796875 0.728125 0.078125 0.08125
2 0.44296875 0.96796875 0.1078125 0.0640625
2 0.67734375 0.9671875 0.1265625 0.0484375
2 0.64140625 0.87421875 0.0453125 0.046875
4 0.5890625 0.7765625 0.071875 0.1
2 0.634375 0.65625 0.0953125 0.1140625
2 0.78515625 0.525 0.05625 0.0703125
4 0.82578125 0.8953125 0.184375 0.1703125
2 0.034375 0.36640625 0.0375 0.040625
1 0.7109375 0.91953125 0.0203125 0.0203125
2 0.4765625 0.88671875 0.0234375 0.025
4 0.43125 0.7796875 0.0203125 0.03125