2 0.16796875 0.68125 0.053125 0.0421875
0 0.19296875 0.271875 0.0234375 0.0375
1 0.346875 0.21171875 0.0703125 0.0453125
1 0.34921875 0.54765625 0.059375 0.0515625
4 0.2515625 0.58359375 0.0546875 0.0421875
4 0.20625 0.9390625 0.0875 0.121875
0 0.34375 0.7546875 0.0546875 0.0875
0 0.584375 0.48203125 0.0328125 0.0546875
4 0.621875 0.48125 0.053125 0.0484375
2 0.55078125 0.60390625 0.0828125 0.0765625
4 0.76328125 0.8828125 0.046875 0.059375
4 0.3953125 0.5671875 0.0390625 0.0390625
4 0.43125 0.53046875 0.040625 0.0375
0 0.284375 0.48671875 0.0296875 0.053125
4 0.465625 0.3484375 0.0359375 0.0328125