2 0.57265625 0.12109375 0.05 0.053125
0 0.56328125 0.1625 0.03125 0.03125
0 0.6796875 0.33046875 0.0375 0.040625
0 0.4703125 0.44375 0.046875 0.0375
0 0.515625 0.52578125 0.0328125 0.03125
0 0.41171875 0.5328125 0.04375 0.034375
4 0.55078125 0.4765625 0.034375 0.0484375
2 0.56171875 0.63828125 0.075 0.0703125
4 0.428125 0.55703125 0.03125 0.025
1 0.10703125 0.696875 0.040625 0.06875
1 0.34453125 0.75625 0.0453125 0.053125
4 0.38203125 0.94375 0.03125 0.03125
0 0.1671875 0.89765625 0.03125 0.0265625