0 0.5046875 0.328125 0.034375 0.0359375
4 0.54296875 0.41015625 0.05 0.040625
1 0.553125 0.34375 0.059375 0.0546875
1 0.6359375 0.309375 0.046875 0.046875
1 0.575 0.17109375 0.028125 0.0359375
3 0.63984375 0.4953125 0.06875 0.05
3 0.51796875 0.3765625 0.0703125 0.028125
3 0.50078125 0.559375 0.0296875 0.053125
3 0.5359375 0.49453125 0.0328125 0.0546875
4 0.48046875 0.4171875 0.0171875 0.0265625
4 0.41171875 0.240625 0.021875 0.0265625
4 0.37578125 0.33359375 0.028125 0.0359375
2 0.371875 0.5375 0.0203125 0.0265625
3 0.70546875 0.6328125 0.03125 0.034375
3 0.51953125 0.6421875 0.05625 0.0484375
3 0.534375 0.684375 0.025 0.034375
0 0.478125 0.82890625 0.0203125 0.0140625