2 0.80703125 0.32109375 0.121875 0.109375
2 0.88125 0.43984375 0.090625 0.1
2 0.9625 0.4921875 0.075 0.04375
2 0.66484375 0.58046875 0.1234375 0.0890625
2 0.5328125 0.315625 0.0671875 0.0578125
2 0.47734375 0.103125 0.1015625 0.0484375
2 0.825 0.24375 0.0796875 0.075
4 0.7546875 0.19765625 0.0703125 0.05
2 0.9296875 0.19453125 0.08125 0.053125
2 0.87109375 0.0953125 0.046875 0.0296875
2 0.8203125 0.1015625 0.0265625 0.0234375
4 0.771875 0.15234375 0.0265625 0.0296875
2 0.69453125 0.0640625 0.0390625 0.0328125
2 0.95546875 0.3828125 0.059375 0.025
4 0.98828125 0.45390625 0.0203125 0.028125
4 0.6828125 0.70078125 0.096875 0.078125
2 0.95234375 0.10546875 0.071875 0.075
2 0.88359375 0.153125 0.1046875 0.046875
2 0.8 0.19375 0.0515625 0.0421875
2 0.69453125 0.2109375 0.1078125 0.071875
2 0.69375 0.22890625 0.0328125 0.0265625
4 0.82578125 0.0203125 0.03125 0.0171875
2 0.571875 0.196875 0.1453125 0.0734375
2 0.91484375 0.3171875 0.0953125 0.0828125