0 0.590625 0.675 0.03125 0.071875
0 0.7140625 0.69609375 0.046875 0.05625
0 0.66875 0.69375 0.04375 0.0390625
0 0.80859375 0.5796875 0.03125 0.0546875
0 0.9515625 0.57265625 0.053125 0.053125
0 0.784375 0.41875 0.021875 0.0421875
0 0.65078125 0.49609375 0.03125 0.0390625
0 0.6109375 0.621875 0.040625 0.065625
4 0.8484375 0.3484375 0.021875 0.0359375
4 0.96171875 0.45625 0.034375 0.0375
4 0.70390625 0.7546875 0.0796875 0.065625
4 0.66875 0.58359375 0.0296875 0.0703125
4 0.6671875 0.53359375 0.0515625 0.0375
4 0.5546875 0.70625 0.0625 0.075
4 0.55390625 0.8109375 0.05 0.046875
4 0.446875 0.58828125 0.0375 0.0390625
4 0.54609375 0.4703125 0.05 0.053125
4 0.565625 0.45703125 0.0296875 0.0359375
1 0.64609375 0.36875 0.046875 0.0515625
1 0.6390625 0.4359375 0.040625 0.0515625
1 0.27265625 0.4171875 0.075 0.053125
2 0.5015625 0.41328125 0.0421875 0.05625
2 0.6 0.44765625 0.0546875 0.065625