2 0.70703125 0.64140625 0.221875 0.178125
2 0.80234375 0.68671875 0.040625 0.021875
2 0.77109375 0.6296875 0.09375 0.0703125
2 0.8375 0.6046875 0.0515625 0.025
2 0.9609375 0.59921875 0.05 0.0390625
2 0.69609375 0.94921875 0.1046875 0.1015625
2 0.5203125 0.7359375 0.1515625 0.1
2 0.23671875 0.9578125 0.0953125 0.0765625
2 0.41484375 0.63125 0.109375 0.1109375
2 0.54296875 0.61796875 0.0953125 0.0828125
2 0.11171875 0.6390625 0.0671875 0.0515625
2 0.08984375 0.4171875 0.0984375 0.0390625
4 0.37890625 0.45 0.025 0.03125
4 0.34375 0.49453125 0.059375 0.0484375
4 0.15859375 0.98046875 0.09375 0.028125
2 0.90703125 0.8328125 0.0671875 0.0484375
2 0.84453125 0.91328125 0.1140625 0.0921875
2 0.659375 0.76796875 0.140625 0.0546875
2 0.77734375 0.759375 0.109375 0.0609375
2 0.9328125 0.57734375 0.059375 0.0453125
2 0.98984375 0.58984375 0.0171875 0.034375
2 0.571875 0.38671875 0.1140625 0.0671875
2 0.8796875 0.49609375 0.1203125 0.0796875
2 0.95 0.65546875 0.071875 0.03125
2 0.51015625 0.47109375 0.09375 0.0421875
4 0.9546875 0.925 0.0421875 0.0390625
2 0.69765625 0.840625 0.053125 0.0796875
2 0.4109375 0.540625 0.1046875 0.0921875
2 0.4703125 0.3703125 0.04375 0.04375
2 0.328125 0.36015625 0.046875 0.0203125
2 0.50078125 0.425 0.059375 0.03125
2 0.6859375 0.51328125 0.1171875 0.0765625
2 0.67734375 0.40859375 0.1015625 0.0640625
2 0.275 0.5390625 0.0296875 0.021875
2 0.41953125 0.3859375 0.028125 0.015625
2 0.28359375 0.5375 0.1078125 0.103125
2 0.1703125 0.4953125 0.1515625 0.096875
2 0.3296875 0.44921875 0.0828125 0.0671875