2 0.12578125 0.57265625 0.153125 0.0828125
2 0.10078125 0.6671875 0.071875 0.0515625
2 0.2 0.7359375 0.0859375 0.08125
4 0.66484375 0.7234375 0.05625 0.0453125
4 0.771875 0.82109375 0.0515625 0.034375
2 0.65546875 0.80546875 0.0984375 0.065625
2 0.80625 0.73203125 0.0953125 0.06875
2 0.70390625 0.753125 0.05625 0.0375
2 0.6453125 0.89140625 0.115625 0.0984375
2 0.62734375 0.74296875 0.053125 0.053125
2 0.56484375 0.81484375 0.059375 0.059375
2 0.72578125 0.78359375 0.0265625 0.0328125
2 0.99375 0.5359375 0.0109375 0.0125
2 0.9421875 0.6765625 0.0421875 0.0328125
1 0.6421875 0.653125 0.0328125 0.0140625
2 0.25546875 0.5390625 0.0296875 0.025
2 0.44296875 0.8765625 0.0953125 0.06875
2 0.484375 0.77734375 0.084375 0.09375
2 0.409375 0.73125 0.0703125 0.09375
2 0.396875 0.82109375 0.059375 0.05
2 0.28671875 0.91328125 0.0328125 0.04375
2 0.34453125 0.97734375 0.065625 0.0296875
2 0.6265625 0.675 0.0625 0.0484375
2 0.165625 0.94765625 0.0453125 0.0640625
2 0.7546875 0.7890625 0.0265625 0.0359375
2 0.36796875 0.93203125 0.0671875 0.0921875