2 0.49140625 0.05078125 0.0453125 0.0375
0 0.50859375 0.075 0.040625 0.03125
0 0.68046875 0.18984375 0.0484375 0.0328125
0 0.52890625 0.39453125 0.040625 0.0328125
4 0.4375 0.20703125 0.065625 0.046875
0 0.44765625 0.425 0.0453125 0.034375
4 0.54609375 0.44375 0.0453125 0.0578125
4 0.51640625 0.44765625 0.0453125 0.0359375
4 0.6453125 0.44375 0.0484375 0.0390625
0 0.6140625 0.45078125 0.0375 0.0421875
2 0.675 0.53125 0.0828125 0.075
4 0.509375 0.55625 0.034375 0.0265625
1 0.30546875 0.73125 0.0375 0.0640625
4 0.84921875 0.6765625 0.053125 0.0296875
1 0.49609375 0.7390625 0.0421875 0.0484375
1 0.41640625 0.83828125 0.0328125 0.0203125
4 0.13359375 0.8 0.0171875 0.015625