4 0.66796875 0.43984375 0.06875 0.08125
4 0.53203125 0.6953125 0.0765625 0.1125
4 0.78828125 0.78671875 0.05 0.0921875
4 0.9296875 0.20625 0.034375 0.0359375
4 0.8125 0.30234375 0.0328125 0.06875
4 0.7 0.34765625 0.0421875 0.05
4 0.878125 0.22734375 0.0375 0.0390625
4 0.92890625 0.16796875 0.021875 0.04375
0 0.9484375 0.08984375 0.0296875 0.0234375
0 0.634375 0.14296875 0.025 0.040625
0 0.6046875 0.1234375 0.0328125 0.046875
0 0.53125 0.32890625 0.0375 0.059375
0 0.5 0.3515625 0.034375 0.065625
0 0.27421875 0.34453125 0.0390625 0.065625
2 0.35390625 0.2234375 0.0578125 0.04375
4 0.365625 0.2546875 0.05 0.0421875
2 0.553125 0.21484375 0.040625 0.0671875