2 0.35625 0.43125 0.2078125 0.2515625
2 0.32421875 0.6015625 0.0625 0.05625
2 0.246875 0.565625 0.0734375 0.096875
2 0.521875 0.78671875 0.059375 0.0640625
2 0.49296875 0.6609375 0.0640625 0.0703125
2 0.80390625 0.675 0.0890625 0.0796875
2 0.5296875 0.94296875 0.1375 0.1140625
2 0.54375 0.8578125 0.0890625 0.1140625
2 0.64765625 0.86171875 0.071875 0.08125
2 0.215625 0.2875 0.025 0.03125
2 0.29375 0.1625 0.03125 0.03125
2 0.13984375 0.23359375 0.0484375 0.04375
2 0.39921875 0.18359375 0.0390625 0.028125