2 0.609375 0.571875 0.1203125 0.1484375
2 0.7109375 0.4609375 0.18125 0.184375
2 0.83671875 0.37109375 0.128125 0.190625
2 0.615625 0.69765625 0.075 0.075
2 0.58046875 0.8578125 0.078125 0.1
2 0.3359375 0.42890625 0.065625 0.103125
2 0.9171875 0.74140625 0.165625 0.2109375
2 0.975 0.8625 0.05 0.075
4 0.88125 0.89609375 0.0671875 0.1375
4 0.75234375 0.79375 0.0796875 0.0921875
2 0.85078125 0.8796875 0.2421875 0.19375
2 0.71484375 0.8125 0.103125 0.1125
4 0.71015625 0.9390625 0.0390625 0.0859375
1 0.7703125 0.64140625 0.0984375 0.096875
4 0.7984375 0.55703125 0.0796875 0.0609375
1 0.67265625 0.68671875 0.028125 0.0296875
4 0.87890625 0.58203125 0.1296875 0.125
2 0.9859375 0.63125 0.028125 0.03125
2 0.8890625 0.48125 0.0203125 0.0234375
2 0.9875 0.48359375 0.025 0.1203125
2 0.89453125 0.32421875 0.196875 0.2125
2 0.3546875 0.253125 0.06875 0.1
2 0.73203125 0.75078125 0.08125 0.0765625