2 0.95234375 0.3921875 0.09375 0.0796875
2 0.8796875 0.4375 0.0734375 0.0578125
2 0.759375 0.51171875 0.0453125 0.05
2 0.39765625 0.58515625 0.0703125 0.0328125
2 0.3984375 0.72265625 0.0234375 0.0265625
2 0.3828125 0.78828125 0.034375 0.0515625
2 0.3125 0.61015625 0.028125 0.034375
2 0.2890625 0.7390625 0.0484375 0.0859375
2 0.0859375 0.93828125 0.159375 0.1234375
2 0.26953125 0.9546875 0.0890625 0.090625
2 0.14921875 0.86796875 0.171875 0.0625
2 0.0109375 0.76484375 0.0140625 0.078125
2 0.5390625 0.5375 0.03125 0.028125