2 0.83671875 0.67421875 0.23125 0.23125
2 0.88515625 0.52734375 0.1671875 0.159375
2 0.959375 0.39765625 0.08125 0.1984375
2 0.52421875 0.77109375 0.0640625 0.0578125
2 0.45625 0.81640625 0.0703125 0.0859375
0 0.246875 0.6046875 0.0171875 0.01875
3 0.29453125 0.5140625 0.034375 0.06875
2 0.7625 0.83984375 0.090625 0.103125
4 0.66953125 0.7125 0.0296875 0.04375
4 0.51015625 0.60859375 0.059375 0.1109375
4 0.4703125 0.68671875 0.0484375 0.065625
4 0.5203125 0.3421875 0.0390625 0.0671875
4 0.4859375 0.16015625 0.0421875 0.08125
1 0.4484375 0.115625 0.0515625 0.0640625
1 0.590625 0.10859375 0.0765625 0.115625
2 0.60625 0.91484375 0.071875 0.09375
2 0.6234375 0.61953125 0.0796875 0.0625
2 0.73359375 0.70078125 0.0484375 0.103125
2 0.75 0.76875 0.034375 0.0421875
2 0.5359375 0.43125 0.0640625 0.1125
2 0.65546875 0.5671875 0.0453125 0.078125
2 0.22265625 0.49921875 0.0203125 0.028125
2 0.19375 0.703125 0.0234375 0.05625
2 0.1984375 0.6171875 0.01875 0.0359375
2 0.2265625 0.5875 0.0234375 0.04375
2 0.65703125 0.83828125 0.059375 0.0703125
2 0.45234375 0.98828125 0.0375 0.021875
2 0.46953125 0.99296875 0.0296875 0.0140625
2 0.52421875 0.70390625 0.08125 0.071875
2 0.6796875 0.60234375 0.0484375 0.06875