2 0.57734375 0.61640625 0.140625 0.1109375
2 0.47421875 0.71796875 0.175 0.16875
2 0.39140625 0.8421875 0.1796875 0.11875
2 0.6984375 0.61875 0.071875 0.071875
2 0.8515625 0.5796875 0.0953125 0.071875
2 0.43046875 0.3578125 0.0984375 0.059375
2 0.75078125 0.91640625 0.1984375 0.1671875
2 0.86953125 0.96796875 0.0703125 0.0640625
4 0.90078125 0.86875 0.1375 0.059375
4 0.79609375 0.746875 0.0859375 0.075
2 0.88828125 0.83984375 0.1921875 0.228125
2 0.8125 0.71015625 0.10625 0.0953125
4 0.940625 0.70234375 0.09375 0.0375
1 0.64921875 0.76953125 0.090625 0.0921875
4 0.56875 0.79921875 0.0546875 0.075
1 0.690625 0.67421875 0.0265625 0.0265625
4 0.59609375 0.87578125 0.115625 0.1234375
2 0.64609375 0.98203125 0.0296875 0.0359375
2 0.4984375 0.8890625 0.021875 0.0203125
2 0.50546875 0.9875 0.1171875 0.025
2 0.34921875 0.90234375 0.2015625 0.1890625
2 0.26171875 0.38203125 0.09375 0.0640625
2 0.753125 0.72890625 0.0703125 0.0765625