2 0.1171875 0.359375 0.234375 0.159375
2 0.2515625 0.41015625 0.1125 0.0828125
2 0.20859375 0.47265625 0.16875 0.13125
2 0.084375 0.553125 0.16875 0.23125
2 0.24921875 0.540625 0.1671875 0.1125
2 0.303125 0.61796875 0.1296875 0.090625
2 0.25078125 0.8953125 0.2203125 0.209375
1 0.228125 0.8875 0.146875 0.175
2 0.3296875 0.79375 0.0890625 0.0859375
2 0.41875 0.790625 0.0828125 0.115625
4 0.45625 0.9078125 0.221875 0.184375
2 0.5140625 0.7609375 0.046875 0.046875
2 0.41875 0.5796875 0.084375 0.103125
2 0.6453125 0.6234375 0.08125 0.08125
2 0.7140625 0.7609375 0.1171875 0.115625
2 0.86015625 0.7828125 0.203125 0.2484375
4 0.6078125 0.71484375 0.09375 0.084375
2 0.596875 0.56796875 0.028125 0.021875
4 0.4734375 0.82421875 0.01875 0.0203125
2 0.81640625 0.025 0.0921875 0.05
2 0.6125 0.009375 0.034375 0.01875
2 0.1609375 0.20703125 0.0265625 0.0203125
2 0.0984375 0.18125 0.0453125 0.0359375