0 0.39375 0.7578125 0.03125 0.05
0 0.38359375 0.56015625 0.028125 0.0375
0 0.53515625 0.09921875 0.0171875 0.0125
0 0.5796875 0.7875 0.0359375 0.0515625
4 0.12265625 0.70234375 0.0375 0.053125
4 0.203125 0.58359375 0.0359375 0.0359375
4 0.1125 0.61484375 0.0203125 0.03125
0 0.71875 0.728125 0.046875 0.046875
4 0.7453125 0.7265625 0.0515625 0.028125
2 0.66171875 0.778125 0.0578125 0.053125
1 0.54140625 0.69921875 0.065625 0.0546875
1 0.60390625 0.4078125 0.046875 0.0515625
1 0.5578125 0.0859375 0.0359375 0.0171875
4 0.59296875 0.19296875 0.0109375 0.0140625
2 0.36171875 0.75859375 0.0390625 0.0390625