2 0.2921875 0.37578125 0.15625 0.1640625
2 0.34609375 0.3390625 0.0578125 0.04375
2 0.42421875 0.3671875 0.1015625 0.1
2 0.21015625 0.45625 0.0359375 0.071875
2 0.215625 0.55 0.0234375 0.0359375
2 0.38671875 0.61640625 0.065625 0.06875
2 0.821875 0.36875 0.2921875 0.240625
2 0.79453125 0.3 0.1609375 0.0796875
4 0.96953125 0.27421875 0.0609375 0.0609375
2 0.02734375 0.58828125 0.053125 0.08125
2 0.00703125 0.771875 0.0140625 0.05625
2 0.03828125 0.80390625 0.04375 0.0828125
4 0.36875 0.5296875 0.05625 0.0703125