2 0.5984375 0.26484375 0.1796875 0.1625
2 0.53046875 0.14765625 0.06875 0.0671875
2 0.59296875 0.16015625 0.0625 0.0359375
2 0.7484375 0.22265625 0.075 0.0640625
2 0.76484375 0.2953125 0.296875 0.19375
4 0.94765625 0.23046875 0.1046875 0.3046875
2 0.45546875 0.04296875 0.1703125 0.0859375
2 0.434375 0.3859375 0.03125 0.0359375
2 0.87421875 0.0984375 0.053125 0.0515625
2 0.84453125 0.12421875 0.0328125 0.03125
4 0.38671875 0.9765625 0.053125 0.03125
1 0.3171875 0.95546875 0.028125 0.0375
1 0.36796875 0.890625 0.0234375 0.034375
1 0.33359375 0.82734375 0.021875 0.028125
2 0.5421875 0.875 0.0890625 0.0703125