4 0.5390625 0.53671875 0.1296875 0.0625
2 0.7953125 0.53515625 0.075 0.0625
2 0.52109375 0.9 0.2203125 0.2
2 0.35625 0.91875 0.18125 0.1625
2 0.70234375 0.8578125 0.1 0.075
4 0.61875 0.525 0.059375 0.04375
4 0.09765625 0.428125 0.078125 0.0359375
4 0.58828125 0.73828125 0.0421875 0.0296875
4 0.91328125 0.54375 0.078125 0.0546875
0 0.59765625 0.26875 0.0234375 0.0171875
3 0.48671875 0.32890625 0.0734375 0.034375
3 0.0203125 0.54296875 0.040625 0.0546875
1 0.05859375 0.38125 0.065625 0.04375
2 0.4890625 0.2703125 0.0484375 0.03125
2 0.496875 0.2171875 0.0328125 0.0203125
2 0.71796875 0.23984375 0.0515625 0.015625
2 0.765625 0.2734375 0.0609375 0.034375
2 0.69921875 0.6046875 0.05625 0.0609375
2 0.678125 0.4734375 0.0578125 0.0421875
2 0.6328125 0.59453125 0.0625 0.078125
2 0.60234375 0.57890625 0.05625 0.040625
2 0.68046875 0.57578125 0.065625 0.059375
2 0.725 0.7515625 0.0546875 0.040625
2 0.478125 0.7234375 0.06875 0.065625
2 0.553125 0.809375 0.0984375 0.0265625
2 0.50390625 0.6765625 0.0625 0.059375
2 0.98203125 0.5546875 0.01875 0.046875
2 0.45859375 0.67109375 0.04375 0.0265625
2 0.82109375 0.6 0.04375 0.05
2 0.9 0.9171875 0.1875 0.1296875
2 0.73046875 0.209375 0.0171875 0.0109375
4 0.69453125 0.20078125 0.0125 0.0140625
2 0.8203125 0.7015625 0.06875 0.0671875
4 0.31640625 0.74140625 0.0875 0.115625
2 0.6359375 0.82734375 0.0359375 0.0421875