2 0.91640625 0.67421875 0.0390625 0.046875
0 0.8875 0.6796875 0.0328125 0.0421875
0 0.7171875 0.7921875 0.034375 0.0484375
0 0.5890625 0.575 0.0328125 0.0390625
4 0.79453125 0.5640625 0.05 0.065625
0 0.5921875 0.4890625 0.0359375 0.0453125
4 0.5375 0.571875 0.059375 0.046875
4 0.5453125 0.54296875 0.0375 0.046875
4 0.4984375 0.6625 0.040625 0.05
0 0.50390625 0.63125 0.04375 0.0390625
2 0.4078125 0.65625 0.075 0.084375
4 0.44921875 0.49453125 0.028125 0.0359375
1 0.36875 0.24140625 0.0640625 0.040625
4 0.2078125 0.7578125 0.0328125 0.0515625
1 0.28671875 0.4125 0.0484375 0.04375
1 0.228125 0.30078125 0.021875 0.034375
0 0.0921875 0.08671875 0.0203125 0.025
4 0.05390625 0.22578125 0.0109375 0.025
4 0.371875 0.0578125 0.015625 0.01875