4 0.490625 0.5703125 0.046875 0.040625
4 0.4328125 0.596875 0.03125 0.0265625
4 0.37109375 0.79375 0.0375 0.021875
4 0.60390625 0.72734375 0.0375 0.028125
4 0.43984375 0.70390625 0.03125 0.0265625
4 0.4078125 0.3359375 0.015625 0.015625
1 0.9234375 0.11484375 0.0140625 0.0109375
1 0.9328125 0.209375 0.0234375 0.01875
0 0.66796875 0.2203125 0.0125 0.0109375
4 0.05546875 0.56171875 0.021875 0.01875
0 0.4734375 0.53671875 0.0234375 0.025
2 0.37890625 0.51171875 0.03125 0.0234375
0 0.340625 0.74296875 0.03125 0.0390625