2 0.26953125 0.26875 0.0765625 0.1578125
2 0.29140625 0.39765625 0.028125 0.05
4 0.309375 0.134375 0.0421875 0.0484375
2 0.42421875 0.1453125 0.0609375 0.1171875
2 0.728125 0.096875 0.0578125 0.075
2 0.7609375 0.02265625 0.053125 0.0453125
2 0.815625 0.04765625 0.0421875 0.0625
2 0.6859375 0.19140625 0.0796875 0.1234375
2 0.63984375 0.27578125 0.046875 0.084375
2 0.70546875 0.26484375 0.0609375 0.071875
2 0.67265625 0.36328125 0.0546875 0.078125
2 0.76875 0.44765625 0.109375 0.1
2 0.6921875 0.43203125 0.0734375 0.084375
2 0.7890625 0.55078125 0.109375 0.115625
2 0.88671875 0.47890625 0.0703125 0.0671875
2 0.84453125 0.425 0.0984375 0.1125
4 0.9390625 0.44453125 0.0703125 0.0796875
4 0.94296875 0.66015625 0.103125 0.1375
4 0.7578125 0.37109375 0.1046875 0.0875
4 0.74609375 0.21640625 0.05 0.040625
2 0.9265625 0.05 0.090625 0.1
2 0.8859375 0.84453125 0.08125 0.0421875
2 0.7734375 0.93125 0.15 0.1109375
2 0.79375 0.97421875 0.1078125 0.0203125
2 0.63828125 0.059375 0.1265625 0.11875
2 0.71875 0.3171875 0.0265625 0.028125
2 0.9234375 0.5546875 0.0546875 0.071875
4 0.63125 0.578125 0.071875 0.0859375
1 0.6328125 0.43359375 0.0328125 0.0296875
4 0.34140625 0.66640625 0.0296875 0.0328125
2 0.33046875 0.559375 0.03125 0.0390625