2 0.1171875 0.409375 0.1375 0.128125
2 0.07421875 0.54375 0.10625 0.1140625
2 0.028125 0.61171875 0.0390625 0.046875
2 0.31953125 0.628125 0.1375 0.109375
2 0.38359375 0.33671875 0.0765625 0.06875
2 0.3859375 0.11640625 0.1078125 0.065625
2 0.08125 0.33828125 0.090625 0.0859375
4 0.1390625 0.2765625 0.0765625 0.059375
2 0.01171875 0.2046875 0.0234375 0.0375
2 0.05078125 0.1984375 0.03125 0.0265625
4 0.1109375 0.23515625 0.0296875 0.0328125
2 0.16484375 0.13125 0.04375 0.0390625
2 0.009375 0.5015625 0.01875 0.028125
4 0.33125 0.74921875 0.109375 0.09375
2 0.028125 0.26328125 0.05625 0.0640625
2 0.09375 0.28359375 0.0578125 0.05
2 0.20078125 0.27421875 0.11875 0.0890625
2 0.20546875 0.29140625 0.0359375 0.03125
4 0.0265625 0.1203125 0.034375 0.021875
2 0.31640625 0.23046875 0.15625 0.0984375
2 0.03203125 0.43046875 0.0640625 0.0953125