1 0.5265625 0.36171875 0.053125 0.05625
1 0.4921875 0.6109375 0.04375 0.0546875
0 0.521875 0.79296875 0.0328125 0.0625
0 0.3734375 0.64765625 0.0234375 0.059375
0 0.31875 0.48359375 0.025 0.03125
4 0.06875 0.571875 0.021875 0.040625
4 0.16015625 0.475 0.025 0.028125
4 0.1421875 0.5125 0.0125 0.0296875
4 0.2890625 0.58984375 0.040625 0.021875
2 0.340625 0.740625 0.0359375 0.0875
1 0.43125 0.078125 0.0375 0.015625
0 0.41484375 0.0984375 0.015625 0.009375
4 0.49140625 0.16640625 0.01875 0.0125
4 0.6734375 0.60859375 0.0609375 0.03125
4 0.69296875 0.67421875 0.0625 0.04375
0 0.67265625 0.69140625 0.0390625 0.0515625
2 0.6359375 0.77890625 0.059375 0.0578125