4 0.91875 0.88828125 0.0296875 0.021875
1 0.85859375 0.85390625 0.0328125 0.0828125
2 0.49453125 0.734375 0.0609375 0.0734375
4 0.46328125 0.75546875 0.0203125 0.059375
0 0.70390625 0.5796875 0.05 0.03125
0 0.70625 0.5171875 0.0359375 0.034375
2 0.57734375 0.43359375 0.0703125 0.0515625
4 0.9578125 0.31171875 0.0171875 0.021875
1 0.9546875 0.284375 0.015625 0.0328125
0 0.9625 0.25078125 0.01875 0.0265625
0 0.95859375 0.23046875 0.021875 0.01875
0 0.94375 0.2078125 0.021875 0.01875
4 0.94921875 0.1765625 0.0328125 0.0390625
4 0.846875 0.2109375 0.025 0.0140625
0 0.70234375 0.29609375 0.0359375 0.0234375
0 0.6921875 0.0609375 0.04375 0.021875
4 0.496875 0.08125 0.0484375 0.04375
4 0.46484375 0.03125 0.0765625 0.0296875
4 0.3203125 0.146875 0.09375 0.034375
4 0.16796875 0.17578125 0.0875 0.0546875
4 0.49140625 0.36796875 0.0734375 0.0359375
0 0.52890625 0.39375 0.034375 0.021875
4 0.00859375 0.53125 0.0171875 0.0828125