0 0.66796875 0.46484375 0.0703125 0.0328125
0 0.71015625 0.353125 0.0546875 0.046875
0 0.6984375 0.3953125 0.0390625 0.0421875
0 0.61796875 0.24375 0.0546875 0.0328125
0 0.6375 0.109375 0.053125 0.053125
0 0.59765625 0.03515625 0.0375 0.04375
0 0.46328125 0.2375 0.0390625 0.0234375
0 0.51015625 0.37578125 0.0375 0.0296875
0 0.621875 0.4359375 0.0625 0.040625
4 0.40859375 0.165625 0.0328125 0.021875
4 0.53046875 0.07890625 0.0375 0.034375
4 0.76171875 0.3734375 0.065625 0.078125
4 0.59609375 0.37578125 0.06875 0.0328125
4 0.54921875 0.3671875 0.0375 0.05
4 0.68984375 0.5046875 0.075 0.0640625
4 0.7875 0.52421875 0.0484375 0.0484375
4 0.5609375 0.58359375 0.0375 0.0375
4 0.4671875 0.46953125 0.0515625 0.0484375
4 0.459375 0.44921875 0.0359375 0.028125
1 0.390625 0.35859375 0.0515625 0.0453125
1 0.453125 0.3765625 0.0515625 0.040625
1 0.36875 0.71640625 0.0546875 0.0734375
2 0.40625 0.5 0.0546875 0.04375
2 0.45625 0.41484375 0.0640625 0.053125