2 0.7484375 0.8203125 0.1890625 0.203125
2 0.87109375 0.74765625 0.221875 0.265625
2 0.69921875 0.67578125 0.0828125 0.0625
2 0.76484375 0.67734375 0.1171875 0.0890625
2 0.759375 0.5984375 0.121875 0.134375
2 0.78515625 0.50625 0.078125 0.0796875
1 0.94453125 0.365625 0.1109375 0.1125
2 0.93984375 0.384375 0.1203125 0.16875
2 0.859375 0.4015625 0.0734375 0.0703125
2 0.73984375 0.421875 0.065625 0.071875
2 0.70390625 0.265625 0.0390625 0.0546875
2 0.7796875 0.29609375 0.03125 0.025
4 0.73203125 0.2578125 0.05 0.059375
4 0.915625 0.30078125 0.1390625 0.1453125
2 0.746875 0.18359375 0.084375 0.075
2 0.728125 0.103125 0.0921875 0.1484375
2 0.89609375 0.98125 0.0578125 0.0375
2 0.59140625 0.909375 0.025 0.0296875
2 0.365625 0.5 0.0421875 0.0484375
2 0.38671875 0.62734375 0.01875 0.01875
2 0.4265625 0.31171875 0.0234375 0.028125