4 0.41328125 0.7921875 0.028125 0.03125
4 0.3015625 0.85546875 0.053125 0.0375
4 0.38046875 0.86953125 0.0328125 0.021875
4 0.24765625 0.26171875 0.034375 0.053125
4 0.78125 0.415625 0.0125 0.0125
4 0.9703125 0.93671875 0.0125 0.0109375
1 0.878125 0.45078125 0.015625 0.0359375
0 0.8546875 0.4734375 0.0109375 0.0171875
0 0.42578125 0.61875 0.03125 0.025
0 0.2109375 0.5984375 0.05625 0.03125
2 0.21640625 0.62890625 0.0359375 0.0390625
1 0.2890625 0.4640625 0.053125 0.0609375
0 0.17734375 0.4203125 0.0578125 0.034375
2 0.18671875 0.34140625 0.0453125 0.0609375
0 0.234375 0.28515625 0.05 0.0453125
1 0.56796875 0.40625 0.0515625 0.0421875