2 0.5671875 0.503125 0.0390625 0.0390625
2 0.51484375 0.621875 0.0578125 0.0546875
1 0.57421875 0.28671875 0.0609375 0.0609375
1 0.603125 0.66171875 0.0671875 0.04375
1 0.51875 0.675 0.0390625 0.0421875
4 0.42734375 0.6734375 0.0421875 0.0515625
4 0.3765625 0.67578125 0.0765625 0.0265625
4 0.15078125 0.7 0.05 0.0828125
4 0.2484375 0.6796875 0.0484375 0.0515625
4 0.08515625 0.49296875 0.0484375 0.0515625
4 0.18515625 0.5375 0.0796875 0.0515625
4 0.346875 0.4390625 0.0453125 0.0328125
4 0.49765625 0.58125 0.0546875 0.0484375
0 0.540625 0.825 0.034375 0.021875
0 0.38203125 0.87109375 0.0484375 0.0265625
4 0.6078125 0.88203125 0.0359375 0.028125
0 0.22265625 0.734375 0.0390625 0.046875
0 0.22578125 0.6734375 0.0578125 0.0359375
0 0.27734375 0.6359375 0.0578125 0.0421875
0 0.32734375 0.63203125 0.0609375 0.03125
0 0.475 0.678125 0.0421875 0.028125