4 0.77421875 0.3640625 0.0703125 0.0640625
2 0.9109375 0.5609375 0.1546875 0.165625
2 0.96015625 0.253125 0.0796875 0.134375
2 0.7546875 0.834375 0.0953125 0.1125
2 0.83671875 0.86953125 0.053125 0.0890625
2 0.7453125 0.7578125 0.0828125 0.1203125
2 0.76015625 0.615625 0.0734375 0.09375
2 0.725 0.68203125 0.0828125 0.08125
4 0.68671875 0.759375 0.034375 0.084375
1 0.5921875 0.3609375 0.0390625 0.05
2 0.6390625 0.40390625 0.065625 0.059375
2 0.65078125 0.34296875 0.065625 0.0625
2 0.7609375 0.43046875 0.053125 0.1015625
4 0.8453125 0.13359375 0.0828125 0.078125
2 0.54453125 0.07109375 0.034375 0.0390625
2 0.715625 0.16796875 0.1046875 0.184375
4 0.909375 0.70546875 0.08125 0.11875
2 0.8484375 0.7171875 0.04375 0.0578125
2 0.83046875 0.4296875 0.05 0.0375
2 0.97109375 0.4828125 0.0390625 0.046875
2 0.84375 0.2484375 0.1171875 0.1390625
2 0.6296875 0.0578125 0.0734375 0.096875
2 0.67421875 0.265625 0.1265625 0.1375
2 0.58125 0.70703125 0.021875 0.0390625
2 0.90546875 0.44765625 0.08125 0.06875