3 0.7359375 0.5515625 0.0578125 0.0546875
2 0.9953125 0.45625 0.009375 0.05
3 0.72109375 0.65703125 0.0859375 0.109375
3 0.5203125 0.7421875 0.10625 0.040625
3 0.4328125 0.8453125 0.09375 0.078125
3 0.58515625 0.87578125 0.0796875 0.0890625
3 0.74921875 0.8640625 0.0953125 0.09375
3 0.7578125 0.7578125 0.1109375 0.08125
4 0.8 0.6921875 0.065625 0.0671875
4 0.49921875 0.02578125 0.1109375 0.0515625
4 0.19609375 0.32109375 0.040625 0.0484375
3 0.63203125 0.73828125 0.06875 0.1046875
2 0.9375 0.71640625 0.0828125 0.1078125
2 0.93984375 0.60546875 0.1046875 0.065625