3 0.396875 0.0390625 0.034375 0.04375
2 0.40234375 0.15546875 0.0234375 0.01875
1 0.61015625 0.05390625 0.0703125 0.053125
4 0.515625 0.29765625 0.0453125 0.04375
3 0.8484375 0.09375 0.0828125 0.0671875
3 0.9421875 0.28046875 0.0828125 0.05
3 0.93984375 0.10703125 0.084375 0.096875
2 0.71875 0.3828125 0.0484375 0.04375
4 0.68046875 0.45390625 0.121875 0.115625
2 0.815625 0.56484375 0.121875 0.1
2 0.47734375 0.4421875 0.04375 0.034375
2 0.6828125 0.6875 0.0546875 0.0421875
2 0.61796875 0.771875 0.0484375 0.04375
4 0.8765625 0.84453125 0.09375 0.0625
4 0.41328125 0.61875 0.0703125 0.0859375
3 0.37109375 0.7921875 0.053125 0.0546875