3 0.57421875 0.82421875 0.1265625 0.0703125
3 0.59375 0.86328125 0.1234375 0.0859375
3 0.74453125 0.78828125 0.096875 0.05
3 0.36640625 0.66640625 0.134375 0.1421875
3 0.05 0.5171875 0.1 0.153125
3 0.11640625 0.42421875 0.1375 0.065625
3 0.1171875 0.26171875 0.125 0.1328125
3 0.09609375 0.19375 0.125 0.0921875
3 0.28984375 0.11171875 0.1046875 0.0796875
3 0.55078125 0.13671875 0.121875 0.0484375
3 0.5125 0.19296875 0.1296875 0.0859375
3 0.41015625 0.20625 0.146875 0.09375
3 0.3375 0.284375 0.096875 0.14375
3 0.2703125 0.24296875 0.1125 0.1453125
3 0.1921875 0.23515625 0.0921875 0.1125
3 0.41640625 0.425 0.0828125 0.0640625
3 0.4765625 0.45078125 0.0546875 0.08125
3 0.2359375 0.546875 0.0921875 0.0734375
3 0.26640625 0.61796875 0.1125 0.0453125
3 0.46015625 0.77890625 0.0609375 0.0625
3 0.72734375 0.85078125 0.053125 0.0375
3 0.4296875 0.87578125 0.0953125 0.075
3 0.73203125 0.92265625 0.078125 0.0421875
3 0.3546875 0.8265625 0.06875 0.0453125
1 0.175 0.75 0.115625 0.109375
1 0.45546875 0.9375 0.1078125 0.08125
1 0.9890625 0.83515625 0.021875 0.0984375
1 0.1765625 0.09375 0.134375 0.1
1 0.2921875 0.584375 0.0828125 0.0546875
1 0.046875 0.92421875 0.04375 0.1015625
2 0.46796875 0.55703125 0.0609375 0.0671875
3 0.2 0.38359375 0.071875 0.1046875
4 0.6640625 0.34453125 0.053125 0.053125
4 0.57109375 0.5890625 0.0828125 0.0921875
1 0.55234375 0.4796875 0.0328125 0.0296875
1 0.82890625 0.88359375 0.05625 0.05625
3 0.62265625 0.4796875 0.078125 0.0453125
4 0.5265625 0.28203125 0.0546875 0.0546875
4 0.32421875 0.78671875 0.071875 0.0640625
4 0.3875 0.98046875 0.06875 0.0390625
2 0.40390625 0.58046875 0.0546875 0.040625
4 0.17421875 0.50703125 0.05625 0.05625
2 0.63828125 0.97734375 0.0953125 0.034375
1 0.90625 0.653125 0.0328125 0.03125
1 0.596875 0.16875 0.0578125 0.040625