4 0.36328125 0.56015625 0.1078125 0.140625
4 0.3359375 0.6609375 0.103125 0.096875
2 0.1921875 0.640625 0.0796875 0.078125
3 0.146875 0.521875 0.0453125 0.0546875
3 0.203125 0.4578125 0.0703125 0.0640625
3 0.3171875 0.6234375 0.0609375 0.09375
3 0.60625 0.1296875 0.0921875 0.1109375
2 0.515625 0.09375 0.1140625 0.1109375
4 0.6390625 0.4703125 0.09375 0.1046875
2 0.38671875 0.88671875 0.1015625 0.1046875
2 0.5375 0.2234375 0.059375 0.053125
4 0.98046875 0.5328125 0.0390625 0.08125
4 0.7296875 0.715625 0.075 0.09375
4 0.6203125 0.2453125 0.0625 0.0421875