3 0.40703125 0.46484375 0.0546875 0.090625
3 0.240625 0.43828125 0.040625 0.0875
3 0.77265625 0.71015625 0.08125 0.1359375
3 0.66953125 0.93828125 0.140625 0.1
3 0.5859375 0.54140625 0.078125 0.075
3 0.86796875 0.58203125 0.05625 0.09375
2 0.26484375 0.709375 0.053125 0.071875
2 0.684375 0.7375 0.1078125 0.125
2 0.68203125 0.84140625 0.19375 0.1453125
2 0.7265625 0.88515625 0.065625 0.0859375
2 0.8734375 0.89296875 0.128125 0.121875
2 0.7875 0.88671875 0.059375 0.078125
2 0.578125 0.7015625 0.059375 0.046875
3 0.31171875 0.940625 0.1234375 0.11875
4 0.1015625 0.80234375 0.0703125 0.1015625
2 0.81796875 0.61953125 0.0421875 0.0609375
4 0.496875 0.825 0.08125 0.1296875
4 0.3265625 0.62734375 0.0453125 0.0734375