4 0.2921875 0.43203125 0.0515625 0.05625
4 0.384375 0.45625 0.1125 0.1203125
2 0.7296875 0.4984375 0.0953125 0.0703125
2 0.8046875 0.42734375 0.0859375 0.065625
3 0.77109375 0.4296875 0.0921875 0.1
4 0.69921875 0.52265625 0.0859375 0.065625
4 0.58828125 0.35234375 0.05625 0.05
2 0.41953125 0.340625 0.0625 0.040625
1 0.88359375 0.18515625 0.078125 0.0875
4 0.63515625 0.18046875 0.1078125 0.090625
4 0.696875 0.015625 0.071875 0.03125
3 0.9515625 0.271875 0.065625 0.0546875
3 0.903125 0.30078125 0.084375 0.0484375
3 0.19140625 0.18828125 0.028125 0.0359375
4 0.19765625 0.54609375 0.0328125 0.03125
2 0.51171875 0.51875 0.078125 0.053125
2 0.7015625 0.83515625 0.1078125 0.0765625
2 0.93828125 0.6046875 0.08125 0.034375