2 0.28984375 0.64921875 0.0875 0.059375
2 0.4484375 0.1890625 0.090625 0.1
2 0.69453125 0.0328125 0.1046875 0.065625
2 0.5859375 0.3890625 0.0578125 0.0578125
4 0.96015625 0.78046875 0.0796875 0.1390625
4 0.36796875 0.80390625 0.13125 0.121875
4 0.63359375 0.7125 0.0703125 0.0984375
2 0.44921875 0.98359375 0.1171875 0.0328125
3 0.30625 0.3515625 0.0828125 0.08125
3 0.18671875 0.34375 0.05625 0.0703125
3 0.5640625 0.00390625 0.05625 0.0078125
4 0.3796875 0.6125 0.1125 0.125
3 0.3890625 0.56875 0.0921875 0.071875
3 0.7234375 0.075 0.0984375 0.09375
1 0.6296875 0.01796875 0.103125 0.0359375
4 0.92109375 0.40390625 0.1109375 0.078125