4 0.403125 0.68515625 0.0640625 0.0671875
3 0.71796875 0.82109375 0.0546875 0.1265625
2 0.77109375 0.48671875 0.0609375 0.0859375
3 0.84921875 0.33515625 0.0734375 0.0640625
4 0.925 0.2640625 0.0546875 0.0578125
2 0.540625 0.68046875 0.0734375 0.1171875
1 0.4953125 0.75234375 0.0890625 0.0703125
2 0.38125 0.79921875 0.0453125 0.06875
3 0.228125 0.725 0.1046875 0.06875
3 0.38203125 0.5546875 0.0515625 0.0484375
3 0.33125 0.49296875 0.0765625 0.065625
3 0.23203125 0.48046875 0.0734375 0.0765625
3 0.25859375 0.5921875 0.0796875 0.1046875
3 0.1265625 0.5703125 0.0328125 0.06875
4 0.31796875 0.5953125 0.0484375 0.0734375
4 0.09140625 0.98515625 0.0515625 0.0296875