2 0.9078125 0.3859375 0.06875 0.096875
4 0.8484375 0.38046875 0.11875 0.1296875
4 0.89296875 0.58671875 0.115625 0.1390625
4 0.21640625 0.59375 0.09375 0.1328125
4 0.39375 0.3234375 0.1125 0.0796875
4 0.42578125 0.43515625 0.084375 0.0703125
4 0.19375 0.9015625 0.0921875 0.065625
2 0.6296875 0.165625 0.0671875 0.090625
2 0.7703125 0.78671875 0.1140625 0.15
2 0.02109375 0.68515625 0.0421875 0.0703125
2 0.87890625 0.20859375 0.0828125 0.0765625
3 0.76484375 0.32265625 0.0796875 0.1046875
2 0.3734375 0.6453125 0.1015625 0.096875
3 0.846875 0.040625 0.0390625 0.015625
4 0.16875 0.12734375 0.1890625 0.1265625