4 0.3265625 0.63203125 0.0578125 0.0625
4 0.40625 0.58125 0.1265625 0.1328125
2 0.721875 0.43359375 0.103125 0.08125
2 0.815625 0.478125 0.0921875 0.0765625
3 0.78203125 0.48671875 0.103125 0.1109375
4 0.6859375 0.4203125 0.0921875 0.0765625
4 0.6328125 0.61640625 0.0625 0.05625
2 0.47578125 0.6796875 0.065625 0.0484375
1 0.96015625 0.68359375 0.0796875 0.0953125
4 0.73046875 0.76484375 0.1171875 0.103125
4 0.84375 0.9125 0.0765625 0.05625
4 0.9796875 0.8875 0.040625 0.034375
3 0.98359375 0.58046875 0.0328125 0.0640625
3 0.94765625 0.56796875 0.0890625 0.059375
3 0.30546875 0.8953125 0.0328125 0.0390625
4 0.20078125 0.553125 0.0375 0.034375
2 0.50859375 0.48203125 0.084375 0.0625
2 0.59140625 0.12265625 0.1140625 0.0890625
2 0.8875 0.26875 0.084375 0.0453125