4 0.60703125 0.26953125 0.05625 0.05
4 0.575 0.36171875 0.115625 0.10625
2 0.4984375 0.71484375 0.065625 0.09375
2 0.56640625 0.7984375 0.0625 0.084375
3 0.56640625 0.76328125 0.096875 0.0859375
4 0.47734375 0.68125 0.0609375 0.084375
4 0.66328125 0.58125 0.046875 0.05625
2 0.690625 0.4078125 0.0375 0.0625
1 0.809375 0.90234375 0.0828125 0.075
4 0.83671875 0.64609375 0.0859375 0.10625
4 0.99453125 0.7265625 0.009375 0.071875
3 0.7140625 0.96640625 0.053125 0.0671875
3 0.6875 0.91171875 0.04375 0.084375
3 0.86875 0.18671875 0.034375 0.0265625
4 0.49765625 0.1609375 0.03125 0.0328125
2 0.49765625 0.48828125 0.05 0.078125
2 0.15390625 0.65546875 0.071875 0.10625
2 0.37109375 0.92109375 0.0296875 0.08125