2 0.55234375 0.515625 0.0328125 0.04375
2 0.4453125 0.625 0.06875 0.06875
4 0.5328125 0.70859375 0.1046875 0.1140625
2 0.6078125 0.7390625 0.0390625 0.046875
2 0.446875 0.878125 0.103125 0.1015625
4 0.64453125 0.97109375 0.0578125 0.0578125
4 0.865625 0.9703125 0.0703125 0.05
1 0.7640625 0.9703125 0.0625 0.059375
3 0.71171875 0.9109375 0.04375 0.0359375
3 0.8984375 0.82578125 0.0609375 0.0640625
3 0.84765625 0.8875 0.0953125 0.078125
1 0.94921875 0.63203125 0.046875 0.065625
3 0.91953125 0.4296875 0.040625 0.03125
3 0.81015625 0.43515625 0.025 0.021875
3 0.99296875 0.31484375 0.0140625 0.0265625
4 0.6828125 0.534375 0.0421875 0.040625
4 0.36015625 0.44921875 0.1 0.08125
3 0.2078125 0.43125 0.0546875 0.0484375
2 0.2375 0.690625 0.0453125 0.0484375
2 0.31484375 0.73046875 0.0421875 0.0421875