3 0.553125 0.2984375 0.0421875 0.1203125
3 0.65625 0.5078125 0.121875 0.090625
3 0.73671875 0.0765625 0.03125 0.084375
3 0.984375 0.1265625 0.03125 0.09375
3 0.98984375 0.30078125 0.0203125 0.0578125
3 0.88984375 0.0984375 0.0546875 0.08125
3 0.93125 0.0703125 0.0546875 0.05625
2 0.865625 0.2578125 0.0515625 0.071875
4 0.8671875 0.23046875 0.065625 0.0453125
2 0.8734375 0.1609375 0.0703125 0.0765625
2 0.99609375 0.16171875 0.0078125 0.0515625
4 0.9703125 0.0796875 0.0359375 0.0625
2 0.71796875 0.23046875 0.040625 0.03125
1 0.90703125 0.40625 0.09375 0.1
1 0.9765625 0.62578125 0.0390625 0.125
2 0.78515625 0.78203125 0.1375 0.134375
2 0.72265625 0.03671875 0.0609375 0.05
2 0.36796875 0.09375 0.115625 0.0625
2 0.36875 0.25703125 0.053125 0.0453125
2 0.44140625 0.07890625 0.0609375 0.0765625
4 0.19921875 0.06953125 0.109375 0.1
4 0.04140625 0.37109375 0.0578125 0.065625
3 0.025 0.6625 0.05 0.125
1 0.20078125 0.9453125 0.1078125 0.075
4 0.2875 0.47265625 0.090625 0.0875