2 0.09765625 0.4453125 0.078125 0.1015625
4 0.15390625 0.43203125 0.13125 0.1390625
4 0.13984375 0.63984375 0.128125 0.1484375
4 0.80078125 0.553125 0.1078125 0.140625
4 0.58984375 0.3140625 0.11875 0.0921875
4 0.5734375 0.42734375 0.0890625 0.078125
4 0.8640625 0.85078125 0.0984375 0.075
2 0.3390625 0.1921875 0.078125 0.0953125
2 0.28671875 0.81796875 0.13125 0.159375
2 0.9890625 0.6140625 0.021875 0.075
2 0.1015625 0.26875 0.0890625 0.084375
3 0.22890625 0.3640625 0.090625 0.1109375
2 0.6546875 0.625 0.1078125 0.103125
3 0.1078125 0.0953125 0.0421875 0.0328125
4 0.7828125 0.0921875 0.1953125 0.1453125