4 0.3671875 0.33203125 0.0640625 0.0609375
4 0.41796875 0.4140625 0.134375 0.1265625
2 0.56484375 0.740625 0.08125 0.103125
2 0.51640625 0.8359375 0.0765625 0.09375
3 0.509375 0.8015625 0.1125 0.103125
4 0.578125 0.70390625 0.0765625 0.0953125
4 0.378125 0.6453125 0.0578125 0.0625
2 0.315625 0.48359375 0.05 0.0671875
1 0.30234375 0.9703125 0.0953125 0.059375
4 0.2234375 0.74296875 0.1046875 0.11875
4 0.07890625 0.8546875 0.0421875 0.0765625
4 0.1 0.98828125 0.01875 0.0234375
3 0.4046875 0.9953125 0.059375 0.009375
3 0.42265625 0.96171875 0.0609375 0.0765625
3 0.0984375 0.30546875 0.0390625 0.0328125
4 0.4515625 0.2046875 0.0359375 0.0375
2 0.51875 0.521875 0.0640625 0.0859375
2 0.8859375 0.6125 0.090625 0.115625
2 0.73125 0.9140625 0.04375 0.0859375