3 0.47734375 0.403125 0.0859375 0.053125
3 0.4515625 0.240625 0.084375 0.040625
3 0.71484375 0.75703125 0.1328125 0.078125
3 0.9375 0.65703125 0.1 0.1359375
3 0.55234375 0.5765625 0.0734375 0.0765625
3 0.475 0.98203125 0.059375 0.0359375
3 0.58984375 0.85 0.090625 0.05625
2 0.7140625 0.265625 0.06875 0.0515625
2 0.74140625 0.671875 0.1203125 0.103125
2 0.84140625 0.66953125 0.1390625 0.1875
2 0.884375 0.71171875 0.084375 0.0640625
2 0.89296875 0.8546875 0.11875 0.125
2 0.8859375 0.771875 0.0765625 0.0578125
2 0.70625 0.56796875 0.0453125 0.0578125
3 0.93984375 0.31015625 0.1203125 0.1203125
4 0.80390625 0.1078125 0.0984375 0.06875
2 0.62734375 0.8 0.0609375 0.0421875
4 0.8265625 0.48984375 0.1265625 0.0765625
4 0.63515625 0.32421875 0.0703125 0.04375