3 0.7140625 0.8828125 0.084375 0.071875
3 0.92265625 0.85234375 0.053125 0.0953125
3 0.93046875 0.54765625 0.0515625 0.0421875
3 0.68203125 0.27890625 0.053125 0.0609375
4 0.578125 0.59609375 0.040625 0.0546875
4 0.4546875 0.65625 0.040625 0.0546875
4 0.5 0.5765625 0.1296875 0.1046875
3 0.353125 0.878125 0.0609375 0.0609375
2 0.8125 0.71328125 0.0875 0.1140625
2 0.59765625 0.99453125 0.0765625 0.0109375
3 0.36796875 0.58203125 0.0375 0.0375
3 0.1609375 0.81796875 0.046875 0.0765625
4 0.02265625 0.8546875 0.0453125 0.121875
4 0.2234375 0.6625 0.065625 0.059375