4 0.48203125 0.74765625 0.1171875 0.1515625
4 0.634375 0.4265625 0.1140625 0.1015625
2 0.81484375 0.84765625 0.0625 0.071875
2 0.68984375 0.76875 0.0546875 0.04375
2 0.6640625 0.68828125 0.06875 0.084375
2 0.53046875 0.67578125 0.0890625 0.0875
2 0.40703125 0.57734375 0.046875 0.0625
4 0.3140625 0.58828125 0.0484375 0.04375
3 0.02890625 0.51796875 0.04375 0.0515625
2 0.12734375 0.4875 0.0359375 0.03125
2 0.41015625 0.77890625 0.04375 0.0484375
3 0.33359375 0.9671875 0.0828125 0.065625
2 0.6125 0.9046875 0.11875 0.1171875
3 0.71953125 0.49140625 0.08125 0.0671875
3 0.6078125 0.484375 0.05 0.0546875
2 0.115625 0.93984375 0.065625 0.0703125
3 0.1625 0.9859375 0.115625 0.028125