3 0.1078125 0.928125 0.1078125 0.0515625
1 0.384375 0.69765625 0.0515625 0.0546875
3 0.5671875 0.69609375 0.0328125 0.025
3 0.64375 0.815625 0.0234375 0.025
2 0.47109375 0.8640625 0.0328125 0.021875
4 0.525 0.6140625 0.0234375 0.0140625
4 0.3921875 0.54921875 0.0515625 0.0453125
2 0.3453125 0.59140625 0.0265625 0.0484375
2 0.3828125 0.60625 0.0421875 0.059375
4 0.209375 0.3984375 0.0953125 0.11875
2 0.153125 0.4765625 0.046875 0.0453125
2 0.4203125 0.38046875 0.040625 0.0328125
2 0.0375 0.94140625 0.0671875 0.03125
2 0.1625 0.21953125 0.0984375 0.084375
2 0.08984375 0.70234375 0.06875 0.028125
2 0.1359375 0.83515625 0.0828125 0.084375
2 0.034375 0.78203125 0.065625 0.0546875