3 0.43203125 0.21640625 0.0875 0.0453125
3 0.071875 0.3046875 0.1203125 0.0875
3 0.5609375 0.7421875 0.1140625 0.1015625
3 0.753125 0.33828125 0.096875 0.0640625
3 0.74375 0.46015625 0.08125 0.115625
3 0.88828125 0.27734375 0.0390625 0.0890625
3 0.9109375 0.33828125 0.0359375 0.0953125
3 0.834375 0.23515625 0.0578125 0.08125
3 0.7328125 0.2421875 0.0625 0.0546875
2 0.79609375 0.45078125 0.0796875 0.08125
2 0.56171875 0.34453125 0.0734375 0.090625
2 0.62421875 0.4421875 0.053125 0.065625
2 0.66875 0.8546875 0.0671875 0.08125
2 0.2140625 0.43671875 0.04375 0.0484375
4 0.04296875 0.69453125 0.0859375 0.1109375
2 0.5765625 0.409375 0.0484375 0.040625
4 0.63828125 0.384375 0.040625 0.06875
1 0.659375 0.53671875 0.0609375 0.1
4 0.77265625 0.278125 0.040625 0.0609375
2 0.05625 0.14609375 0.0796875 0.0609375
4 0.05546875 0.2171875 0.0875 0.0921875
4 0.91640625 0.80625 0.115625 0.065625
2 0.76328125 0.63515625 0.096875 0.075
2 0.85703125 0.309375 0.0375 0.0515625
4 0.4796875 0.0875 0.04375 0.0515625