3 0.33046875 0.44140625 0.1125 0.04375
3 0.49921875 0.31328125 0.0875 0.1140625
3 0.10078125 0.3171875 0.0765625 0.0328125
3 0.09921875 0.078125 0.0859375 0.0484375
3 0.2546875 0.0421875 0.053125 0.0375
3 0.0921875 0.175 0.0765625 0.0515625
3 0.0609375 0.14375 0.053125 0.053125
2 0.23984375 0.16953125 0.0671875 0.0515625
4 0.2140625 0.17265625 0.04375 0.0609375
2 0.1515625 0.17890625 0.071875 0.06875
2 0.1296875 0.05859375 0.0484375 0.0328125
4 0.0625 0.1078125 0.059375 0.034375
2 0.23984375 0.30703125 0.03125 0.0390625
1 0.36484375 0.10703125 0.09375 0.090625
1 0.5484375 0.01328125 0.115625 0.0265625
2 0.72265625 0.15078125 0.1265625 0.13125
2 0.0671875 0.334375 0.05 0.05625
2 0.17890625 0.6421875 0.0625 0.1078125
2 0.325 0.61328125 0.04375 0.05
2 0.15390625 0.5796875 0.0734375 0.0578125
4 0.1875 0.7984375 0.0953125 0.103125
2 0.42890625 0.97265625 0.0609375 0.0546875
4 0.48359375 0.8859375 0.0625 0.0546875
3 0.74765625 0.85234375 0.1140625 0.0546875
4 0.759375 0.92265625 0.1109375 0.109375
1 0.965625 0.6421875 0.06875 0.103125
4 0.53203125 0.64921875 0.084375 0.0859375