4 0.4109375 0.9390625 0.1328125 0.11875
4 0.0375 0.79453125 0.075 0.1015625
2 0.27578125 0.7546875 0.0546875 0.0546875
2 0.409375 0.73984375 0.1046875 0.10625
2 0.46015625 0.66953125 0.1015625 0.0625
2 0.55234375 0.446875 0.059375 0.0640625
3 0.53203125 0.38671875 0.0796875 0.0796875
3 0.278125 0.478125 0.146875 0.0515625
3 0.071875 0.4296875 0.0890625 0.1234375
3 0.5578125 0.13671875 0.0828125 0.0390625
3 0.47890625 0.12421875 0.0875 0.046875
3 0.40625 0.07109375 0.0734375 0.115625
3 0.40859375 0.140625 0.040625 0.05
3 0.45 0.259375 0.04375 0.06875
3 0.55234375 0.2015625 0.0734375 0.0359375
3 0.58046875 0.2734375 0.0625 0.0390625
3 0.590625 0.246875 0.053125 0.0421875
4 0.59375 0.19453125 0.053125 0.034375
1 0.28515625 0.3203125 0.0921875 0.0671875
1 0.11640625 0.1609375 0.1265625 0.065625
2 0.40234375 0.23125 0.059375 0.046875
2 0.52578125 0.18125 0.0375 0.03125
2 0.51875 0.26640625 0.0625 0.075
2 0.40859375 0.4078125 0.0328125 0.046875