3 0.2859375 0.47734375 0.0578125 0.05625
2 0.05546875 0.29765625 0.0578125 0.05625
3 0.26484375 0.57890625 0.0890625 0.109375
3 0.42265625 0.72578125 0.1046875 0.04375
3 0.46875 0.85078125 0.09375 0.078125
3 0.31796875 0.82734375 0.0828125 0.0890625
3 0.16875 0.7609375 0.0984375 0.09375
3 0.19765625 0.66015625 0.1109375 0.08125
4 0.18046875 0.5859375 0.0671875 0.06875
4 0.684375 0.05859375 0.1125 0.08125
4 0.8640625 0.446875 0.0421875 0.0484375
3 0.3203125 0.684375 0.0703125 0.1015625
2 0.04453125 0.55859375 0.0890625 0.1140625
2 0.07578125 0.45703125 0.1125 0.06875