3 0.9828125 0.7984375 0.034375 0.10625
3 0.8671875 0.91171875 0.0859375 0.0421875
3 0.40546875 0.890625 0.040625 0.04375
2 0.76953125 0.29296875 0.1390625 0.1
2 0.49375 0.1078125 0.0484375 0.046875
2 0.6296875 0.19375 0.059375 0.0515625
4 0.35859375 0.33828125 0.1125 0.1328125
2 0.43125 0.48515625 0.0515625 0.0390625
4 0.49296875 0.63515625 0.0453125 0.046875
1 0.5734375 0.80234375 0.065625 0.059375
2 0.52109375 0.9984375 0.0296875 0.003125
2 0.41328125 0.77109375 0.028125 0.021875
2 0.7265625 0.5234375 0.0484375 0.0453125
3 0.98515625 0.609375 0.0296875 0.04375
4 0.67734375 0.45859375 0.13125 0.125
3 0.9234375 0.79375 0.0875 0.090625
2 0.78984375 0.72890625 0.0671875 0.0421875