3 0.59375 0.48671875 0.04375 0.0875
3 0.76328125 0.43203125 0.0296875 0.0890625
3 0.25390625 0.80234375 0.065625 0.1359375
3 0.4 0.98984375 0.1375 0.0203125
3 0.42109375 0.596875 0.0734375 0.06875
3 0.13359375 0.684375 0.046875 0.0921875
2 0.78203125 0.71796875 0.046875 0.06875
2 0.35 0.81640625 0.09375 0.1171875
2 0.36953125 0.9234375 0.1875 0.125
2 0.33203125 0.9671875 0.0578125 0.065625
2 0.18046875 0.9765625 0.1203125 0.046875
2 0.26796875 0.975 0.05 0.05
2 0.45546875 0.7609375 0.05625 0.040625
3 0.77265625 0.95546875 0.1125 0.0875
4 0.9671875 0.7875 0.059375 0.096875
2 0.1921875 0.715625 0.0359375 0.059375
4 0.56015625 0.8765625 0.065625 0.128125
4 0.7046875 0.64296875 0.0375 0.071875