2 0.50625 0.49453125 0.1078125 0.096875
2 0.62265625 0.9140625 0.0671875 0.0546875
1 0.125 0.62578125 0.175 0.10625
3 0.625 0.28203125 0.103125 0.090625
3 0.8515625 0.659375 0.0671875 0.071875
3 0.88359375 0.7734375 0.0890625 0.046875
3 0.71171875 0.5375 0.0734375 0.065625
3 0.7109375 0.12421875 0.08125 0.0421875
3 0.68046875 0.07421875 0.046875 0.04375
3 0.20546875 0.36640625 0.1703125 0.1375
3 0.31796875 0.5625 0.1328125 0.1203125
3 0.340625 0.89765625 0.1359375 0.11875
4 0.7203125 0.78515625 0.059375 0.08125
4 0.49765625 0.62421875 0.1359375 0.08125
2 0.328125 0.4578125 0.075 0.0546875
2 0.37734375 0.48046875 0.084375 0.059375
2 0.4078125 0.5546875 0.1640625 0.1671875
1 0.403125 0.34609375 0.1046875 0.0671875
3 0.5265625 0.4 0.121875 0.046875
4 0.55703125 0.48671875 0.0734375 0.0734375
2 0.6046875 0.33359375 0.0515625 0.034375
2 0.2890625 0.33515625 0.1296875 0.109375
4 0.1546875 0.1375 0.0703125 0.0515625