2 0.60390625 0.584375 0.13125 0.0953125
3 0.4671875 0.509375 0.121875 0.084375
2 0.57734375 0.47578125 0.0859375 0.053125
1 0.6609375 0.27890625 0.11875 0.0828125
2 0.80546875 0.740625 0.1234375 0.0875
3 0.975 0.40390625 0.05 0.1609375
4 0.7890625 0.24921875 0.0828125 0.071875
4 0.84140625 0.26640625 0.0859375 0.059375
4 0.1203125 0.4765625 0.1125 0.1578125
4 0.015625 0.43203125 0.028125 0.0703125
4 0.56171875 0.9640625 0.1234375 0.071875
4 0.765625 0.5578125 0.0640625 0.0640625
2 0.32421875 0.90078125 0.0921875 0.0953125