2 0.43515625 0.09140625 0.1015625 0.0765625
4 0.4234375 0.14921875 0.1375 0.128125
4 0.63125 0.1265625 0.146875 0.1265625
4 0.5671875 0.79453125 0.1390625 0.1046875
4 0.3203125 0.59140625 0.0890625 0.11875
4 0.43359375 0.57109375 0.0765625 0.0890625
4 0.86953125 0.8484375 0.071875 0.096875
2 0.1890625 0.34296875 0.09375 0.075
2 0.815625 0.26953125 0.15625 0.1265625
2 0.63671875 0.98671875 0.0734375 0.0265625
2 0.25703125 0.10234375 0.0828125 0.0875
3 0.3578125 0.2265625 0.109375 0.0890625
2 0.63515625 0.6453125 0.103125 0.10625
3 0.08359375 0.11484375 0.0328125 0.0421875
4 0.10390625 0.79296875 0.140625 0.1953125