2 0.54140625 0.45625 0.0453125 0.034375
2 0.64765625 0.57578125 0.0765625 0.0765625
4 0.740625 0.490625 0.125 0.1140625
2 0.778125 0.415625 0.053125 0.0453125
2 0.909375 0.59296875 0.1125 0.1125
4 0.99453125 0.39140625 0.0109375 0.0578125
3 0.9640625 0.31953125 0.040625 0.0453125
3 0.8890625 0.11953125 0.0703125 0.065625
3 0.95078125 0.17734375 0.0875 0.1046875
1 0.69140625 0.0515625 0.071875 0.0515625
3 0.478125 0.06875 0.034375 0.0453125
3 0.4765625 0.1828125 0.0265625 0.028125
4 0.5703125 0.32265625 0.046875 0.046875
4 0.4578125 0.65234375 0.090625 0.1078125
3 0.42890625 0.809375 0.0546875 0.0609375
2 0.70078125 0.79765625 0.053125 0.0515625
2 0.74765625 0.71953125 0.046875 0.046875