3 0.79609375 0.4328125 0.04375 0.0859375
3 0.703125 0.07890625 0.0859375 0.1171875
3 0.27890625 0.56953125 0.096875 0.1109375
3 0.68125 0.753125 0.0625 0.0953125
3 0.56015625 0.74609375 0.1140625 0.078125
3 0.74453125 0.88515625 0.0890625 0.0375
3 0.684375 0.90859375 0.0953125 0.0328125
3 0.784375 0.83203125 0.0796875 0.05625
3 0.7765625 0.73125 0.0515625 0.0609375
2 0.57109375 0.796875 0.0796875 0.078125
2 0.671875 0.56328125 0.090625 0.071875
2 0.57578125 0.6265625 0.0640625 0.0515625
2 0.16953125 0.67734375 0.0796875 0.0640625
2 0.57578125 0.22109375 0.0484375 0.0421875
4 0.3171875 0.04921875 0.109375 0.0984375
2 0.60859375 0.5796875 0.0390625 0.046875
4 0.63359375 0.63984375 0.0671875 0.0375
1 0.484375 0.6625 0.0953125 0.059375
4 0.74140625 0.77109375 0.0609375 0.0390625
2 0.859375 0.05546875 0.059375 0.0875
4 0.7890625 0.05625 0.090625 0.0953125
4 0.22109375 0.92265625 0.0625 0.1125
2 0.38828125 0.76875 0.071875 0.09375
2 0.71171875 0.85546875 0.0515625 0.0359375
4 0.92421875 0.47734375 0.0515625 0.0421875