3 0.53984375 0.409375 0.0859375 0.0484375
3 0.60546875 0.25546875 0.0859375 0.0359375
3 0.21875 0.7 0.13125 0.0703125
3 0.03515625 0.54609375 0.0703125 0.1328125
3 0.4234375 0.5609375 0.071875 0.0734375
3 0.40078125 0.97890625 0.05625 0.0328125
3 0.31875 0.82109375 0.0890625 0.053125
2 0.33984375 0.21484375 0.06875 0.05
2 0.21328125 0.609375 0.1171875 0.096875
2 0.11484375 0.58125 0.1296875 0.184375
2 0.0625 0.61328125 0.0828125 0.059375
2 0.03828125 0.75078125 0.0765625 0.1203125
2 0.046875 0.67109375 0.075 0.053125
2 0.2734375 0.515625 0.0421875 0.05625
3 0.09921875 0.203125 0.1296875 0.115625
4 0.290625 0.03671875 0.0953125 0.0640625
2 0.29453125 0.76328125 0.059375 0.0390625
4 0.175 0.40859375 0.125 0.0734375
4 0.40390625 0.2921875 0.071875 0.040625