3 0.4859375 0.70859375 0.0484375 0.053125
2 0.63046875 0.97109375 0.05 0.0515625
3 0.37890625 0.7140625 0.103125 0.075
3 0.25625 0.53203125 0.028125 0.1046875
3 0.13828125 0.46484375 0.06875 0.0859375
3 0.1375 0.62109375 0.084375 0.0734375
3 0.18046875 0.78125 0.0859375 0.0890625
3 0.2875 0.76953125 0.06875 0.1046875
4 0.359375 0.79921875 0.0625 0.0578125
4 0.96875 0.37265625 0.0578125 0.1078125
4 0.61015625 0.13125 0.0453125 0.0359375
3 0.28203125 0.6421875 0.0984375 0.059375
2 0.3625 0.95078125 0.103125 0.0984375
2 0.47265625 0.925 0.0546875 0.1078125