3 0.9671875 0.3921875 0.04375 0.034375
2 0.85078125 0.3984375 0.01875 0.0234375
1 0.95234375 0.60625 0.053125 0.0703125
4 0.709375 0.5109375 0.04375 0.0453125
3 0.91328125 0.84375 0.0671875 0.0828125
3 0.72578125 0.9375 0.05 0.0828125
3 0.896875 0.934375 0.090625 0.0828125
2 0.62421875 0.7140625 0.04375 0.0484375
4 0.5515625 0.6765625 0.115625 0.121875
2 0.44140625 0.81171875 0.1 0.121875
2 0.5640625 0.47265625 0.034375 0.04375
2 0.31875 0.6796875 0.0421875 0.0546875
2 0.234375 0.6140625 0.04375 0.0484375
4 0.16171875 0.87265625 0.0625 0.09375
4 0.38828125 0.40859375 0.0859375 0.0703125
3 0.21484375 0.36796875 0.0546875 0.053125