3 0.5875 0.67734375 0.09375 0.0796875
3 0.40625 0.69140625 0.0609375 0.0828125
3 0.23671875 0.64609375 0.075 0.078125
3 0.5 0.5671875 0.1140625 0.0390625
3 0.37890625 0.55 0.0703125 0.1
3 0.24375 0.56328125 0.115625 0.05625
3 0.29140625 0.45390625 0.0671875 0.08125
4 0.21171875 0.4796875 0.05 0.065625
3 0.29296875 0.34140625 0.0671875 0.046875
2 0.0578125 0.4421875 0.115625 0.109375
2 0.86953125 0.2 0.0328125 0.0453125
3 0.94921875 0.94296875 0.059375 0.075
2 0.0875 0.31640625 0.08125 0.0734375
4 0.1625 0.42578125 0.0546875 0.3125