2 0.378125 0.590625 0.1078125 0.0796875
2 0.43828125 0.55234375 0.1109375 0.0921875
3 0.534375 0.4359375 0.0796875 0.1203125
2 0.646875 0.4203125 0.103125 0.0921875
2 0.23984375 0.76171875 0.1046875 0.11875
4 0.375 0.8078125 0.109375 0.096875
2 0.51640625 0.26796875 0.0796875 0.065625
2 0.45 0.421875 0.09375 0.05625
1 0.39375 0.2453125 0.090625 0.096875
4 0.10234375 0.1390625 0.0609375 0.08125
4 0.24140625 0.12890625 0.121875 0.0890625
4 0.1296875 0.32421875 0.0921875 0.0953125
4 0.92734375 0.60390625 0.1359375 0.1609375