4 0.2921875 0.55 0.0796875 0.078125
3 0.23671875 0.2140625 0.1328125 0.08125
2 0.57265625 0.24375 0.0953125 0.078125
3 0.7375 0.2046875 0.0796875 0.0859375
4 0.82421875 0.14765625 0.0671875 0.0640625
2 0.3296875 0.41875 0.1296875 0.1
1 0.25 0.4453125 0.0890625 0.1015625
2 0.17734375 0.5453125 0.0765625 0.059375
3 0.2125 0.71015625 0.0921875 0.1171875
3 0.41328125 0.60234375 0.0578125 0.0609375
3 0.4609375 0.66640625 0.08125 0.0890625
3 0.44921875 0.765625 0.090625 0.0890625
3 0.346875 0.71328125 0.1203125 0.1015625
3 0.33671875 0.8453125 0.0734375 0.046875
4 0.359375 0.6546875 0.08125 0.0640625