1 0.04296875 0.71796875 0.05 0.0703125
1 0.26015625 0.98515625 0.0703125 0.0296875
4 0.16015625 0.9875 0.0828125 0.025
4 0.36796875 0.9859375 0.0546875 0.028125
4 0.4703125 0.70703125 0.0984375 0.1375
4 0.65546875 0.41640625 0.103125 0.0875
2 0.7796875 0.84296875 0.05625 0.0671875
2 0.66875 0.75234375 0.05 0.0390625
2 0.653125 0.671875 0.059375 0.078125
2 0.525 0.64453125 0.078125 0.0765625
2 0.41875 0.534375 0.0375 0.0578125
4 0.32734375 0.53359375 0.040625 0.0375
3 0.06015625 0.43203125 0.0390625 0.046875
2 0.159375 0.4140625 0.03125 0.028125
2 0.39765625 0.72890625 0.0390625 0.04375
3 0.30078125 0.91171875 0.071875 0.075
2 0.578125 0.8734375 0.1078125 0.103125
3 0.7296875 0.4875 0.0765625 0.0578125
3 0.6234375 0.46875 0.0453125 0.05
2 0.07734375 0.8515625 0.0921875 0.0671875
3 0.1328125 0.92109375 0.109375 0.059375
4 0.84296875 0.95390625 0.0578125 0.03125