2 0.4984375 0.4203125 0.0484375 0.0390625
2 0.35078125 0.49765625 0.08125 0.08125
4 0.2921875 0.378125 0.1328125 0.1234375
2 0.28359375 0.29140625 0.0546875 0.0453125
2 0.0875 0.41484375 0.1171875 0.11875
4 0.06796875 0.18203125 0.040625 0.0609375
1 0.09921875 0.05546875 0.0546875 0.0703125
3 0.13828125 0.12734375 0.0421875 0.05
3 0.20390625 0.02421875 0.0921875 0.0484375
3 0.70625 0.0640625 0.0375 0.0453125
3 0.665625 0.1765625 0.0265625 0.028125
4 0.52109375 0.27890625 0.0484375 0.05
4 0.50703125 0.6421875 0.0984375 0.1171875
3 0.4765625 0.8078125 0.0578125 0.0625
2 0.215625 0.69375 0.0546875 0.0515625
2 0.2 0.6 0.0515625 0.05