3 0.96015625 0.11328125 0.0796875 0.0984375
3 0.79765625 0.0296875 0.084375 0.0171875
3 0.3375 0.11796875 0.0375 0.040625
2 0.796875 0.6609375 0.134375 0.0828125
2 0.55 0.88984375 0.04375 0.040625
2 0.67265625 0.7828125 0.05625 0.0453125
4 0.37734375 0.68046875 0.0984375 0.125
2 0.4265625 0.52109375 0.05 0.034375
4 0.46484375 0.36015625 0.0421875 0.04375
1 0.51953125 0.18046875 0.0609375 0.0515625
2 0.36328125 0.2359375 0.0265625 0.0171875
2 0.71796875 0.4359375 0.0453125 0.040625
3 0.975 0.30625 0.05 0.0375
4 0.678125 0.50859375 0.1203125 0.1125
3 0.87265625 0.13359375 0.078125 0.084375
2 0.7484375 0.21875 0.0671875 0.034375
4 0.9046875 0.97734375 0.075 0.0453125