2 0.44609375 0.5078125 0.0328125 0.04375
2 0.5234375 0.640625 0.0703125 0.0703125
4 0.4171875 0.7 0.1078125 0.11875
2 0.3375 0.71328125 0.040625 0.0484375
2 0.46171875 0.88671875 0.10625 0.10625
4 0.24375 0.9359375 0.059375 0.071875
4 0.0328125 0.875 0.065625 0.053125
1 0.12734375 0.9046875 0.0640625 0.0703125
3 0.19375 0.8546875 0.0453125 0.0359375
3 0.0328125 0.72578125 0.0625 0.0671875
3 0.0671875 0.79921875 0.1 0.08125
1 0.03046875 0.525 0.0484375 0.0671875
3 0.10859375 0.334375 0.040625 0.0328125
3 0.2140625 0.36640625 0.0265625 0.0234375
3 0.0625 0.20390625 0.01875 0.0265625
4 0.31484375 0.49453125 0.04375 0.0421875
4 0.65 0.490625 0.103125 0.0859375
3 0.80234375 0.51015625 0.05625 0.05
2 0.7109375 0.75546875 0.046875 0.0484375
2 0.62578125 0.775 0.04375 0.0453125