2 0.40546875 0.4125 0.1359375 0.10625
3 0.5328125 0.5 0.1265625 0.0953125
2 0.4203125 0.521875 0.0890625 0.059375
1 0.31796875 0.70625 0.1234375 0.0921875
2 0.22421875 0.2375 0.128125 0.096875
3 0.02578125 0.55 0.0515625 0.1625
4 0.18828125 0.72265625 0.0875 0.078125
4 0.13984375 0.70078125 0.0890625 0.065625
4 0.87109375 0.56875 0.1265625 0.1625
4 0.97109375 0.6234375 0.040625 0.071875
4 0.48515625 0.04140625 0.1265625 0.0828125
4 0.24375 0.421875 0.06875 0.06875
2 0.7140625 0.12890625 0.1 0.1015625