4 0.6890625 0.4203125 0.0515625 0.05625
4 0.5953125 0.45 0.1109375 0.11875
2 0.2421875 0.5140625 0.0953125 0.0671875
2 0.1609375 0.44375 0.084375 0.0640625
3 0.196875 0.44375 0.0890625 0.1
4 0.275 0.5359375 0.0859375 0.0640625
4 0.38046875 0.35546875 0.0578125 0.0484375
2 0.55390625 0.3328125 0.0640625 0.0390625
1 0.06640625 0.19765625 0.0765625 0.0859375
4 0.32265625 0.18046875 0.1078125 0.0875
4 0.24765625 0.01328125 0.0734375 0.0265625
3 0.0203125 0.29140625 0.0265625 0.0546875
3 0.05390625 0.31875 0.0859375 0.046875
3 0.7796875 0.1640625 0.028125 0.0359375
4 0.79296875 0.53359375 0.034375 0.0328125
2 0.4671875 0.52265625 0.0796875 0.053125
2 0.2890625 0.8578125 0.1078125 0.075
2 0.0375 0.63359375 0.075 0.0328125