3 0.0171875 0.0703125 0.0203125 0.0953125
3 0.16484375 0.00234375 0.0890625 0.0046875
3 0.6328125 0.14140625 0.034375 0.0390625
2 0.09609375 0.65390625 0.134375 0.078125
2 0.328125 0.91875 0.04375 0.040625
2 0.2125 0.79375 0.0546875 0.04375
4 0.5296875 0.7203125 0.09375 0.1234375
2 0.49609375 0.55 0.05 0.0328125
4 0.47421875 0.37890625 0.040625 0.040625
1 0.4375 0.1859375 0.0609375 0.0515625
2 0.59296875 0.26171875 0.025 0.015625
2 0.20390625 0.4296875 0.04375 0.0375
4 0.23671875 0.509375 0.1171875 0.1078125
3 0.0765625 0.0984375 0.0765625 0.0828125
2 0.19609375 0.2015625 0.0671875 0.0328125