3 0.625 0.49453125 0.05 0.0890625
3 0.79140625 0.459375 0.0375 0.0875
3 0.27265625 0.7578125 0.075 0.134375
3 0.3890625 0.965625 0.134375 0.0640625
3 0.45078125 0.58125 0.075 0.071875
3 0.02265625 0.52265625 0.0453125 0.0609375
3 0.17109375 0.63515625 0.053125 0.0921875
2 0.7796875 0.73125 0.05 0.0703125
2 0.36171875 0.78203125 0.1015625 0.121875
2 0.3703125 0.884375 0.1890625 0.1359375
2 0.32890625 0.93046875 0.0625 0.0828125
2 0.18359375 0.93203125 0.1203125 0.0859375
2 0.2671875 0.93515625 0.05625 0.0765625
2 0.4671875 0.7390625 0.0578125 0.0453125
3 0.74453125 0.953125 0.1171875 0.09375
4 0.94453125 0.815625 0.059375 0.0984375
2 0.22265625 0.6703125 0.040625 0.059375
4 0.55390625 0.859375 0.075 0.128125
4 0.7140625 0.653125 0.040625 0.071875