3 0.36484375 0.36015625 0.0953125 0.084375
3 0.5390625 0.31875 0.0625 0.0828125
3 0.7109375 0.3375 0.0796875 0.0828125
3 0.4671875 0.45390625 0.1140625 0.0421875
3 0.58671875 0.4515625 0.0734375 0.1
3 0.71640625 0.41875 0.1171875 0.0609375
3 0.6875 0.53125 0.0671875 0.084375
4 0.76015625 0.49453125 0.0515625 0.0640625
3 0.7015625 0.64140625 0.0671875 0.05
2 0.928125 0.50390625 0.14375 0.1171875
2 0.165625 0.86640625 0.0359375 0.046875
2 0.90625 0.634375 0.084375 0.075
4 0.815625 0.5390625 0.06875 0.3078125