2 0.70703125 0.6453125 0.0890625 0.059375
2 0.528125 0.17890625 0.0921875 0.1
2 0.26875 0.0296875 0.10625 0.059375
2 0.39375 0.38828125 0.05625 0.0578125
4 0.03203125 0.803125 0.0640625 0.140625
4 0.63359375 0.80625 0.13125 0.121875
4 0.35703125 0.721875 0.0703125 0.0984375
2 0.55546875 0.9890625 0.1171875 0.021875
3 0.6796875 0.33984375 0.0828125 0.08125
3 0.80234375 0.32734375 0.0546875 0.0703125
4 0.61484375 0.61015625 0.1125 0.125
3 0.60234375 0.56640625 0.09375 0.071875
3 0.24140625 0.071875 0.1 0.09375
1 0.33359375 0.0125 0.1015625 0.025
4 0.05546875 0.4171875 0.1046875 0.075