2 0.2625 0.38828125 0.0859375 0.0515625
2 0.5078125 0.8296875 0.0828125 0.09375
2 0.78828125 0.95 0.1015625 0.0625
2 0.6125 0.60078125 0.053125 0.0546875
4 0.9265625 0.13203125 0.0703125 0.1359375
4 0.31484375 0.21640625 0.1203125 0.1109375
4 0.603125 0.26328125 0.0609375 0.0953125
2 0.365625 0.01484375 0.115625 0.0265625
2 0.96796875 0.0265625 0.0484375 0.053125
3 0.33359375 0.68984375 0.0765625 0.0734375
3 0.2125 0.71875 0.0484375 0.0671875
4 0.3609375 0.41015625 0.103125 0.1171875
3 0.37890625 0.453125 0.0890625 0.0640625
3 0.81015625 0.896875 0.0921875 0.0859375
1 0.72734375 0.978125 0.0984375 0.0375
4 0.94921875 0.52421875 0.1015625 0.0671875