1 0.015625 0.59296875 0.03125 0.0796875
4 0.41640625 0.734375 0.1171875 0.15
4 0.696875 0.51953125 0.1140625 0.1015625
2 0.66640625 0.96796875 0.0640625 0.0640625
2 0.59140625 0.846875 0.0546875 0.0453125
2 0.6046875 0.7640625 0.0703125 0.0859375
2 0.49140625 0.69296875 0.090625 0.0875
2 0.42734375 0.54921875 0.0453125 0.0625
4 0.3390625 0.51796875 0.046875 0.04375
3 0.11796875 0.32578125 0.04375 0.0515625
2 0.2203125 0.34296875 0.034375 0.03125
2 0.3390625 0.7296875 0.0453125 0.0484375
3 0.18203125 0.871875 0.084375 0.0859375
2 0.46171875 0.93203125 0.1203125 0.11875
3 0.7421875 0.61328125 0.0828125 0.0671875
3 0.646875 0.55859375 0.05 0.0546875
2 0.01875 0.73515625 0.0375 0.0796875
3 0.0375 0.821875 0.075 0.075