4 0.4140625 0.0765625 0.05 0.0515625
3 0.4953125 0.13125 0.08125 0.0765625
3 0.534375 0.165625 0.08125 0.0640625
3 0.41328125 0.26875 0.034375 0.034375
3 0.36328125 0.25 0.0484375 0.046875
4 0.7828125 0.3828125 0.0984375 0.084375
3 0.678125 0.26171875 0.0875 0.084375
4 0.7171875 0.2921875 0.0578125 0.0484375
4 0.86484375 0.12578125 0.0953125 0.084375
1 0.7359375 0.1421875 0.075 0.053125
4 0.4453125 0.19921875 0.040625 0.04375
4 0.41484375 0.31171875 0.040625 0.028125
4 0.51953125 0.3265625 0.025 0.0171875
3 0.5015625 0.33203125 0.0390625 0.0421875
3 0.4671875 0.38828125 0.0796875 0.0515625
3 0.48828125 0.41484375 0.090625 0.05625
4 0.36328125 0.409375 0.03125 0.021875
3 0.45546875 0.49453125 0.0828125 0.05
4 0.425 0.4640625 0.0359375 0.028125
4 0.64609375 0.45859375 0.0515625 0.0375
4 0.609375 0.45390625 0.03125 0.028125
3 0.66875 0.50546875 0.1125 0.0625
3 0.584375 0.5625 0.06875 0.0390625
3 0.50625 0.52109375 0.0875 0.0625
1 0.41484375 0.646875 0.0625 0.0640625
1 0.415625 0.68359375 0.025 0.03125
1 0.45703125 0.62734375 0.0515625 0.0359375
4 0.5046875 0.5921875 0.0796875 0.05625
4 0.3765625 0.5203125 0.034375 0.0265625
1 0.37421875 0.534375 0.0375 0.0265625
3 0.51875 0.628125 0.0953125 0.0453125
4 0.36015625 0.7453125 0.03125 0.034375
4 0.3875 0.746875 0.034375 0.0265625
1 0.36953125 0.8 0.1 0.1015625
3 0.29375 0.8375 0.0703125 0.0515625
4 0.45546875 0.84453125 0.05625 0.040625
4 0.4140625 0.815625 0.065625 0.0625
3 0.36328125 0.865625 0.06875 0.0796875
3 0.365625 0.96484375 0.046875 0.0421875
3 0.33125 0.93046875 0.0765625 0.084375
4 0.31328125 0.8734375 0.05625 0.0515625
4 0.2921875 0.94453125 0.0421875 0.034375