3 0.865625 0.965625 0.103125 0.06875
3 0.89453125 0.34375 0.0421875 0.0390625
2 0.321875 0.78046875 0.090625 0.1375
2 0.103125 0.51796875 0.0421875 0.0453125
2 0.20546875 0.64765625 0.046875 0.0578125
4 0.32421875 0.35546875 0.1296875 0.10625
2 0.48203125 0.4140625 0.0359375 0.0515625
4 0.64296875 0.4609375 0.0453125 0.04375
1 0.821875 0.52578125 0.05625 0.065625
2 0.7734375 0.3640625 0.01875 0.0265625
2 0.553125 0.71171875 0.04375 0.0484375
3 0.6703125 0.97578125 0.040625 0.0484375
4 0.48203125 0.66875 0.1171875 0.125
3 0.85078125 0.884375 0.0875 0.0828125
2 0.7703125 0.75390625 0.0390625 0.06875
4 0.009375 0.8734375 0.01875 0.078125