4 0.31484375 0.2296875 0.059375 0.08125
4 0.4484375 0.1984375 0.0796875 0.0875
2 0.165625 0.13984375 0.134375 0.09375
3 0.42890625 0.01484375 0.103125 0.0296875
3 0.4921875 0.1 0.0734375 0.090625
2 0.61953125 0.48828125 0.046875 0.0296875
3 0.85625 0.3609375 0.0359375 0.028125
4 0.71484375 0.60703125 0.046875 0.04375
4 0.6375 0.64765625 0.084375 0.134375
2 0.85234375 0.62734375 0.0265625 0.021875
2 0.134375 0.50078125 0.125 0.084375
1 0.2734375 0.40078125 0.084375 0.05
4 0.0375 0.346875 0.075 0.065625
2 0.27734375 0.62109375 0.096875 0.0546875
2 0.3046875 0.70859375 0.0875 0.059375
4 0.35234375 0.709375 0.05625 0.071875
3 0.31484375 0.62421875 0.0625 0.1
2 0.2046875 0.515625 0.0453125 0.0375
4 0.4796875 0.403125 0.0703125 0.078125