1 0.2890625 0.98046875 0.0703125 0.021875
1 0.00546875 0.7828125 0.0109375 0.06875
4 0.00625 0.88828125 0.0125 0.0828125
4 0.003125 0.6703125 0.00625 0.053125
4 0.27578125 0.54921875 0.1390625 0.096875
4 0.56953125 0.33984375 0.0859375 0.1046875
2 0.11796875 0.234375 0.0671875 0.0546875
2 0.21875 0.3453125 0.0375 0.0515625
2 0.303125 0.35703125 0.078125 0.05625
2 0.33828125 0.48828125 0.075 0.078125
2 0.459375 0.59296875 0.0578125 0.0375
4 0.46328125 0.68828125 0.0390625 0.0421875
3 0.584375 0.96015625 0.0484375 0.0390625
2 0.59765625 0.85625 0.0265625 0.0328125
2 0.2578125 0.62578125 0.04375 0.0390625
3 0.07265625 0.73671875 0.075 0.071875
2 0.096875 0.44609375 0.103125 0.1078125
3 0.490625 0.26796875 0.05625 0.0765625
3 0.515625 0.37734375 0.0484375 0.04375
2 0.1484375 0.9515625 0.0625 0.0640625
3 0.07265625 0.91171875 0.05625 0.1125