3 0.05859375 0.0640625 0.08125 0.0953125
3 0.69765625 0.11328125 0.034375 0.0375
2 0.1890625 0.634375 0.1328125 0.0765625
2 0.42578125 0.8859375 0.0421875 0.0390625
2 0.3078125 0.7671875 0.053125 0.0421875
4 0.61640625 0.684375 0.0921875 0.121875
2 0.57734375 0.51796875 0.05 0.0328125
4 0.55 0.3515625 0.040625 0.040625
1 0.50703125 0.16328125 0.0609375 0.0515625
2 0.6625 0.23203125 0.025 0.015625
2 0.2859375 0.4109375 0.04375 0.0375
3 0.03203125 0.25859375 0.05 0.0359375
4 0.321875 0.4875 0.1171875 0.1078125
3 0.15 0.08984375 0.075 0.08125
2 0.27109375 0.18671875 0.065625 0.03125
4 0.05546875 0.9515625 0.075 0.0453125