4 0.43828125 0.03984375 0.1328125 0.0796875
4 0.03984375 0.15546875 0.0796875 0.1015625
2 0.2890625 0.2078125 0.05625 0.05625
2 0.42890625 0.22734375 0.10625 0.10625
2 0.47890625 0.303125 0.10625 0.0640625
2 0.5671875 0.53984375 0.0609375 0.065625
3 0.54453125 0.6015625 0.0796875 0.0796875
3 0.28203125 0.49609375 0.153125 0.0515625
3 0.0640625 0.53984375 0.0890625 0.1265625
3 0.5625 0.86484375 0.0859375 0.0390625
3 0.47890625 0.87578125 0.090625 0.0453125
3 0.40078125 0.928125 0.0734375 0.1203125
3 0.40625 0.8546875 0.040625 0.053125
3 0.45390625 0.7328125 0.04375 0.071875
3 0.56015625 0.79765625 0.0765625 0.034375
3 0.59140625 0.72265625 0.0640625 0.0390625
3 0.6015625 0.75 0.05625 0.0421875
4 0.603125 0.80625 0.053125 0.034375
1 0.28359375 0.6625 0.0953125 0.065625
1 0.10078125 0.8234375 0.13125 0.065625
2 0.403125 0.759375 0.0609375 0.046875
2 0.5296875 0.81640625 0.0375 0.034375
2 0.52578125 0.72734375 0.0640625 0.0765625
2 0.415625 0.57578125 0.034375 0.046875