3 0.29296875 0.49375 0.0609375 0.05625
2 0.05859375 0.3046875 0.0640625 0.059375
3 0.26953125 0.596875 0.090625 0.1125
3 0.4265625 0.75078125 0.10625 0.0453125
3 0.47265625 0.878125 0.096875 0.08125
3 0.31796875 0.8515625 0.0859375 0.09375
3 0.16796875 0.78046875 0.1015625 0.0984375
3 0.19765625 0.67890625 0.1140625 0.0859375
4 0.18203125 0.60234375 0.0671875 0.071875
4 0.70859375 0.06875 0.11875 0.090625
4 0.8828125 0.471875 0.0421875 0.05
3 0.32265625 0.70625 0.075 0.10625
2 0.04453125 0.57109375 0.0890625 0.1203125
2 0.07734375 0.46953125 0.1140625 0.071875