3 0.21796875 0.1984375 0.0640625 0.078125
3 0.30859375 0.0203125 0.0921875 0.040625
3 0.5859375 0.1015625 0.0375 0.046875
3 0.75625 0.40625 0.0546875 0.046875
4 0.43828125 0.40625 0.0515625 0.0375
4 0.34765625 0.50078125 0.0515625 0.0375
4 0.43359375 0.4828125 0.09375 0.1203125
3 0.11640625 0.52734375 0.05625 0.05625
2 0.40078125 0.159375 0.10625 0.0765625
2 0.05390625 0.26484375 0.065625 0.0734375
3 0.38984375 0.60234375 0.034375 0.034375
3 0.11484375 0.71953125 0.071875 0.040625
4 0.0421875 0.86796875 0.084375 0.1109375
4 0.2734375 0.709375 0.053125 0.0609375