2 0.50703125 0.47421875 0.128125 0.1203125
2 0.70703125 0.06015625 0.0765625 0.0625
1 0.134375 0.26796875 0.196875 0.1421875
3 0.5921875 0.71953125 0.121875 0.1125
3 0.89921875 0.365625 0.0828125 0.084375
3 0.9515625 0.25390625 0.096875 0.0640625
3 0.7296875 0.46796875 0.0859375 0.0796875
3 0.65234375 0.9 0.0890625 0.0578125
3 0.61171875 0.946875 0.0546875 0.0515625
3 0.16875 0.553125 0.2 0.171875
3 0.32265625 0.36875 0.1578125 0.146875
3 0.40859375 0.04765625 0.1609375 0.0953125
4 0.78359375 0.2109375 0.0765625 0.09375
4 0.521875 0.3390625 0.1546875 0.10625
2 0.3140625 0.48046875 0.0859375 0.0703125
2 0.36875 0.46640625 0.0953125 0.075
2 0.415625 0.39375 0.1984375 0.2015625
1 0.371875 0.6109375 0.11875 0.0890625
3 0.5109375 0.5765625 0.1328125 0.0703125
4 0.5578125 0.49296875 0.090625 0.0890625
2 0.58046875 0.6609375 0.059375 0.046875
2 0.25 0.60078125 0.153125 0.1359375
4 0.0734375 0.78359375 0.08125 0.065625