4 0.5796875 0.93984375 0.1375 0.1203125
4 0.1765625 0.94140625 0.125 0.1109375
2 0.39765625 0.82109375 0.0578125 0.0578125
2 0.51328125 0.7640625 0.109375 0.109375
2 0.53515625 0.684375 0.103125 0.0734375
2 0.5453125 0.45546875 0.0640625 0.0671875
3 0.50859375 0.4078125 0.0828125 0.0828125
3 0.31015625 0.57265625 0.1421875 0.0703125
3 0.11015625 0.59609375 0.0984375 0.1234375
3 0.45 0.17578125 0.08125 0.046875
3 0.37421875 0.18984375 0.0859375 0.0546875
3 0.2921875 0.1671875 0.0828125 0.115625
3 0.31796875 0.228125 0.04375 0.05
3 0.39296875 0.3203125 0.05 0.06875
3 0.46640625 0.23515625 0.071875 0.0421875
3 0.51484375 0.290625 0.0625 0.04375
3 0.515625 0.2640625 0.0546875 0.046875
4 0.50078125 0.215625 0.0515625 0.0390625
1 0.26484375 0.4296875 0.0921875 0.0734375
1 0.0625 0.34140625 0.125 0.0765625
2 0.34140625 0.31171875 0.0609375 0.05
2 0.43515625 0.2265625 0.0390625 0.0359375
2 0.45703125 0.3046875 0.06875 0.0765625
2 0.40390625 0.4671875 0.0375 0.046875