4 0.64296875 0.48671875 0.1 0.140625
4 0.7109375 0.403125 0.0984375 0.090625
2 0.8375 0.4828125 0.0765625 0.075
3 0.83046875 0.6140625 0.040625 0.0515625
3 0.75078125 0.6515625 0.0671875 0.0625
3 0.7125 0.446875 0.0546875 0.09375
3 0.2328125 0.79140625 0.0859375 0.1078125
2 0.303125 0.8625 0.109375 0.10625
4 0.3453125 0.45546875 0.0890625 0.103125
2 0.75703125 0.16875 0.096875 0.1
2 0.33671875 0.73125 0.0578125 0.0515625
1 0.21640625 0.95078125 0.0859375 0.0328125
4 0.0484375 0.24921875 0.0390625 0.075
4 0.36328125 0.18671875 0.0703125 0.0921875
4 0.26796875 0.67578125 0.0640625 0.0390625