4 0.7140625 0.16328125 0.0421875 0.04375
3 0.62421875 0.18515625 0.0671875 0.0625
3 0.57734375 0.203125 0.0703125 0.0515625
3 0.65234375 0.334375 0.028125 0.028125
3 0.70234375 0.334375 0.0421875 0.0375
4 0.2875 0.315625 0.0828125 0.0671875
3 0.41953125 0.2421875 0.0734375 0.071875
4 0.375 0.25703125 0.05 0.0390625
4 0.29765625 0.0609375 0.0828125 0.06875
1 0.40625 0.11796875 0.065625 0.0390625
4 0.64609375 0.26171875 0.034375 0.0390625
4 0.6375 0.3734375 0.0375 0.021875
4 0.5390625 0.3515625 0.021875 0.0140625
3 0.55390625 0.36171875 0.0328125 0.0375
3 0.565625 0.4234375 0.071875 0.0390625
3 0.5390625 0.440625 0.08125 0.040625
4 0.65078125 0.47578125 0.0265625 0.0171875
3 0.5421875 0.521875 0.0734375 0.034375
4 0.57890625 0.50390625 0.0296875 0.021875
4 0.38359375 0.428125 0.0453125 0.028125
4 0.41796875 0.4359375 0.0265625 0.0234375
3 0.34921875 0.4625 0.103125 0.0421875
3 0.40546875 0.540625 0.0640625 0.0265625
3 0.4875 0.52890625 0.078125 0.0484375
1 0.52890625 0.6703125 0.0515625 0.053125
1 0.515625 0.703125 0.01875 0.028125
1 0.496875 0.6390625 0.0453125 0.0265625
4 0.465625 0.59296875 0.071875 0.04375
4 0.60390625 0.5703125 0.03125 0.021875
1 0.60078125 0.58359375 0.0328125 0.0203125
3 0.44140625 0.61953125 0.0890625 0.0296875
4 0.5453125 0.77578125 0.028125 0.0296875
4 0.51953125 0.76796875 0.03125 0.021875
1 0.51875 0.82109375 0.0828125 0.084375
3 0.57421875 0.8796875 0.0625 0.0390625
4 0.428125 0.83359375 0.0484375 0.03125
4 0.475 0.82109375 0.05625 0.0515625
3 0.503125 0.88125 0.05625 0.0703125
3 0.46953125 0.975 0.0421875 0.05
3 0.5109375 0.95 0.0625 0.071875
4 0.5453125 0.90546875 0.0484375 0.040625
4 0.54140625 0.97578125 0.0375 0.0265625