4 0.27421875 0.459375 0.0515625 0.0546875
2 0.71953125 0.6546875 0.1171875 0.0828125
2 0.7984375 0.70078125 0.096875 0.08125
3 0.6046875 0.49296875 0.08125 0.125
2 0.434375 0.43125 0.078125 0.0515625
2 0.5390625 0.43046875 0.0890625 0.0875
2 0.66953125 0.321875 0.0609375 0.05625
3 0.70625 0.478125 0.0984375 0.05
1 0.8609375 0.3296875 0.0796875 0.090625
4 0.990625 0.26953125 0.01875 0.0609375
4 0.70390625 0.96171875 0.0828125 0.0765625
2 0.83515625 0.9265625 0.1296875 0.11875
4 0.178125 0.515625 0.1109375 0.15625