3 0.146875 0.0265625 0.09375 0.053125
3 0.72890625 0.19453125 0.040625 0.04375
2 0.13671875 0.56015625 0.1375 0.0984375
2 0.29765625 0.8484375 0.0484375 0.0453125
2 0.21640625 0.7109375 0.059375 0.0515625
4 0.521875 0.70546875 0.1109375 0.1328125
2 0.52421875 0.5421875 0.0515625 0.0375
4 0.5359375 0.38125 0.0453125 0.046875
1 0.540625 0.196875 0.065625 0.0578125
2 0.6796875 0.0375 0.03125 0.0234375
2 0.66875 0.296875 0.028125 0.0203125
2 0.27890625 0.375 0.0484375 0.04375
3 0.08203125 0.178125 0.046875 0.040625
4 0.29296875 0.4546875 0.1296875 0.121875
3 0.2265625 0.04609375 0.084375 0.0890625
2 0.31640625 0.1640625 0.0671875 0.0421875