3 0.5390625 0.8140625 0.1203125 0.0671875
3 0.55390625 0.85234375 0.11875 0.08125
3 0.7078125 0.79609375 0.0921875 0.0453125
3 0.3546875 0.63984375 0.1265625 0.134375
3 0.05390625 0.4625 0.1078125 0.146875
3 0.1359375 0.3796875 0.1328125 0.0578125
3 0.15234375 0.221875 0.11875 0.1265625
3 0.13984375 0.1546875 0.11875 0.0859375
3 0.3359375 0.09375 0.1 0.075
3 0.58671875 0.1453125 0.1171875 0.04375
3 0.54375 0.19609375 0.125 0.08125
3 0.4421875 0.1984375 0.140625 0.0859375
3 0.36484375 0.26640625 0.090625 0.1375
3 0.30390625 0.21953125 0.10625 0.1375
3 0.22890625 0.20390625 0.084375 0.10625
3 0.4265625 0.41171875 0.0765625 0.059375
3 0.4828125 0.44140625 0.053125 0.078125
3 0.2390625 0.509375 0.0859375 0.06875
3 0.26171875 0.58203125 0.1078125 0.0375
3 0.4328125 0.7578125 0.05625 0.0609375
3 0.68515625 0.8546875 0.0515625 0.0359375
3 0.39375 0.84921875 0.0890625 0.0703125
3 0.68203125 0.9234375 0.0734375 0.0390625
3 0.3265625 0.79296875 0.0640625 0.0421875
1 0.16015625 0.7 0.109375 0.1015625
1 0.4125 0.9109375 0.103125 0.075
1 0.96015625 0.86796875 0.0578125 0.0953125
1 0.22734375 0.06484375 0.128125 0.09375
1 0.290625 0.55234375 0.0796875 0.05
1 0.01875 0.8546875 0.0375 0.096875
2 0.46328125 0.54296875 0.0578125 0.0640625
3 0.22109375 0.3484375 0.0671875 0.0984375
4 0.67421875 0.35859375 0.0484375 0.0515625
4 0.56015625 0.58515625 0.078125 0.0875
1 0.55390625 0.47734375 0.0328125 0.0296875
1 0.7796875 0.896875 0.0546875 0.0546875
3 0.62109375 0.484375 0.0734375 0.04375
4 0.54765625 0.28359375 0.0515625 0.0515625
4 0.30078125 0.75078125 0.0671875 0.059375
4 0.34140625 0.94765625 0.0640625 0.0390625
2 0.39921875 0.56015625 0.0515625 0.0390625
4 0.1828125 0.465625 0.0546875 0.0546875
2 0.5859375 0.9765625 0.09375 0.046875
1 0.87890625 0.68125 0.03125 0.0296875
2 0.884375 0.0234375 0.0546875 0.0203125
1 0.62734375 0.18125 0.0546875 0.0375