3 0.40078125 0.171875 0.0875 0.05625
3 0.2265625 0.42109375 0.1375 0.059375
2 0.240625 0.5234375 0.05 0.05
2 0.4296875 0.5484375 0.0765625 0.1140625
2 0.234375 0.15859375 0.040625 0.05625
2 0.29140625 0.03046875 0.084375 0.040625
2 0.1890625 0.03671875 0.0734375 0.0359375
4 0.21796875 0.03203125 0.0515625 0.028125
2 0.4765625 0.1609375 0.05 0.046875
4 0.0421875 0.6 0.0765625 0.0796875
4 0.16015625 0.83359375 0.05625 0.0546875
4 0.56171875 0.925 0.0765625 0.1296875
4 0.45859375 0.68046875 0.1234375 0.134375