4 0.82265625 0.278125 0.046875 0.046875
3 0.80546875 0.3734375 0.06875 0.0734375
3 0.790625 0.42265625 0.0578125 0.0765625
3 0.64921875 0.3546875 0.0328125 0.0328125
3 0.64609375 0.30234375 0.0421875 0.0453125
4 0.69375 0.73203125 0.075 0.090625
3 0.76171875 0.5890625 0.0796875 0.08125
4 0.74921875 0.63671875 0.0453125 0.0546875
4 0.95859375 0.7015625 0.078125 0.090625
1 0.89140625 0.59296875 0.0453125 0.0703125
4 0.725 0.35546875 0.0421875 0.0375
4 0.61015625 0.3734375 0.025 0.040625
4 0.63984375 0.4734375 0.015625 0.021875
3 0.628125 0.45859375 0.040625 0.0359375
3 0.56328125 0.4515625 0.0453125 0.0765625
3 0.54765625 0.4796875 0.046875 0.0859375
4 0.503125 0.365625 0.0203125 0.028125
3 0.46328125 0.4828125 0.040625 0.078125
4 0.47890625 0.44296875 0.025 0.034375
4 0.571875 0.6390625 0.03125 0.05
4 0.56171875 0.6046875 0.025 0.028125
3 0.53828125 0.678125 0.05 0.1078125
3 0.45390625 0.625 0.0328125 0.06875
3 0.459375 0.53984375 0.0546875 0.084375
1 0.309375 0.50703125 0.0609375 0.0578125
1 0.27734375 0.52265625 0.03125 0.0234375
1 0.34453125 0.5375 0.03125 0.05
4 0.39453125 0.565625 0.0484375 0.075
4 0.40859375 0.421875 0.0234375 0.034375
1 0.3953125 0.42578125 0.0234375 0.0375
3 0.36953125 0.59375 0.0359375 0.0921875
4 0.19921875 0.49765625 0.03125 0.0296875
4 0.209375 0.5234375 0.0234375 0.034375
1 0.1546875 0.528125 0.0921875 0.0921875
3 0.08984375 0.475 0.04375 0.065625
4 0.1484375 0.62265625 0.0359375 0.0515625
4 0.1578125 0.57421875 0.0578125 0.0609375
3 0.09296875 0.5484375 0.075 0.0609375
3 0.01484375 0.5890625 0.01875 0.0390625
3 0.03046875 0.54375 0.0609375 0.065625
4 0.06484375 0.50625 0.0453125 0.053125
4 0.00390625 0.51328125 0.0078125 0.0390625