4 0.86171875 0.54375 0.071875 0.078125
2 0.43828125 0.77890625 0.1265625 0.096875
2 0.38984375 0.9171875 0.1203125 0.0921875
3 0.55703125 0.671875 0.115625 0.1171875
3 0.4359375 0.63671875 0.10625 0.0703125
2 0.51171875 0.4875 0.0578125 0.059375
1 0.275 0.503125 0.1 0.1078125
4 0.175 0.4765625 0.0859375 0.0703125
3 0.0765625 0.125 0.15 0.0984375
2 0.103125 0.5265625 0.0890625 0.0609375
2 0.2359375 0.8140625 0.04375 0.05
2 0.18515625 0.8640625 0.090625 0.0671875
4 0.965625 0.603125 0.06875 0.15625
2 0.1953125 0.13984375 0.0875 0.06875
2 0.6640625 0.5859375 0.1015625 0.0875