2 0.46875 0.47734375 0.1234375 0.1140625
2 0.29921875 0.90703125 0.0765625 0.0640625
1 0.85625 0.65703125 0.19375 0.13125
3 0.36640625 0.2390625 0.1171875 0.1078125
3 0.08515625 0.6125 0.078125 0.08125
3 0.04375 0.72734375 0.0875 0.0578125
3 0.246875 0.49921875 0.08125 0.075
3 0.29375 0.06328125 0.0890625 0.053125
3 0.33046875 0.01875 0.0515625 0.0375
3 0.80078125 0.37421875 0.1921875 0.1625
3 0.66015625 0.56953125 0.1515625 0.140625
3 0.59765625 0.9203125 0.15625 0.1375
4 0.2109375 0.76015625 0.071875 0.0921875
4 0.46328125 0.6140625 0.1515625 0.0984375
2 0.6609375 0.4578125 0.0828125 0.065625
2 0.60625 0.47578125 0.0921875 0.0703125
2 0.565625 0.5515625 0.1890625 0.1921875
1 0.59375 0.33203125 0.115625 0.0828125
3 0.4578125 0.375 0.13125 0.0625
4 0.41640625 0.4625 0.0859375 0.0859375
2 0.38203125 0.29609375 0.0578125 0.04375
2 0.715625 0.3328125 0.1484375 0.1296875
4 0.8796875 0.13828125 0.0796875 0.0625