3 0.54296875 0.5421875 0.05625 0.0609375
3 0.525 0.70859375 0.0765625 0.1078125
3 0.59140625 0.915625 0.0625 0.0703125
3 0.5484375 0.96484375 0.0515625 0.040625
3 0.12421875 0.61015625 0.1140625 0.1515625
3 0.23515625 0.49609375 0.1578125 0.0625
3 0.61328125 0.44765625 0.0625 0.065625
3 0.646875 0.48203125 0.0640625 0.0546875
2 0.43046875 0.1046875 0.0671875 0.0671875
4 0.5390625 0.32890625 0.0859375 0.0515625
2 0.31328125 0.4671875 0.1796875 0.1265625
4 0.45 0.5546875 0.08125 0.065625
3 0.43515625 0.49296875 0.04375 0.05
3 0.39296875 0.67421875 0.121875 0.09375
2 0.371875 0.58046875 0.1078125 0.1015625
2 0.29453125 0.55078125 0.0765625 0.0546875
1 0.259375 0.69375 0.1109375 0.090625
2 0.16484375 0.7234375 0.1609375 0.096875
4 0.06875 0.8765625 0.1015625 0.0921875
1 0.05546875 0.42265625 0.10625 0.096875
3 0.13984375 0.16484375 0.14375 0.1453125
4 0.34453125 0.35703125 0.159375 0.10625