3 0.1796875 0.2140625 0.059375 0.0734375
3 0.2515625 0.01953125 0.0875 0.0390625
3 0.5421875 0.07578125 0.0328125 0.04375
3 0.7484375 0.3671875 0.053125 0.04375
4 0.425 0.4015625 0.05 0.0328125
4 0.34375 0.50703125 0.05 0.0328125
4 0.428125 0.4796875 0.084375 0.1140625
3 0.11171875 0.55859375 0.0515625 0.0515625
2 0.3609375 0.15546875 0.1015625 0.0703125
2 0.02578125 0.29765625 0.046875 0.06875
3 0.39765625 0.60546875 0.03125 0.03125
3 0.13046875 0.75390625 0.06875 0.0359375
4 0.06015625 0.9140625 0.1015625 0.1046875
4 0.290625 0.72578125 0.0484375 0.0578125