4 0.28984375 0.45703125 0.059375 0.0625
4 0.38671875 0.4734375 0.125 0.1328125
2 0.7453125 0.4859375 0.103125 0.0796875
2 0.815625 0.40625 0.0921875 0.075
3 0.78125 0.41171875 0.1015625 0.1109375
4 0.71640625 0.51328125 0.09375 0.075
4 0.58671875 0.3484375 0.0640625 0.05625
2 0.41171875 0.3515625 0.06875 0.0484375
1 0.875 0.15 0.0859375 0.09375
4 0.61953125 0.1671875 0.1171875 0.1015625
3 0.94140625 0.234375 0.0484375 0.059375
3 0.90546875 0.2671875 0.090625 0.0578125
3 0.1640625 0.215625 0.0328125 0.0390625
4 0.203125 0.5828125 0.0375 0.0359375
2 0.5234375 0.52578125 0.0859375 0.0625
2 0.746875 0.834375 0.115625 0.0890625
2 0.96328125 0.575 0.0734375 0.04375