4 0.21796875 0.2078125 0.05 0.05
3 0.31328125 0.2140625 0.078125 0.075
3 0.36328125 0.22421875 0.078125 0.0625
3 0.3109375 0.37109375 0.034375 0.034375
3 0.26015625 0.3796875 0.0484375 0.0453125
4 0.67890625 0.28671875 0.0953125 0.08125
3 0.53125 0.23515625 0.0859375 0.084375
4 0.5796875 0.2421875 0.05625 0.0484375
4 0.62265625 0.03515625 0.0953125 0.0703125
1 0.521875 0.10703125 0.0734375 0.0515625
4 0.30390625 0.296875 0.040625 0.04375
4 0.33359375 0.4078125 0.040625 0.028125
4 0.42890625 0.36875 0.0234375 0.0171875
3 0.41640625 0.38125 0.0390625 0.040625
3 0.415625 0.4453125 0.078125 0.0515625
3 0.4453125 0.45859375 0.0875 0.0546875
4 0.33828125 0.5140625 0.0296875 0.021875
3 0.45703125 0.5421875 0.0796875 0.0484375
4 0.415625 0.53046875 0.0359375 0.028125
4 0.6 0.41796875 0.05 0.0359375
4 0.5671875 0.43203125 0.0296875 0.028125
3 0.6421875 0.446875 0.1078125 0.059375
3 0.5984375 0.5359375 0.06875 0.0390625
3 0.5140625 0.5390625 0.0875 0.0625
1 0.496875 0.690625 0.0609375 0.0640625
1 0.515625 0.72109375 0.025 0.03125
1 0.5234375 0.65390625 0.0515625 0.0359375
4 0.54609375 0.60078125 0.078125 0.0546875
4 0.403125 0.603125 0.034375 0.0265625
1 0.4078125 0.615625 0.0359375 0.0265625
3 0.57578125 0.6234375 0.09375 0.0453125
4 0.49921875 0.8015625 0.03125 0.034375
4 0.5234375 0.7890625 0.034375 0.0265625
1 0.53359375 0.84296875 0.096875 0.0984375
3 0.48828125 0.91171875 0.06875 0.05
4 0.628125 0.83828125 0.0546875 0.0390625
4 0.57890625 0.834375 0.0640625 0.0625
3 0.5609375 0.90078125 0.0671875 0.078125
3 0.609375 0.978125 0.0421875 0.0296875
3 0.5640625 0.96484375 0.071875 0.0703125
4 0.521875 0.9328125 0.0546875 0.05
4 0.5359375 0.99375 0.040625 0.0125