4 0.16953125 0.3796875 0.065625 0.071875
2 0.6625 0.30078125 0.1234375 0.0859375
2 0.7578125 0.184375 0.115625 0.08125
3 0.509375 0.3625 0.1078125 0.109375
3 0.61484375 0.4390625 0.1046875 0.0609375
2 0.4890625 0.55625 0.0546875 0.0578125
1 0.7234375 0.625 0.090625 0.1015625
4 0.81015625 0.6859375 0.0828125 0.0625
2 0.89765625 0.66171875 0.0875 0.05
2 0.8703125 0.3375 0.0421875 0.046875
2 0.9375 0.30703125 0.0890625 0.0578125
2 0.5 0.015625 0.053125 0.03125
4 0.06640625 0.27421875 0.1046875 0.1515625
2 0.671875 0.98671875 0.084375 0.0265625
2 0.37578125 0.40859375 0.096875 0.0796875