3 0.4890625 0.18828125 0.0921875 0.059375
3 0.11796875 0.2125 0.13125 0.1046875
3 0.52578125 0.73125 0.128125 0.1171875
3 0.78671875 0.36484375 0.10625 0.0796875
3 0.75625 0.484375 0.0984375 0.1265625
3 0.93125 0.32734375 0.0546875 0.0953125
3 0.94296875 0.3921875 0.0515625 0.0984375
3 0.88515625 0.27734375 0.0703125 0.0890625
3 0.7828125 0.26640625 0.0703125 0.0640625
2 0.809375 0.48359375 0.0921875 0.09375
2 0.5953125 0.3375 0.0859375 0.1
2 0.640625 0.44609375 0.0625 0.0734375
2 0.6125 0.8609375 0.078125 0.090625
2 0.23515625 0.3671875 0.05 0.0546875
4 0.03671875 0.5921875 0.0734375 0.125
2 0.59921875 0.40390625 0.0546875 0.046875
4 0.66484375 0.390625 0.0515625 0.0734375
1 0.65859375 0.54453125 0.078125 0.1078125
4 0.81640625 0.309375 0.05 0.065625
2 0.13046875 0.053125 0.0890625 0.071875
4 0.1171875 0.12421875 0.1015625 0.1046875
4 0.86640625 0.85703125 0.1234375 0.0828125
2 0.7453125 0.66015625 0.1078125 0.090625
2 0.8953125 0.35390625 0.0453125 0.05625
4 0.55859375 0.06875 0.0515625 0.059375