4 0.38828125 0.55390625 0.096875 0.14375
4 0.3390625 0.6578125 0.1 0.090625
2 0.1875 0.6046875 0.0765625 0.075
3 0.16328125 0.4671875 0.040625 0.053125
3 0.2375 0.409375 0.0671875 0.0609375
3 0.32578125 0.6125 0.05 0.096875
3 0.7421875 0.13984375 0.0828125 0.1109375
2 0.6515625 0.0828125 0.109375 0.103125
4 0.70546875 0.51484375 0.0875 0.1015625
2 0.34609375 0.91171875 0.096875 0.1
2 0.6484375 0.22734375 0.0578125 0.05
4 0.7515625 0.7984375 0.06875 0.09375
4 0.7328125 0.26796875 0.0640625 0.0359375