4 0.4078125 0.29765625 0.05625 0.0546875
2 0.37734375 0.75859375 0.090625 0.11875
2 0.3625 0.84453125 0.0859375 0.1015625
3 0.48515625 0.603125 0.125 0.090625
2 0.48515625 0.43203125 0.05625 0.0765625
2 0.5203125 0.52421875 0.090625 0.0921875
2 0.65859375 0.60625 0.059375 0.0625
3 0.53203125 0.68984375 0.0578125 0.096875
1 0.7140625 0.7796875 0.0921875 0.084375
4 0.81796875 0.90234375 0.0671875 0.0765625
4 0.10078125 0.84453125 0.075 0.084375
2 0.1734375 0.94140625 0.125 0.1171875
4 0.534375 0.98671875 0.065625 0.0265625
4 0.3265625 0.2296875 0.1578125 0.121875