4 0.83828125 0.6421875 0.0578125 0.065625
2 0.3703125 0.76796875 0.1125 0.071875
2 0.28984375 0.88984375 0.10625 0.06875
3 0.51171875 0.69296875 0.0953125 0.096875
3 0.40234375 0.6296875 0.096875 0.0484375
2 0.51171875 0.503125 0.046875 0.05
1 0.278125 0.4609375 0.0796875 0.090625
4 0.1875 0.4109375 0.075 0.053125
3 0.17734375 0.03984375 0.1375 0.0796875
2 0.10625 0.4421875 0.08125 0.0421875
2 0.165625 0.753125 0.034375 0.04375
2 0.10390625 0.78984375 0.08125 0.0484375
4 0.95234375 0.7328125 0.0953125 0.1375
2 0.2890625 0.0890625 0.078125 0.0515625
2 0.6359375 0.63515625 0.0875 0.06875