2 0.89765625 0.38125 0.065625 0.0953125
4 0.8390625 0.378125 0.1140625 0.1265625
4 0.88984375 0.58203125 0.1109375 0.1359375
4 0.2171875 0.61171875 0.0890625 0.1296875
4 0.384375 0.3375 0.1109375 0.0765625
4 0.4203125 0.44765625 0.0828125 0.065625
4 0.20625 0.91953125 0.090625 0.0609375
2 0.61328125 0.17265625 0.065625 0.0890625
2 0.77421875 0.78515625 0.109375 0.146875
2 0.0234375 0.71171875 0.046875 0.0671875
2 0.86171875 0.20625 0.0796875 0.0734375
3 0.75234375 0.32421875 0.0765625 0.103125
2 0.375 0.6578125 0.096875 0.0921875
3 0.8265625 0.03515625 0.0375 0.0296875
4 0.153125 0.15078125 0.184375 0.11875