4 0.0578125 0.4296875 0.115625 0.134375
4 0.0703125 0.83125 0.1078125 0.121875
2 0.1828125 0.60625 0.0578125 0.05625
2 0.2359375 0.48828125 0.1078125 0.1078125
2 0.3140625 0.4640625 0.0703125 0.103125
2 0.54375 0.44609375 0.065625 0.0625
3 0.5921875 0.48125 0.08125 0.08125
3 0.43359375 0.684375 0.065625 0.1421875
3 0.4171875 0.88671875 0.121875 0.0953125
3 0.82578125 0.53203125 0.0453125 0.08125
3 0.8140625 0.6078125 0.0515625 0.0859375
3 0.83984375 0.6890625 0.1140625 0.0796875
3 0.778125 0.665625 0.05 0.0421875
3 0.6828125 0.59375 0.06875 0.0484375
3 0.765625 0.5171875 0.040625 0.071875
3 0.70859375 0.47109375 0.0421875 0.0609375
3 0.73515625 0.46953125 0.0453125 0.053125
4 0.784375 0.48203125 0.0375 0.0515625
1 0.57890625 0.725 0.0703125 0.090625
1 0.6734375 0.925 0.0734375 0.125
2 0.69453125 0.6453125 0.0484375 0.059375
2 0.77578125 0.5484375 0.034375 0.0375
2 0.696875 0.52890625 0.075 0.0671875
2 0.5359375 0.5875 0.0453125 0.0359375