4 0.6390625 0.41875 0.1015625 0.1453125
4 0.68046875 0.315625 0.103125 0.09375
2 0.83203125 0.35625 0.078125 0.078125
3 0.8640625 0.48828125 0.0421875 0.0546875
3 0.796875 0.55 0.06875 0.0609375
3 0.69609375 0.3578125 0.05625 0.096875
3 0.3234375 0.846875 0.0890625 0.1125
2 0.415625 0.89609375 0.1125 0.1078125
4 0.33359375 0.47890625 0.090625 0.1046875
2 0.65625 0.06796875 0.1 0.1015625
2 0.40859375 0.7546875 0.059375 0.05
4 0.26953125 0.2046875 0.0703125 0.0953125
4 0.3234375 0.72109375 0.065625 0.0390625