4 0.57109375 0.146875 0.06875 0.0640625
2 0.74765625 0.58359375 0.08125 0.1171875
2 0.87578125 0.646875 0.078125 0.1109375
3 0.659375 0.45546875 0.1046875 0.1046875
3 0.6109375 0.56875 0.0578125 0.0984375
2 0.47578125 0.47890625 0.0546875 0.053125
1 0.4625 0.70859375 0.0984375 0.0890625
4 0.425 0.80234375 0.0609375 0.08125
3 0.0734375 0.8546875 0.0828125 0.1421875
2 0.465625 0.87734375 0.05 0.0828125
2 0.75859375 0.7828125 0.0453125 0.0390625
2 0.8015625 0.8375 0.05625 0.084375
2 0.97578125 0.375 0.03125 0.05
4 0.64609375 0.0390625 0.1453125 0.078125
2 0.10234375 0.7421875 0.059375 0.08125
2 0.58828125 0.34296875 0.075 0.0921875