4 0.50078125 0.9734375 0.1328125 0.053125
4 0.9125 0.95078125 0.08125 0.0984375
2 0.678125 0.85390625 0.059375 0.059375
2 0.54453125 0.8078125 0.1109375 0.1109375
2 0.51015625 0.72421875 0.109375 0.06875
2 0.46953125 0.475 0.0640625 0.06875
3 0.503125 0.41875 0.0828125 0.0828125
3 0.740625 0.571875 0.153125 0.059375
3 0.95703125 0.5703125 0.0859375 0.128125
3 0.5359375 0.15703125 0.0875 0.0421875
3 0.61953125 0.16171875 0.0921875 0.05
3 0.70546875 0.1265625 0.0796875 0.1234375
3 0.68671875 0.19609375 0.04375 0.0546875
3 0.6171875 0.30703125 0.046875 0.0734375
3 0.525 0.22421875 0.078125 0.0390625
3 0.4796875 0.29140625 0.065625 0.0421875
3 0.47578125 0.2625 0.0578125 0.0453125
4 0.484375 0.2078125 0.0546875 0.0375
1 0.77109375 0.40859375 0.096875 0.0703125
1 0.95625 0.2859375 0.0875 0.06875
2 0.671875 0.290625 0.0625 0.0484375
2 0.55859375 0.21015625 0.0390625 0.0359375
2 0.5453125 0.2984375 0.0671875 0.078125
2 0.62421875 0.46875 0.0359375 0.0484375