3 0.94921875 0.878125 0.1015625 0.0625
1 0.64609375 0.6703125 0.0578125 0.0625
3 0.45703125 0.6890625 0.0390625 0.0296875
3 0.39140625 0.8203125 0.028125 0.0296875
2 0.575 0.8515625 0.034375 0.0265625
4 0.49140625 0.59921875 0.025 0.0171875
4 0.621875 0.5171875 0.0578125 0.053125
2 0.675 0.55625 0.03125 0.053125
2 0.6375 0.57578125 0.0484375 0.065625
4 0.7953125 0.3421875 0.109375 0.13125
2 0.86171875 0.4171875 0.0515625 0.0484375
2 0.57421875 0.34609375 0.046875 0.0390625
2 0.82265625 0.1515625 0.1078125 0.0953125
2 0.95 0.6421875 0.0734375 0.0359375
2 0.91796875 0.78515625 0.0921875 0.0921875
2 0.990625 0.71953125 0.01875 0.0640625