3 0.5203125 0.43984375 0.0640625 0.059375
3 0.69140625 0.41015625 0.1125 0.0828125
3 0.8796875 0.284375 0.0734375 0.065625
3 0.94140625 0.31328125 0.0421875 0.0546875
3 0.7078125 0.8390625 0.159375 0.125
3 0.56171875 0.7609375 0.071875 0.1640625
3 0.40625 0.39609375 0.0671875 0.0671875
3 0.42890625 0.353125 0.059375 0.06875
2 0.115625 0.678125 0.071875 0.0734375
4 0.30859375 0.50390625 0.05625 0.090625
2 0.51015625 0.690625 0.1359375 0.190625
4 0.559375 0.5296875 0.0703125 0.0859375
3 0.5015625 0.5625 0.053125 0.046875
3 0.69453125 0.5515625 0.1015625 0.128125
2 0.60703125 0.59921875 0.1078125 0.1140625
2 0.6 0.6859375 0.0578125 0.08125
1 0.753125 0.67890625 0.096875 0.1171875
2 0.809375 0.765625 0.1046875 0.1703125
4 0.9703125 0.81875 0.059375 0.109375
1 0.53984375 0.9515625 0.1015625 0.096875
3 0.2578125 0.93671875 0.15625 0.1265625
4 0.39296875 0.69140625 0.115625 0.16875