2 0.55390625 0.49765625 0.034375 0.04375
2 0.478125 0.63125 0.071875 0.071875
4 0.5859375 0.68984375 0.109375 0.1203125
2 0.6671875 0.70078125 0.040625 0.0484375
2 0.5453125 0.878125 0.1078125 0.1078125
4 0.76640625 0.92578125 0.0609375 0.078125
4 0.9703125 0.859375 0.059375 0.053125
1 0.88125 0.890625 0.065625 0.0703125
3 0.81328125 0.84140625 0.0453125 0.0375
3 0.96953125 0.70859375 0.0609375 0.0671875
3 0.93984375 0.7828125 0.1 0.0828125
1 0.97265625 0.50625 0.05 0.06875
3 0.890625 0.3171875 0.0421875 0.034375
3 0.78515625 0.3515625 0.0265625 0.0234375
3 0.934375 0.18515625 0.01875 0.0265625
4 0.6859375 0.48046875 0.0453125 0.04375
4 0.34921875 0.4828125 0.1046875 0.0875
3 0.19609375 0.50546875 0.05625 0.0515625
2 0.29296875 0.75 0.046875 0.05
2 0.37890625 0.76875 0.0453125 0.046875