2 0.4109375 0.58671875 0.13125 0.096875
3 0.54609375 0.51015625 0.1234375 0.0859375
2 0.43515625 0.478125 0.0859375 0.053125
1 0.3484375 0.284375 0.11875 0.0828125
2 0.21328125 0.7453125 0.1234375 0.0890625
3 0.03125 0.4140625 0.0625 0.1625
4 0.21953125 0.25625 0.084375 0.0734375
4 0.16875 0.27421875 0.0859375 0.059375
4 0.88984375 0.4703125 0.115625 0.1578125
4 0.9890625 0.42578125 0.01875 0.06875
4 0.45703125 0.96328125 0.1234375 0.0734375
4 0.24921875 0.5625 0.0640625 0.065625
2 0.69375 0.896875 0.09375 0.096875