2 0.3875 0.38828125 0.096875 0.0578125
2 0.4375 0.440625 0.0984375 0.0703125
3 0.50078125 0.58046875 0.0546875 0.1125
2 0.60703125 0.625 0.0890625 0.071875
2 0.29765625 0.1828125 0.08125 0.103125
4 0.44140625 0.1734375 0.09375 0.078125
2 0.4390625 0.740625 0.071875 0.05
2 0.41484375 0.571875 0.0875 0.034375
1 0.3125 0.73046875 0.071875 0.084375
4 0.0109375 0.75859375 0.021875 0.0734375
4 0.13203125 0.8046875 0.109375 0.0640625
4 0.07421875 0.58359375 0.078125 0.0796875
4 0.93125 0.51875 0.10625 0.140625