3 0.45546875 0.53125 0.05625 0.0609375
3 0.42421875 0.690625 0.078125 0.10625
3 0.303125 0.8640625 0.0625 0.0703125
3 0.33046875 0.92265625 0.0515625 0.040625
3 0.82578125 0.71328125 0.1171875 0.15
3 0.7546875 0.575 0.1546875 0.06875
3 0.4171875 0.42265625 0.065625 0.065625
3 0.37578125 0.44453125 0.0640625 0.05625
2 0.684375 0.15546875 0.06875 0.06875
4 0.51953125 0.33359375 0.084375 0.053125
2 0.690625 0.52578125 0.18125 0.1296875
4 0.53828125 0.56875 0.0796875 0.065625
3 0.5703125 0.51484375 0.04375 0.05
3 0.5578125 0.69609375 0.121875 0.0953125
2 0.60390625 0.6140625 0.1078125 0.103125
2 0.684375 0.609375 0.075 0.0546875
1 0.67578125 0.75234375 0.1109375 0.090625
2 0.75625 0.80703125 0.1609375 0.1015625
4 0.8015625 0.96484375 0.103125 0.0703125
1 0.9453125 0.5578125 0.109375 0.1
3 0.9328125 0.29296875 0.134375 0.1484375
4 0.69375 0.41484375 0.159375 0.1109375