2 0.62265625 0.56640625 0.0640625 0.1
2 0.5671875 0.52265625 0.0765625 0.103125
3 0.4265625 0.47265625 0.1140625 0.0625
2 0.37421875 0.3734375 0.0796875 0.09375
2 0.8296875 0.6359375 0.10625 0.0890625
4 0.82578125 0.49609375 0.0828125 0.0984375
2 0.2765625 0.54609375 0.0546875 0.0734375
2 0.4421875 0.55546875 0.040625 0.0890625
1 0.296875 0.66796875 0.0875 0.0765625
4 0.296875 0.97421875 0.078125 0.0515625
4 0.240625 0.84921875 0.071875 0.1109375
4 0.459375 0.8859375 0.084375 0.08125
4 0.44921875 0.053125 0.1453125 0.10625