2 0.50234375 0.4421875 0.0453125 0.034375
2 0.60703125 0.56171875 0.0765625 0.0765625
4 0.7 0.47578125 0.125 0.1140625
2 0.73828125 0.4015625 0.053125 0.0453125
2 0.86875 0.578125 0.1109375 0.1125
4 0.97421875 0.3796875 0.0515625 0.065625
4 0.98359375 0.1515625 0.0328125 0.075
1 0.97734375 0.25703125 0.0453125 0.0703125
3 0.921875 0.30546875 0.0390625 0.0453125
3 0.84765625 0.10703125 0.0703125 0.065625
3 0.90859375 0.1640625 0.0875 0.103125
1 0.65078125 0.040625 0.071875 0.0515625
3 0.4390625 0.05625 0.034375 0.0453125
3 0.4375 0.1703125 0.0265625 0.028125
4 0.53046875 0.309375 0.0453125 0.046875
4 0.41953125 0.63671875 0.090625 0.1078125
3 0.390625 0.79296875 0.0546875 0.0609375
2 0.6609375 0.78125 0.0515625 0.05
2 0.70703125 0.7046875 0.046875 0.046875