4 0.46171875 0.28984375 0.0625 0.0578125
4 0.47421875 0.38515625 0.13125 0.125
2 0.475 0.73828125 0.0796875 0.1015625
2 0.39375 0.80546875 0.075 0.0921875
3 0.4 0.77109375 0.1109375 0.103125
4 0.50234375 0.7109375 0.075 0.0953125
4 0.34453125 0.578125 0.0578125 0.0625
2 0.35390625 0.40546875 0.046875 0.065625
1 0.13984375 0.8546875 0.09375 0.0875
4 0.165625 0.60390625 0.1046875 0.11875
3 0.2203125 0.9265625 0.0609375 0.05625
3 0.2546875 0.8890625 0.059375 0.090625
3 0.228125 0.1578125 0.0390625 0.03125
4 0.58828125 0.2078125 0.0359375 0.0375
2 0.521875 0.521875 0.0640625 0.0859375
2 0.8171875 0.75234375 0.0890625 0.115625
2 0.5546875 0.959375 0.04375 0.08125