4 0.3578125 0.6484375 0.075 0.078125
3 0.61640625 0.86171875 0.0796875 0.13125
2 0.75703125 0.5609375 0.078125 0.09375
3 0.87109375 0.4390625 0.084375 0.078125
4 0.96171875 0.39296875 0.0625 0.0671875
2 0.4875 0.68125 0.0953125 0.128125
1 0.425 0.73671875 0.1015625 0.0890625
2 0.30546875 0.74921875 0.0578125 0.075
3 0.18125 0.63828125 0.115625 0.0890625
3 0.37265625 0.5203125 0.059375 0.0578125
3 0.340625 0.4484375 0.0875 0.0796875
3 0.25078125 0.409375 0.0890625 0.0890625
3 0.2453125 0.52265625 0.1015625 0.11875
3 0.12734375 0.465625 0.046875 0.071875
4 0.30078125 0.540625 0.0640625 0.0796875