3 0.603125 0.1625 0.1375 0.078125
3 0.62421875 0.121875 0.134375 0.09375
3 0.7875 0.203125 0.1046875 0.053125
3 0.37890625 0.334375 0.14375 0.153125
3 0.0453125 0.4953125 0.090625 0.165625
3 0.10703125 0.59765625 0.1484375 0.06875
3 0.1078125 0.77421875 0.1375 0.1453125
3 0.08671875 0.84765625 0.134375 0.1
3 0.29453125 0.93671875 0.1125 0.0875
3 0.578125 0.909375 0.13125 0.053125
3 0.53671875 0.8484375 0.14375 0.09375
3 0.42578125 0.83359375 0.159375 0.1015625
3 0.346875 0.74921875 0.10625 0.15625
3 0.275 0.79453125 0.1234375 0.1578125
3 0.18984375 0.803125 0.0984375 0.1203125
3 0.4328125 0.59609375 0.0890625 0.06875
3 0.49765625 0.56875 0.059375 0.0890625
3 0.23671875 0.46484375 0.0984375 0.078125
3 0.26953125 0.3875 0.121875 0.0484375
3 0.48046875 0.2125 0.0640625 0.0703125
3 0.76953125 0.13515625 0.059375 0.040625
3 0.44765625 0.1078125 0.1015625 0.08125
3 0.77421875 0.05703125 0.084375 0.046875
3 0.36640625 0.1609375 0.0734375 0.0484375
1 0.171875 0.24453125 0.1265625 0.1171875
1 0.47421875 0.0421875 0.1171875 0.084375
1 0.17421875 0.9421875 0.1421875 0.08125
1 0.2984375 0.42421875 0.090625 0.059375
1 0.04140625 0.05546875 0.03125 0.109375
2 0.48828125 0.45390625 0.0671875 0.0734375
3 0.196875 0.640625 0.0796875 0.1140625
4 0.7 0.68359375 0.05625 0.0578125
4 0.60078125 0.41953125 0.0890625 0.1
1 0.58046875 0.5375 0.0359375 0.0328125
1 0.8796875 0.09921875 0.0640625 0.0640625
3 0.65546875 0.5375 0.084375 0.05
4 0.5515625 0.7515625 0.059375 0.059375
4 0.3328125 0.2046875 0.0765625 0.0703125
4 0.40078125 0.00625 0.0703125 0.0125
2 0.41953125 0.428125 0.059375 0.04375
4 0.16953125 0.50859375 0.0625 0.0625
1 0.96328125 0.34921875 0.034375 0.0328125
1 0.62734375 0.87421875 0.0625 0.0453125