3 0.94453125 0.0890625 0.1109375 0.05625
1 0.6453125 0.3234375 0.05625 0.059375
3 0.45234375 0.3171875 0.0375 0.0296875
3 0.3765625 0.1890625 0.028125 0.028125
2 0.56015625 0.14453125 0.0359375 0.025
4 0.49375 0.40625 0.0265625 0.015625
4 0.63125 0.4796875 0.05625 0.05
2 0.68359375 0.43671875 0.028125 0.053125
2 0.64375 0.4203125 0.0453125 0.0640625
4 0.8203125 0.6453125 0.10625 0.128125
2 0.88203125 0.56484375 0.0484375 0.0484375
2 0.5953125 0.65703125 0.0453125 0.0359375
2 0.9921875 0.08046875 0.015625 0.0328125
2 0.8625 0.83671875 0.10625 0.0921875
2 0.95703125 0.3296875 0.075 0.0328125
2 0.91328125 0.18828125 0.090625 0.0921875
2 0.99140625 0.24609375 0.0171875 0.0578125