2 0.3796875 0.5453125 0.0765625 0.109375
2 0.440625 0.50546875 0.0875 0.1109375
3 0.590625 0.46640625 0.121875 0.075
2 0.65390625 0.36875 0.0875 0.1015625
2 0.15859375 0.5984375 0.1171875 0.1015625
4 0.17578125 0.45390625 0.09375 0.109375
2 0.7390625 0.55625 0.0625 0.0796875
2 0.5671875 0.55078125 0.05 0.09375
1 0.7078125 0.68046875 0.0953125 0.0875
4 0.678125 0.984375 0.084375 0.03125
4 0.74921875 0.8734375 0.0828125 0.121875
4 0.51953125 0.8921875 0.09375 0.090625
4 0.60078125 0.0453125 0.1515625 0.090625