3 0.75390625 0.5703125 0.05625 0.0515625
3 0.74765625 0.678125 0.0796875 0.10625
3 0.55078125 0.7828125 0.1078125 0.0328125
3 0.47109375 0.89609375 0.0921875 0.071875
3 0.62890625 0.91328125 0.078125 0.0859375
3 0.79453125 0.88671875 0.09375 0.090625
3 0.79453125 0.77734375 0.1078125 0.0734375
4 0.83203125 0.70703125 0.0625 0.065625
4 0.46640625 0.0390625 0.1109375 0.078125
4 0.1828125 0.3828125 0.0390625 0.046875
3 0.6640625 0.76953125 0.0625 0.1015625
2 0.96171875 0.71796875 0.0546875 0.1046875
2 0.9546875 0.60546875 0.08125 0.0578125