4 0.6984375 0.21796875 0.0578125 0.078125
4 0.571875 0.1890625 0.0765625 0.084375
2 0.8375 0.12890625 0.128125 0.0890625
3 0.58671875 0.015625 0.0984375 0.03125
3 0.52890625 0.096875 0.0703125 0.0859375
2 0.41484375 0.46640625 0.04375 0.028125
3 0.18984375 0.35 0.034375 0.0265625
4 0.32734375 0.5796875 0.0453125 0.0421875
4 0.4015625 0.61640625 0.0796875 0.1265625
2 0.19765625 0.6015625 0.025 0.0203125
2 0.87265625 0.4703125 0.11875 0.08125
1 0.73984375 0.378125 0.0828125 0.0484375
4 0.96171875 0.3234375 0.071875 0.0640625
2 0.73984375 0.5859375 0.0921875 0.053125
2 0.71640625 0.66875 0.0859375 0.05625
4 0.67109375 0.6703125 0.0546875 0.0703125
3 0.7046875 0.58984375 0.0609375 0.0953125
2 0.80703125 0.48515625 0.04375 0.034375
4 0.5453125 0.38359375 0.0671875 0.0734375
2 0.7359375 0.978125 0.103125 0.0375