4 0.71953125 0.5078125 0.0453125 0.046875
2 0.28046875 0.6484375 0.10625 0.0671875
2 0.20078125 0.68359375 0.0875 0.0671875
3 0.4046875 0.50703125 0.065625 0.1125
2 0.57109375 0.46484375 0.06875 0.040625
2 0.47265625 0.45390625 0.0765625 0.075
2 0.36015625 0.3390625 0.053125 0.0484375
3 0.309375 0.4828125 0.090625 0.0375
1 0.178125 0.32734375 0.0671875 0.078125
4 0.03359375 0.25625 0.0671875 0.053125
4 0.26328125 0.94296875 0.071875 0.071875
2 0.14375 0.89296875 0.1125 0.1015625
4 0.01328125 0.55234375 0.025 0.0609375
4 0.8046875 0.5703125 0.090625 0.140625