4 0.2765625 0.465625 0.0515625 0.053125
2 0.71953125 0.65078125 0.115625 0.0796875
2 0.79921875 0.69453125 0.096875 0.0765625
3 0.60390625 0.49296875 0.078125 0.121875
2 0.43515625 0.434375 0.075 0.0484375
2 0.53828125 0.43125 0.0859375 0.084375
2 0.665625 0.32265625 0.059375 0.0546875
3 0.7046875 0.4765625 0.096875 0.046875
1 0.8546875 0.32734375 0.0765625 0.0875
4 0.9859375 0.26640625 0.028125 0.0578125
4 0.71015625 0.9578125 0.08125 0.08125
2 0.83984375 0.91640625 0.125 0.115625
4 0.1828125 0.52265625 0.10625 0.153125