1 0.703125 0.971875 0.065625 0.05625
1 0.9921875 0.7765625 0.015625 0.065625
4 0.9890625 0.87890625 0.021875 0.0796875
4 0.7375 0.5359375 0.13125 0.0875
4 0.4640625 0.31875 0.0796875 0.096875
2 0.90625 0.2390625 0.0625 0.05
2 0.80390625 0.34140625 0.034375 0.046875
2 0.72109375 0.34765625 0.075 0.053125
2 0.6796875 0.4734375 0.0703125 0.0734375
2 0.5578125 0.56953125 0.0546875 0.0328125
4 0.5484375 0.6609375 0.034375 0.0390625
3 0.41796875 0.91875 0.04375 0.034375
2 0.41015625 0.8171875 0.025 0.0296875
2 0.7515625 0.6109375 0.040625 0.0359375
3 0.925 0.728125 0.0703125 0.0671875
2 0.91640625 0.4453125 0.0953125 0.1
3 0.54375 0.2515625 0.05 0.071875
3 0.5140625 0.35703125 0.046875 0.040625
2 0.84140625 0.94921875 0.059375 0.090625
3 0.9171875 0.89765625 0.05 0.10625