3 0.659375 0.3984375 0.1125 0.0484375
3 0.45859375 0.3203125 0.0921875 0.1171875
3 0.84921875 0.2125 0.0796875 0.0359375
3 0.621875 0.00390625 0.05625 0.0078125
3 0.8171875 0.07265625 0.078125 0.05625
3 0.83984375 0.0328125 0.05625 0.0546875
2 0.671875 0.10703125 0.06875 0.053125
4 0.69765625 0.103125 0.0453125 0.0625
2 0.76015625 0.09140625 0.0765625 0.071875
4 0.8265625 0.00703125 0.059375 0.0140625
2 0.71015625 0.24140625 0.03125 0.0390625
1 0.53203125 0.08203125 0.0984375 0.09375
1 0.32421875 0.0359375 0.1171875 0.0453125
2 0.1953125 0.225 0.1328125 0.1375
2 0.88671875 0.2203125 0.0515625 0.059375
2 0.86328125 0.55234375 0.065625 0.1109375
2 0.7125 0.5640625 0.0453125 0.053125
2 0.87109375 0.48359375 0.0765625 0.0609375
4 0.89921875 0.70546875 0.1015625 0.1078125
2 0.71328125 0.9453125 0.0609375 0.0609375
4 0.634375 0.87578125 0.0640625 0.05625
3 0.3671875 0.915625 0.1171875 0.0609375
4 0.371875 0.96484375 0.1125 0.0703125
1 0.08203125 0.7765625 0.1015625 0.1078125
4 0.521875 0.65703125 0.0859375 0.090625