4 0.315625 0.68359375 0.0640625 0.06875
4 0.4015625 0.62734375 0.1359375 0.1453125
2 0.73828125 0.46171875 0.1109375 0.0890625
2 0.840625 0.50859375 0.1 0.0828125
3 0.8046875 0.51796875 0.1125 0.1203125
4 0.7 0.4484375 0.1015625 0.084375
4 0.6453125 0.6609375 0.06875 0.0625
2 0.47734375 0.7328125 0.071875 0.0515625
1 0.97890625 0.728125 0.0421875 0.103125
4 0.75390625 0.8203125 0.128125 0.1125
3 0.96796875 0.60234375 0.0640625 0.0671875
3 0.2984375 0.96796875 0.0359375 0.04375
4 0.17890625 0.6 0.040625 0.0390625
2 0.509375 0.51796875 0.090625 0.0703125
2 0.5921875 0.128125 0.125 0.1
2 0.91484375 0.28046875 0.090625 0.0515625