4 0.86875 0.4125 0.059375 0.065625
2 0.4078125 0.271875 0.115625 0.075
2 0.3328125 0.146875 0.1078125 0.071875
3 0.54609375 0.3515625 0.096875 0.1
3 0.434375 0.41015625 0.0984375 0.05
2 0.5390625 0.53984375 0.0484375 0.0515625
1 0.30625 0.57265625 0.0828125 0.09375
4 0.2140625 0.61953125 0.0765625 0.05625
3 0.19140625 0.96953125 0.1390625 0.0453125
2 0.134375 0.5859375 0.08125 0.04375
2 0.20390625 0.2796875 0.0359375 0.0453125
2 0.14375 0.240625 0.0828125 0.05
2 0.60078125 0.01875 0.0484375 0.0328125
4 0.9671875 0.32578125 0.065625 0.1390625
2 0.303125 0.94375 0.0796875 0.0546875
2 0.6671875 0.4125 0.090625 0.071875