3 0.96484375 0.91796875 0.0703125 0.0390625
1 0.74375 0.54921875 0.0578125 0.0546875
3 0.69375 0.36875 0.028125 0.0359375
3 0.79140625 0.2625 0.0265625 0.0265625
2 0.884375 0.41953125 0.0234375 0.034375
4 0.6234375 0.43203125 0.015625 0.025
4 0.59453125 0.58046875 0.05 0.05625
2 0.64921875 0.615625 0.053125 0.0296875
2 0.653125 0.57421875 0.0625 0.0453125
4 0.49453125 0.8015625 0.125 0.1046875
2 0.5875 0.8359375 0.046875 0.05
2 0.4203125 0.596875 0.0359375 0.04375
2 0.3296875 0.89375 0.090625 0.1046875
2 0.825 0.83828125 0.0328125 0.071875
2 0.94453125 0.7578125 0.0890625 0.0875
2 0.91875 0.871875 0.059375 0.0703125