3 0.56328125 0.5375 0.0578125 0.0609375
3 0.59453125 0.70078125 0.0796875 0.1078125
3 0.71796875 0.87890625 0.0640625 0.071875
3 0.69140625 0.9375 0.053125 0.0421875
3 0.18515625 0.7234375 0.1203125 0.153125
3 0.2578125 0.5828125 0.1578125 0.0703125
3 0.603125 0.42734375 0.065625 0.0671875
3 0.64453125 0.44921875 0.0671875 0.0578125
2 0.3296875 0.15390625 0.0703125 0.06875
4 0.4984375 0.3359375 0.0875 0.05625
2 0.3234375 0.5328125 0.184375 0.1328125
4 0.478125 0.57578125 0.084375 0.06875
3 0.44609375 0.52109375 0.0453125 0.0515625
3 0.459375 0.70625 0.125 0.1
2 0.4125 0.6234375 0.1109375 0.1046875
2 0.3296875 0.61796875 0.078125 0.0578125
1 0.33828125 0.7640625 0.1125 0.09375
2 0.25625 0.81953125 0.1640625 0.103125
4 0.20859375 0.97265625 0.1046875 0.0546875
1 0.059375 0.56640625 0.11875 0.1015625
3 0.071875 0.29609375 0.14375 0.1515625
4 0.32109375 0.41953125 0.1625 0.1125