3 0.315625 0.0453125 0.0328125 0.0421875
2 0.35078125 0.1640625 0.0265625 0.0203125
1 0.54296875 0.0171875 0.0703125 0.034375
4 0.5015625 0.28515625 0.046875 0.04375
3 0.8 0.01328125 0.084375 0.0265625
3 0.9390625 0.16640625 0.08125 0.04375
3 0.89921875 0.01640625 0.0828125 0.0328125
2 0.73359375 0.325 0.05 0.04375
4 0.7125 0.409375 0.1234375 0.1140625
2 0.87890625 0.49140625 0.125 0.0984375
2 0.496875 0.44453125 0.0453125 0.03125
2 0.7703125 0.65078125 0.05625 0.040625
2 0.72265625 0.7546875 0.05 0.0421875
4 0.98125 0.7703125 0.0375 0.05625
4 0.47265625 0.64453125 0.0703125 0.0890625
3 0.47109375 0.83515625 0.053125 0.0546875