2 0.44453125 0.50078125 0.1296875 0.1203125
2 0.4484375 0.028125 0.08125 0.05625
1 0.8875 0.478125 0.203125 0.140625
3 0.25546875 0.68984375 0.1234375 0.1140625
3 0.1296875 0.221875 0.0828125 0.0859375
3 0.13046875 0.0921875 0.1015625 0.0625
3 0.240625 0.39375 0.0875 0.0796875
3 0.115625 0.83125 0.0921875 0.0578125
3 0.1328125 0.89296875 0.0546875 0.053125
3 0.72421875 0.728125 0.203125 0.1734375
3 0.6640625 0.4859375 0.1609375 0.1515625
3 0.7421875 0.125 0.1625 0.1453125
4 0.30625 0.12890625 0.0765625 0.096875
4 0.4921875 0.3671875 0.1578125 0.10625
2 0.62109375 0.59375 0.0875 0.071875
2 0.5765625 0.55546875 0.096875 0.075
2 0.5671875 0.4671875 0.2015625 0.203125
1 0.509375 0.6890625 0.1203125 0.0890625
3 0.39453125 0.59453125 0.1375 0.0703125
4 0.3890625 0.49375 0.090625 0.090625
2 0.290625 0.64140625 0.0609375 0.0453125
2 0.6265625 0.73515625 0.15625 0.1390625
4 0.7078125 0.97578125 0.084375 0.0484375