2 0.5625 0.61171875 0.1078125 0.075
2 0.52109375 0.5515625 0.109375 0.0859375
3 0.47890625 0.4015625 0.0734375 0.121875
2 0.38046875 0.340625 0.1015625 0.0859375
2 0.61953125 0.83046875 0.1 0.1171875
4 0.47421875 0.8171875 0.1078125 0.0921875
2 0.5671875 0.25234375 0.078125 0.0609375
2 0.5640625 0.42421875 0.09375 0.0484375
1 0.69140625 0.28125 0.0859375 0.0953125
4 0.98984375 0.303125 0.0203125 0.08125
4 0.88359375 0.23671875 0.121875 0.08125
4 0.90546875 0.465625 0.090625 0.0921875
4 0.0515625 0.39765625 0.103125 0.153125