4 0.61953125 0.55703125 0.1125 0.1515625
4 0.65234375 0.66484375 0.1078125 0.1015625
2 0.80703125 0.6375 0.084375 0.0828125
3 0.8515625 0.50859375 0.046875 0.05625
3 0.7890625 0.43984375 0.0734375 0.0671875
3 0.671875 0.6234375 0.0640625 0.1
3 0.340625 0.1015625 0.096875 0.1171875
2 0.4375 0.059375 0.1203125 0.1171875
4 0.31875 0.47109375 0.1 0.1125
2 0.60625 0.9109375 0.1078125 0.109375
2 0.41875 0.2 0.0625 0.05625
4 0.2296875 0.7390625 0.0796875 0.0984375
4 0.33046875 0.2265625 0.0671875 0.04375