3 0.3609375 0.40859375 0.0734375 0.0875
3 0.34453125 0.57734375 0.0765625 0.0546875
3 0.384375 0.73671875 0.071875 0.0703125
3 0.4625 0.4921875 0.034375 0.1078125
3 0.4765625 0.60546875 0.0921875 0.0640625
3 0.46171875 0.73046875 0.05 0.1078125
3 0.5640625 0.68828125 0.075 0.059375
4 0.53984375 0.76171875 0.059375 0.0453125
3 0.6703125 0.6890625 0.0421875 0.0609375
2 0.57109375 0.9265625 0.1015625 0.14375
2 0.8203125 0.97578125 0.0546875 0.028125
2 0.8109375 0.15390625 0.0421875 0.0328125
3 0.11875 0.059375 0.06875 0.06875
2 0.68984375 0.88125 0.0671875 0.075
4 0.5890625 0.80859375 0.2921875 0.046875