2 0.5875 0.61015625 0.0984375 0.0578125
2 0.53984375 0.5578125 0.0984375 0.0703125
3 0.4796875 0.4203125 0.0546875 0.1125
2 0.3765625 0.375 0.0890625 0.0734375
2 0.67109375 0.81328125 0.0828125 0.103125
4 0.53046875 0.81953125 0.0953125 0.0765625
2 0.54296875 0.26484375 0.0703125 0.05
2 0.5640625 0.4296875 0.0859375 0.034375
1 0.66640625 0.2765625 0.0734375 0.0828125
4 0.975 0.25546875 0.05 0.0734375
4 0.84453125 0.2078125 0.109375 0.0640625
4 0.896875 0.42421875 0.0765625 0.0796875
4 0.0578125 0.4734375 0.10625 0.1390625