2 0.49296875 0.4984375 0.115625 0.1234375
2 0.05390625 0.525 0.065625 0.075
1 0.49375 0.90546875 0.1375 0.1890625
3 0.6578125 0.315625 0.10625 0.115625
3 0.221875 0.22265625 0.08125 0.0796875
3 0.10390625 0.22890625 0.0625 0.0953125
3 0.38515625 0.31640625 0.0765625 0.0828125
3 0.78046875 0.18125 0.05625 0.0859375
3 0.83828125 0.19375 0.05 0.053125
3 0.71484375 0.74375 0.165625 0.1921875
3 0.48984375 0.70078125 0.1421875 0.1515625
3 0.16328125 0.7890625 0.1390625 0.153125
4 0.1453125 0.38984375 0.090625 0.075
4 0.3734375 0.54921875 0.1046875 0.1484375
2 0.5875 0.65703125 0.0671875 0.0828125
2 0.55 0.6171875 0.071875 0.0921875
2 0.46796875 0.61328125 0.19375 0.190625
1 0.66875 0.5484375 0.0859375 0.1125
3 0.5765625 0.4484375 0.06875 0.128125
4 0.484375 0.44765625 0.0859375 0.0859375
2 0.61484375 0.3515625 0.0453125 0.05625
2 0.7171875 0.65390625 0.13125 0.146875
4 0.95078125 0.7171875 0.0640625 0.0796875