3 0.190625 0.4484375 0.06875 0.13125
3 0.14921875 0.43046875 0.084375 0.1265625
3 0.2203125 0.2671875 0.046875 0.1
3 0.36875 0.65859375 0.1421875 0.134375
3 0.54453125 0.96796875 0.1578125 0.0640625
3 0.63984375 0.91015625 0.0625 0.1421875
3 0.8109375 0.90078125 0.134375 0.1265625
3 0.88359375 0.91875 0.090625 0.1265625
3 0.9578125 0.70859375 0.0765625 0.10625
3 0.91953125 0.43515625 0.04375 0.125
3 0.8625 0.47890625 0.0859375 0.1359375
3 0.853125 0.58828125 0.090625 0.15
3 0.775 0.66875 0.146875 0.096875
3 0.82265625 0.73671875 0.1484375 0.1125
3 0.83515625 0.81953125 0.1140625 0.090625
3 0.62109375 0.59375 0.0640625 0.084375
3 0.59140625 0.53125 0.0859375 0.0546875
3 0.50390625 0.790625 0.0734375 0.0953125
3 0.4265625 0.7625 0.0390625 0.115625
3 0.24453125 0.56640625 0.0640625 0.0609375
3 0.15546875 0.28828125 0.0375 0.0546875
3 0.14453125 0.60390625 0.075 0.0953125
3 0.07890625 0.2875 0.040625 0.078125
3 0.20078125 0.68046875 0.0453125 0.06875
1 0.2921875 0.865625 0.1078125 0.1171875
1 0.07734375 0.58046875 0.0796875 0.1109375
1 0.1546875 0.009375 0.1 0.01875
1 0.965625 0.82734375 0.059375 0.1359375
1 0.4609375 0.7328125 0.0546875 0.0859375
2 0.4796875 0.54609375 0.06875 0.0625
3 0.67734375 0.8203125 0.1078125 0.0703125
4 0.69296875 0.32734375 0.0546875 0.053125
4 0.43984375 0.4390625 0.0921875 0.0828125
1 0.55625 0.4515625 0.03125 0.0328125
1 0.1140625 0.1828125 0.0578125 0.0578125
3 0.553125 0.378125 0.0453125 0.078125
4 0.7671875 0.46953125 0.05625 0.0546875
4 0.24453125 0.71015625 0.0640625 0.0734375
4 0.03359375 0.65546875 0.0421875 0.06875
2 0.4578125 0.61484375 0.0421875 0.053125
4 0.5484375 0.85390625 0.0578125 0.0578125
2 0.0203125 0.38828125 0.0390625 0.1
1 0.353125 0.08828125 0.03125 0.03125
1 0.8828125 0.3890625 0.040625 0.0578125