4 0.6921875 0.42578125 0.0734375 0.0703125
3 0.7890625 0.75546875 0.13125 0.0703125
2 0.45078125 0.7671875 0.0921875 0.0703125
3 0.28984375 0.8265625 0.071875 0.0796875
4 0.21015625 0.89296875 0.0625 0.0609375
2 0.67109375 0.56171875 0.125 0.0875
1 0.746875 0.52578125 0.0796875 0.096875
2 0.8078125 0.41796875 0.0734375 0.053125
3 0.75234375 0.25703125 0.08125 0.1109375
3 0.56484375 0.3890625 0.053125 0.05625
3 0.51015625 0.33125 0.0734375 0.0828125
3 0.509375 0.23125 0.084375 0.08125
3 0.61796875 0.27109375 0.1125 0.0921875
3 0.61171875 0.1375 0.071875 0.040625
4 0.61328125 0.33046875 0.078125 0.05625