2 0.62734375 0.2796875 0.05 0.084375
2 0.1796875 0.51796875 0.0921875 0.08125
2 0.00703125 0.96875 0.0140625 0.0625
2 0.05390625 0.79765625 0.0625 0.1015625
2 0.4078125 0.62734375 0.053125 0.0515625
4 0.87265625 0.9515625 0.134375 0.06875
4 0.79921875 0.334375 0.109375 0.1203125
4 0.74765625 0.6234375 0.09375 0.059375
2 0.99453125 0.3890625 0.0109375 0.1171875
2 0.97578125 0.9859375 0.046875 0.028125
3 0.3234375 0.3453125 0.071875 0.0765625
3 0.2953125 0.22265625 0.0671875 0.046875
3 0.003125 0.66875 0.00625 0.0546875
4 0.603125 0.37734375 0.115625 0.1015625
3 0.5609375 0.3953125 0.0625 0.0890625
3 0.10625 0.8203125 0.084375 0.0921875
1 0.021875 0.7359375 0.04375 0.1
4 0.47890625 0.9578125 0.0640625 0.084375