3 0.47109375 0.271875 0.0421875 0.1203125
3 0.34140625 0.4640625 0.121875 0.090625
3 0.321875 0.03515625 0.03125 0.0703125
3 0.0609375 0.04375 0.05 0.0875
3 0.03359375 0.21171875 0.0328125 0.0578125
3 0.16640625 0.034375 0.0546875 0.06875
3 0.13046875 0.0109375 0.0546875 0.021875
2 0.16953125 0.18828125 0.0515625 0.071875
4 0.17109375 0.1609375 0.065625 0.0453125
2 0.17421875 0.0921875 0.0703125 0.0765625
2 0.04296875 0.07421875 0.03125 0.0515625
4 0.08984375 0.0140625 0.0359375 0.028125
2 0.31875 0.18125 0.040625 0.03125
1 0.10859375 0.3296875 0.09375 0.1
1 0.0140625 0.53515625 0.028125 0.1234375
2 0.1765625 0.71640625 0.1359375 0.1328125
2 0.33828125 0.0078125 0.0578125 0.015625
2 0.68203125 0.0953125 0.115625 0.0625
2 0.6578125 0.25546875 0.053125 0.0453125
2 0.61171875 0.071875 0.0609375 0.0765625
4 0.8515625 0.09453125 0.109375 0.1
4 0.96484375 0.41328125 0.0578125 0.065625
3 0.9421875 0.703125 0.0546875 0.125
1 0.7265625 0.959375 0.109375 0.08125
4 0.70859375 0.4796875 0.0890625 0.0875