4 0.43203125 0.06015625 0.1328125 0.1203125
4 0.8296875 0.0734375 0.1203125 0.10625
2 0.60703125 0.18515625 0.05625 0.05625
2 0.49140625 0.2375 0.1078125 0.1078125
2 0.46640625 0.315625 0.1 0.06875
2 0.44921875 0.54140625 0.0609375 0.065625
3 0.48359375 0.58984375 0.08125 0.0796875
3 0.684375 0.43359375 0.1390625 0.0625
3 0.88515625 0.41640625 0.09375 0.121875
3 0.53359375 0.82109375 0.0796875 0.04375
3 0.60859375 0.81015625 0.0828125 0.05
3 0.68984375 0.8359375 0.0796875 0.1125
3 0.66640625 0.7734375 0.0421875 0.05
3 0.59453125 0.6796875 0.046875 0.06875
3 0.51953125 0.76171875 0.0703125 0.0390625
3 0.4734375 0.70546875 0.0609375 0.0421875
3 0.471875 0.73125 0.053125 0.04375
4 0.484375 0.7796875 0.0515625 0.0375
1 0.72578125 0.5765625 0.090625 0.06875
1 0.92265625 0.6703125 0.1234375 0.0734375
2 0.64609375 0.690625 0.0578125 0.046875
2 0.55 0.77109375 0.0359375 0.034375
2 0.53125 0.69296875 0.065625 0.0734375
2 0.5890625 0.534375 0.0359375 0.0453125