3 0.428125 0.80625 0.1234375 0.0703125
3 0.409375 0.84296875 0.1203125 0.084375
3 0.2625 0.7703125 0.09375 0.0484375
3 0.63046875 0.65234375 0.13125 0.1375
3 0.9453125 0.50625 0.109375 0.15
3 0.875 0.415625 0.134375 0.0625
3 0.875 0.25859375 0.121875 0.1296875
3 0.89453125 0.19140625 0.1203125 0.0890625
3 0.70546875 0.11171875 0.1015625 0.078125
3 0.45078125 0.1359375 0.11875 0.046875
3 0.4890625 0.190625 0.1265625 0.084375
3 0.5890625 0.20390625 0.1421875 0.090625
3 0.65859375 0.27890625 0.0953125 0.140625
3 0.72421875 0.23984375 0.1109375 0.140625
3 0.80078125 0.23203125 0.0875 0.1078125
3 0.5828125 0.4171875 0.078125 0.0609375
3 0.5234375 0.4421875 0.0546875 0.0796875
3 0.75859375 0.534375 0.0890625 0.071875
3 0.728125 0.6046875 0.1078125 0.0421875
3 0.53984375 0.7609375 0.059375 0.0625
3 0.27890625 0.83046875 0.0515625 0.0375
3 0.56875 0.85546875 0.0921875 0.0734375
3 0.275 0.90078125 0.0734375 0.040625
3 0.6421875 0.8078125 0.065625 0.0453125
1 0.8171875 0.7328125 0.1125 0.10625
1 0.54453125 0.915625 0.1046875 0.078125
1 0.0171875 0.815625 0.034375 0.096875
1 0.81640625 0.09375 0.13125 0.096875
1 0.703125 0.57109375 0.08125 0.0515625
1 0.9484375 0.903125 0.0546875 0.0984375
2 0.53203125 0.5453125 0.0609375 0.065625
3 0.79375 0.37734375 0.0703125 0.1015625
4 0.34140625 0.33828125 0.05 0.053125
4 0.43125 0.57578125 0.08125 0.0890625
1 0.44921875 0.46953125 0.0328125 0.0296875
1 0.18046875 0.86328125 0.05625 0.05625
3 0.38125 0.46953125 0.075 0.0453125
4 0.47578125 0.27734375 0.053125 0.053125
4 0.67265625 0.76796875 0.06875 0.0625
4 0.6109375 0.959375 0.065625 0.0421875
2 0.59375 0.56875 0.053125 0.040625
4 0.81875 0.49609375 0.05625 0.05625
2 0.36484375 0.96640625 0.0953125 0.05625
1 0.10390625 0.6390625 0.03125 0.0296875
1 0.40625 0.16796875 0.05625 0.0390625