3 0.521875 0.6953125 0.053125 0.05625
2 0.6828125 0.96171875 0.053125 0.05625
3 0.41171875 0.70390625 0.1078125 0.08125
3 0.2765625 0.51875 0.0328125 0.109375
3 0.1515625 0.45390625 0.075 0.0921875
3 0.15625 0.61640625 0.0890625 0.0796875
3 0.20703125 0.78125 0.0921875 0.0953125
3 0.3171875 0.765625 0.0765625 0.1109375
4 0.39375 0.79296875 0.0671875 0.0640625
4 0.63046875 0.0890625 0.046875 0.040625
3 0.30703125 0.6328125 0.103125 0.0640625
2 0.40234375 0.94921875 0.1109375 0.1015625
2 0.51640625 0.91953125 0.0609375 0.115625