3 0.77109375 0.60625 0.05 0.0875
3 0.63125 0.9390625 0.090625 0.1203125
3 0.284375 0.4015625 0.1046875 0.115625
3 0.70234375 0.27890625 0.0671875 0.0984375
3 0.58359375 0.26875 0.1171875 0.084375
3 0.78203125 0.1578125 0.0890625 0.04375
3 0.72578125 0.12734375 0.09375 0.0390625
3 0.81328125 0.215625 0.08125 0.059375
3 0.7921875 0.31328125 0.05625 0.0640625
2 0.60078125 0.2203125 0.0828125 0.0828125
2 0.6671875 0.4625 0.090625 0.075
2 0.58203125 0.38671875 0.0671875 0.05625
2 0.1921875 0.28125 0.0828125 0.0671875
2 0.52578125 0.78203125 0.05 0.04375
4 0.25 0.92109375 0.1140625 0.1203125
2 0.60703125 0.4375 0.040625 0.0484375
4 0.640625 0.38203125 0.06875 0.0421875
1 0.49765625 0.3390625 0.0984375 0.065625
4 0.76328125 0.26875 0.0609375 0.0421875
2 0.78046875 0.96953125 0.0640625 0.0609375
4 0.71015625 0.9609375 0.0953125 0.078125
4 0.2765625 0.053125 0.06875 0.10625
2 0.41875 0.22265625 0.078125 0.096875
2 0.74609375 0.1828125 0.053125 0.0375
4 0.9015625 0.58046875 0.0546875 0.0453125