2 0.6046875 0.57890625 0.1234375 0.0859375
3 0.46171875 0.51953125 0.115625 0.0765625
2 0.5671875 0.4734375 0.08125 0.046875
1 0.6296875 0.271875 0.1140625 0.0734375
2 0.81953125 0.71171875 0.1171875 0.078125
3 0.965625 0.36171875 0.0671875 0.15625
4 0.753125 0.22890625 0.078125 0.065625
4 0.80546875 0.240625 0.0828125 0.053125
4 0.1171875 0.521875 0.103125 0.1484375
4 0.0109375 0.48828125 0.021875 0.0671875
4 0.60390625 0.96015625 0.1171875 0.06875
4 0.7609375 0.53515625 0.059375 0.0609375
2 0.36171875 0.91875 0.0859375 0.090625