3 0.95625 0.83828125 0.040625 0.103125
3 0.875 0.98203125 0.109375 0.0359375
1 0.7078125 0.5875 0.0515625 0.0484375
3 0.69140625 0.409375 0.021875 0.03125
3 0.80078125 0.325 0.021875 0.021875
2 0.8625 0.48828125 0.01875 0.03125
4 0.6140625 0.4578125 0.0125 0.021875
4 0.56171875 0.5921875 0.0421875 0.046875
2 0.6078125 0.634375 0.046875 0.021875
2 0.61875 0.596875 0.05625 0.0359375
4 0.43125 0.78515625 0.1109375 0.084375
2 0.5125 0.83203125 0.0390625 0.040625
2 0.39453125 0.5796875 0.028125 0.0375
2 0.97734375 0.9046875 0.0328125 0.0640625
2 0.259375 0.84453125 0.075 0.090625
2 0.73671875 0.87421875 0.0234375 0.065625
2 0.8625 0.81796875 0.0765625 0.075
2 0.81953125 0.921875 0.0484375 0.0609375