3 0.8125 0.50546875 0.059375 0.096875
3 0.76640625 0.1171875 0.1078125 0.1359375
3 0.24375 0.5734375 0.11875 0.13125
3 0.64296875 0.82734375 0.0796875 0.109375
3 0.515625 0.8015625 0.13125 0.0984375
3 0.68984375 0.975 0.0984375 0.05
3 0.62265625 0.98359375 0.1046875 0.0328125
3 0.740625 0.9265625 0.0921875 0.0703125
3 0.746875 0.81796875 0.065625 0.071875
2 0.5203125 0.8578125 0.09375 0.09375
2 0.6609375 0.625 0.1046875 0.0890625
2 0.55 0.67890625 0.075 0.0640625
2 0.11171875 0.67109375 0.0921875 0.0796875
2 0.61015625 0.2484375 0.05625 0.0515625
4 0.36328125 0.04375 0.1296875 0.0875
2 0.59140625 0.6328125 0.046875 0.0546875
4 0.609375 0.70078125 0.078125 0.0515625
1 0.44765625 0.70234375 0.1109375 0.078125
4 0.70390625 0.85546875 0.06875 0.05
2 0.9359375 0.11484375 0.0734375 0.1
4 0.8609375 0.10546875 0.109375 0.1125
4 0.1359375 0.9109375 0.0734375 0.0734375
2 0.33046875 0.80078125 0.090625 0.109375
2 0.6609375 0.940625 0.0578125 0.0453125
4 0.9421875 0.571875 0.059375 0.0515625