4 0.30859375 0.2234375 0.05625 0.075
4 0.4328125 0.19375 0.075 0.08125
2 0.1703125 0.1390625 0.125 0.0859375
3 0.41484375 0.01875 0.096875 0.0375
3 0.4734375 0.10234375 0.06875 0.084375
2 0.59140625 0.46328125 0.04375 0.028125
3 0.81171875 0.3453125 0.0328125 0.0265625
4 0.6796875 0.5734375 0.04375 0.040625
4 0.6078125 0.6109375 0.078125 0.125
2 0.8078125 0.5921875 0.025 0.0203125
2 0.140625 0.475 0.115625 0.078125
1 0.2703125 0.38203125 0.078125 0.046875
4 0.04296875 0.33203125 0.0859375 0.0609375
2 0.27421875 0.58671875 0.090625 0.05
2 0.29921875 0.66796875 0.08125 0.053125
4 0.34296875 0.66875 0.053125 0.0671875
3 0.30859375 0.58984375 0.0578125 0.0921875
2 0.20625 0.4890625 0.0421875 0.034375
4 0.46171875 0.38359375 0.065625 0.071875
2 0.28515625 0.97734375 0.1015625 0.0453125