3 0.38203125 0.2 0.0890625 0.0640625
3 0.2546875 0.46015625 0.1359375 0.0765625
2 0.28359375 0.5546875 0.053125 0.053125
2 0.46484375 0.55078125 0.0875 0.11875
2 0.22265625 0.21171875 0.0453125 0.05625
3 0.290625 0.0515625 0.0625 0.04375
2 0.25625 0.071875 0.090625 0.0734375
2 0.16015625 0.09765625 0.0765625 0.0578125
4 0.18671875 0.084375 0.0578125 0.0578125
1 0.01875 0.1109375 0.0375 0.034375
2 0.45078125 0.17890625 0.0515625 0.05
4 0.08359375 0.66171875 0.128125 0.0953125
4 0.253125 0.86015625 0.0609375 0.059375
4 0.64609375 0.8859375 0.090625 0.13125
4 0.5109375 0.6703125 0.134375 0.14375