4 0.25078125 0.4671875 0.0546875 0.05625
2 0.6546875 0.69765625 0.11875 0.0890625
2 0.725 0.7484375 0.1 0.084375
3 0.56171875 0.53125 0.0875 0.1234375
2 0.40625 0.45625 0.0765625 0.0546875
2 0.5046875 0.46484375 0.0921875 0.090625
2 0.640625 0.37578125 0.0625 0.0578125
3 0.66015625 0.52734375 0.096875 0.05625
1 0.821875 0.403125 0.08125 0.090625
4 0.96953125 0.365625 0.0609375 0.071875
4 0.60859375 0.9734375 0.0859375 0.053125
2 0.7375 0.9515625 0.13125 0.096875
4 0.95 0.6609375 0.065625 0.071875
4 0.15390625 0.5109375 0.1171875 0.15625