4 0.30390625 0.57578125 0.075 0.0734375
3 0.21796875 0.24375 0.1328125 0.0734375
2 0.55703125 0.24453125 0.09375 0.0734375
3 0.71953125 0.190625 0.0734375 0.08125
4 0.8015625 0.1265625 0.0640625 0.0625
2 0.3296875 0.44140625 0.1265625 0.090625
1 0.25234375 0.47421875 0.0828125 0.0984375
2 0.1875 0.58046875 0.075 0.0546875
3 0.2375 0.74296875 0.084375 0.1125
3 0.4296875 0.61796875 0.0546875 0.0578125
3 0.48203125 0.67734375 0.0765625 0.084375
3 0.4796875 0.77734375 0.0859375 0.084375
3 0.37265625 0.73359375 0.115625 0.0953125
3 0.37421875 0.8671875 0.0734375 0.0421875
4 0.3796875 0.675 0.0796875 0.059375