3 0.18359375 0.3734375 0.090625 0.1359375
3 0.1484375 0.3484375 0.1046875 0.134375
3 0.24765625 0.20859375 0.0640625 0.103125
3 0.309375 0.60703125 0.1609375 0.153125
3 0.409375 0.94375 0.165625 0.1125
3 0.51328125 0.896875 0.0859375 0.1453125
3 0.67578125 0.92265625 0.1515625 0.14375
3 0.74140625 0.9421875 0.1109375 0.115625
3 0.8546875 0.77265625 0.0953125 0.115625
3 0.87109375 0.50625 0.0671875 0.1265625
3 0.80859375 0.5359375 0.10625 0.1421875
3 0.778125 0.63671875 0.1140625 0.159375
3 0.6890625 0.696875 0.1578125 0.1203125
3 0.71953125 0.7703125 0.1609375 0.1359375
3 0.715625 0.85078125 0.121875 0.10625
3 0.559375 0.5953125 0.075 0.090625
3 0.54375 0.53125 0.090625 0.0671875
3 0.409375 0.75703125 0.0875 0.1015625
3 0.3421875 0.715625 0.0609375 0.1171875
3 0.2109375 0.4953125 0.071875 0.06875
3 0.18203125 0.215625 0.0453125 0.059375
3 0.10859375 0.51015625 0.0890625 0.1046875
3 0.1109375 0.19921875 0.053125 0.08125
3 0.146875 0.59296875 0.0546875 0.0734375
1 0.19609375 0.7859375 0.1265625 0.1328125
1 0.05078125 0.475 0.096875 0.1203125
1 0.85546875 0.8890625 0.1203125 0.146875
1 0.38046875 0.69453125 0.0671875 0.090625
1 0.02578125 0.8828125 0.0515625 0.05
2 0.43515625 0.52265625 0.0765625 0.071875
3 0.56640625 0.8203125 0.1140625 0.0890625
4 0.6796875 0.36015625 0.059375 0.059375
4 0.4203125 0.41328125 0.103125 0.0953125
1 0.5265625 0.44921875 0.0359375 0.0375
1 0.16484375 0.10859375 0.065625 0.065625
3 0.53828125 0.3796875 0.05625 0.0828125
4 0.72109375 0.50859375 0.0640625 0.0640625
4 0.18203125 0.63046875 0.075 0.08125
4 0.01015625 0.534375 0.0203125 0.071875
2 0.4015625 0.5828125 0.0484375 0.0609375
4 0.4390625 0.82578125 0.065625 0.0640625
2 0.0453125 0.2859375 0.0390625 0.0984375
1 0.40859375 0.06640625 0.0375 0.0375
1 0.8453125 0.45546875 0.0484375 0.0625