3 0.43203125 0.709375 0.05625 0.059375
2 0.5015625 0.98046875 0.05625 0.0390625
3 0.33203125 0.68828125 0.109375 0.0890625
3 0.26328125 0.48828125 0.0453125 0.103125
3 0.1703125 0.39765625 0.0796875 0.09375
3 0.13046875 0.5421875 0.090625 0.0828125
3 0.13125 0.7015625 0.096875 0.0984375
3 0.2328125 0.7171875 0.0828125 0.109375
4 0.29296875 0.7625 0.0703125 0.0671875
4 0.96328125 0.52109375 0.0734375 0.1140625
4 0.69140625 0.2046875 0.046875 0.0421875
3 0.259375 0.596875 0.103125 0.0734375
2 0.25703125 0.90703125 0.115625 0.115625
2 0.365625 0.9078125 0.071875 0.1125