1 0.23515625 0.92109375 0.08125 0.084375
4 0.003125 0.54609375 0.00625 0.0546875
4 0.28671875 0.465625 0.1484375 0.1140625
4 0.60625 0.3 0.0984375 0.1140625
2 0.17421875 0.1328125 0.0734375 0.0625
2 0.25859375 0.25625 0.04375 0.05625
2 0.340625 0.2796875 0.084375 0.0671875
2 0.35703125 0.41484375 0.084375 0.0875
2 0.46171875 0.5359375 0.0625 0.04375
4 0.453125 0.63046875 0.0453125 0.046875
3 0.53515625 0.91640625 0.053125 0.04375
2 0.5625 0.815625 0.03125 0.0359375
2 0.25859375 0.53984375 0.0484375 0.0453125
3 0.059375 0.6234375 0.084375 0.08125
2 0.1234375 0.3390625 0.115625 0.1203125
3 0.53828125 0.2171875 0.065625 0.0828125
3 0.5484375 0.3296875 0.053125 0.0484375
2 0.1015625 0.86328125 0.0765625 0.103125
3 0.034375 0.79609375 0.06875 0.1171875