3 0.953125 0.3515625 0.040625 0.03125
2 0.8390625 0.365625 0.0171875 0.0234375
1 0.953125 0.56484375 0.0484375 0.065625
4 0.70546875 0.4875 0.040625 0.04375
3 0.93046875 0.80390625 0.0625 0.0796875
3 0.75234375 0.909375 0.04375 0.0796875
3 0.92421875 0.89453125 0.0921875 0.0796875
4 0.93125 0.98359375 0.059375 0.0328125
1 0.83359375 0.9796875 0.0734375 0.040625
4 0.7203125 0.99140625 0.06875 0.0171875
2 0.63515625 0.69453125 0.040625 0.046875
4 0.5609375 0.6625 0.1078125 0.115625
2 0.4609375 0.80390625 0.09375 0.115625
2 0.559375 0.459375 0.03125 0.0421875
2 0.33046875 0.68125 0.0390625 0.053125
2 0.24140625 0.621875 0.040625 0.046875
4 0.1875 0.88359375 0.05625 0.0890625
4 0.3796875 0.4078125 0.0828125 0.065625
3 0.2046875 0.37890625 0.0515625 0.0515625