4 0.66015625 0.4578125 0.08125 0.128125
4 0.71328125 0.36484375 0.0875 0.078125
2 0.85078125 0.4234375 0.065625 0.065625
3 0.8640625 0.553125 0.034375 0.046875
3 0.79140625 0.60234375 0.059375 0.0515625
3 0.721875 0.4078125 0.040625 0.0875
3 0.3046875 0.8203125 0.071875 0.0984375
2 0.38515625 0.8796875 0.096875 0.090625
4 0.3625 0.47421875 0.075 0.090625
2 0.7234375 0.12734375 0.084375 0.0875
2 0.39765625 0.7453125 0.0515625 0.04375
1 0.31328125 0.98515625 0.084375 0.0296875
4 0.0265625 0.3171875 0.053125 0.0703125
4 0.33828125 0.20625 0.0578125 0.0828125
4 0.32109375 0.7015625 0.059375 0.0296875