4 0.74453125 0.7484375 0.06875 0.084375
4 0.628125 0.8015625 0.0890625 0.0953125
2 0.89921875 0.80546875 0.1390625 0.109375
3 0.678125 0.96328125 0.1 0.040625
3 0.6046875 0.90078125 0.0828125 0.0953125
2 0.41875 0.5640625 0.0484375 0.0359375
3 0.22265625 0.725 0.0390625 0.0328125
4 0.309375 0.47265625 0.05 0.0484375
4 0.3734375 0.42109375 0.1 0.1375
2 0.17890625 0.478125 0.028125 0.025
2 0.86328125 0.46640625 0.128125 0.0984375
1 0.75234375 0.58359375 0.0875 0.0609375
4 0.96953125 0.58984375 0.0609375 0.0765625
2 0.71015625 0.38125 0.0984375 0.0671875
2 0.66875 0.30546875 0.0921875 0.06875
4 0.625 0.31328125 0.065625 0.078125
3 0.67421875 0.38515625 0.0765625 0.103125
2 0.79609375 0.465625 0.05 0.0421875
4 0.56171875 0.61875 0.078125 0.0828125
2 0.62265625 0.0140625 0.1109375 0.028125