3 0.146875 0.75234375 0.0859375 0.075
3 0.09296875 0.36171875 0.05 0.04375
3 0.42890625 0.22421875 0.0546875 0.0625
4 0.3890625 0.553125 0.0421875 0.05625
4 0.47421875 0.65703125 0.0421875 0.05625
4 0.4671875 0.5671875 0.1328125 0.109375
3 0.47421875 0.8984375 0.0625 0.0609375
2 0.1296875 0.56015625 0.0921875 0.1171875
2 0.196875 0.91953125 0.078125 0.0546875
3 0.584375 0.62734375 0.0375 0.0390625
3 0.6703125 0.925 0.05 0.0765625
4 0.8125 0.984375 0.125 0.03125
4 0.6796875 0.76015625 0.0671875 0.0609375