3 0.57578125 0.34140625 0.03125 0.109375
3 0.684375 0.528125 0.10625 0.0765625
3 0.73046875 0.125 0.025 0.0765625
3 0.97109375 0.15390625 0.040625 0.084375
3 0.9859375 0.31484375 0.028125 0.0515625
3 0.8734375 0.134375 0.0453125 0.071875
3 0.909375 0.10703125 0.046875 0.05
2 0.8609375 0.28359375 0.04375 0.0625
4 0.86171875 0.2578125 0.0578125 0.0375
2 0.86328125 0.19375 0.0625 0.0671875
2 0.98671875 0.1859375 0.0265625 0.046875
4 0.94609375 0.1125 0.028125 0.05625
2 0.7234375 0.2671875 0.0359375 0.0265625
1 0.90859375 0.41796875 0.08125 0.0875
1 0.98671875 0.615625 0.0265625 0.1140625
2 0.8203125 0.77265625 0.1203125 0.115625
2 0.71640625 0.0890625 0.053125 0.04375
2 0.3921875 0.1640625 0.1046875 0.05
2 0.403125 0.31484375 0.046875 0.0390625
2 0.45859375 0.14609375 0.0515625 0.06875
4 0.234375 0.15234375 0.0953125 0.0875
2 0.0265625 0.3734375 0.053125 0.053125
4 0.10859375 0.440625 0.0484375 0.0578125
3 0.1109375 0.7109375 0.04375 0.1125
4 0.04453125 0.715625 0.0890625 0.1
1 0.29296875 0.9640625 0.0953125 0.071875
4 0.3421875 0.51875 0.0796875 0.075