3 0.065625 0.25859375 0.04375 0.0328125
2 0.18828125 0.2921875 0.0203125 0.0265625
1 0.03359375 0.490625 0.05 0.071875
4 0.3140625 0.44375 0.0421875 0.0453125
3 0.02734375 0.75234375 0.0546875 0.0859375
3 0.19921875 0.8953125 0.0453125 0.0859375
3 0.03203125 0.853125 0.0640625 0.084375
4 0.01171875 0.953125 0.0234375 0.04375
1 0.09921875 0.959375 0.0765625 0.04375
2 0.35859375 0.6796875 0.04375 0.0484375
4 0.44375 0.65625 0.1140625 0.125
2 0.53046875 0.825 0.1 0.1234375
2 0.4765625 0.43671875 0.03125 0.0453125
2 0.690625 0.7109375 0.040625 0.0578125
2 0.79609375 0.6609375 0.04375 0.0484375
4 0.81484375 0.95234375 0.0578125 0.0953125
4 0.67890625 0.4078125 0.0890625 0.0703125
3 0.8734375 0.40390625 0.05625 0.053125