3 0.790625 0.9359375 0.0359375 0.0453125
2 0.74453125 0.8234375 0.0265625 0.0203125
1 0.56953125 0.98359375 0.0703125 0.0328125
4 0.58359375 0.721875 0.0484375 0.046875
3 0.165625 0.884375 0.0859375 0.0515625
1 0.10625 0.97421875 0.06875 0.0515625
4 0.06875 0.87578125 0.03125 0.071875
2 0.35234375 0.70703125 0.0515625 0.0484375
4 0.365625 0.621875 0.128125 0.1203125
2 0.19375 0.55859375 0.1296875 0.109375
2 0.571875 0.56484375 0.0484375 0.0359375
2 0.28359375 0.3921875 0.059375 0.046875
2 0.31953125 0.28515625 0.0515625 0.0453125
4 0.04296875 0.30078125 0.0859375 0.0671875
4 0.57578125 0.36796875 0.0765625 0.0921875
3 0.55703125 0.18125 0.05625 0.0578125