2 0.40390625 0.540625 0.040625 0.05
2 0.5359375 0.6421875 0.0828125 0.0828125
4 0.453125 0.74609375 0.128125 0.1375
2 0.378125 0.790625 0.0484375 0.05625
2 0.5734375 0.915625 0.1234375 0.121875
3 0.290625 0.984375 0.05 0.03125
3 0.09765625 0.92265625 0.03125 0.065625
3 0.14765625 0.96953125 0.0984375 0.0609375
3 0.00859375 0.50078125 0.0171875 0.0359375
3 0.1125 0.49296875 0.0296875 0.0265625
4 0.26640625 0.5796875 0.0515625 0.05
4 0.6015625 0.4390625 0.11875 0.1015625
3 0.7640625 0.396875 0.0640625 0.0609375
2 0.771875 0.68203125 0.053125 0.05625
2 0.69296875 0.7359375 0.0515625 0.053125