4 0.64609375 0.52890625 0.090625 0.134375
4 0.70546875 0.61875 0.0921875 0.084375
2 0.83984375 0.55 0.071875 0.0703125
3 0.84375 0.41875 0.0375 0.0484375
3 0.76796875 0.375 0.0625 0.0578125
3 0.71171875 0.575 0.0484375 0.090625
3 0.2640625 0.18984375 0.078125 0.103125
2 0.340625 0.125 0.103125 0.096875
4 0.346875 0.534375 0.08125 0.096875
2 0.73203125 0.85546875 0.090625 0.0953125
2 0.3625 0.259375 0.0546875 0.046875
1 0.2609375 0.02734375 0.0859375 0.0296875
4 0.03125 0.715625 0.0390625 0.071875
4 0.34140625 0.80390625 0.0640625 0.0875
4 0.2890625 0.3078125 0.0609375 0.034375