2 0.6171875 0.44140625 0.1109375 0.0796875
2 0.55625 0.4828125 0.1140625 0.0921875
3 0.46015625 0.60703125 0.08125 0.125
2 0.34375 0.6265625 0.1046875 0.09375
2 0.7546875 0.25703125 0.10625 0.121875
4 0.61328125 0.21484375 0.1125 0.0984375
2 0.4859375 0.78046875 0.0828125 0.065625
2 0.5484375 0.61796875 0.0953125 0.053125
1 0.61328125 0.8 0.0921875 0.1
4 0.90859375 0.89765625 0.040625 0.078125
4 0.7765625 0.91484375 0.125 0.0890625
4 0.88515625 0.70859375 0.09375 0.096875
4 0.05703125 0.44609375 0.1140625 0.1640625