3 0.4015625 0.3171875 0.034375 0.1125
3 0.29453125 0.509375 0.1109375 0.0796875
3 0.23984375 0.10078125 0.0265625 0.078125
3 0.00859375 0.1328125 0.0171875 0.084375
3 0.09453125 0.11328125 0.0484375 0.075
3 0.05859375 0.08515625 0.05 0.0515625
2 0.11015625 0.2640625 0.0453125 0.065625
4 0.109375 0.23828125 0.059375 0.0390625
2 0.10703125 0.17265625 0.0640625 0.0703125
4 0.02109375 0.0921875 0.03125 0.05625
2 0.25 0.2453125 0.0375 0.028125
1 0.06484375 0.4015625 0.084375 0.0890625
2 0.16015625 0.76015625 0.1234375 0.11875
2 0.25390625 0.06328125 0.053125 0.0453125
2 0.58515625 0.134375 0.1078125 0.053125
2 0.57578125 0.2875 0.046875 0.0421875
2 0.51640625 0.11796875 0.0546875 0.0703125
4 0.74453125 0.11953125 0.0984375 0.0890625
2 0.965625 0.34140625 0.065625 0.05625
4 0.87734375 0.41015625 0.0515625 0.0609375
3 0.8796875 0.68515625 0.0453125 0.1140625
4 0.95078125 0.68828125 0.0984375 0.1046875
1 0.7 0.95234375 0.0984375 0.090625
4 0.6421875 0.49375 0.0828125 0.078125