4 0.81640625 0.271875 0.04375 0.04375
3 0.79921875 0.3625 0.0640625 0.0703125
3 0.784375 0.40859375 0.0546875 0.071875
3 0.65078125 0.34140625 0.0296875 0.0296875
3 0.64921875 0.2921875 0.0390625 0.0421875
4 0.6875 0.7015625 0.0703125 0.0859375
3 0.7546875 0.56640625 0.075 0.075
4 0.74140625 0.61171875 0.040625 0.0515625
4 0.9390625 0.678125 0.071875 0.084375
1 0.87734375 0.5734375 0.0421875 0.0671875
4 0.984375 0.39921875 0.0171875 0.034375
4 0.72265625 0.34375 0.040625 0.0359375
4 0.61328125 0.35859375 0.021875 0.0359375
4 0.640625 0.45390625 0.015625 0.0203125
3 0.62890625 0.440625 0.0375 0.0328125
3 0.56796875 0.43203125 0.040625 0.071875
3 0.5515625 0.459375 0.0453125 0.0828125
4 0.5109375 0.35 0.01875 0.0265625
3 0.471875 0.4609375 0.0375 0.075
4 0.48671875 0.42265625 0.021875 0.0296875
4 0.57265625 0.6109375 0.03125 0.046875
4 0.56328125 0.57890625 0.025 0.028125
3 0.540625 0.64765625 0.0484375 0.1015625
3 0.4609375 0.59609375 0.0296875 0.065625
3 0.4671875 0.51484375 0.05 0.078125
1 0.325 0.48125 0.05625 0.053125
1 0.29453125 0.4953125 0.028125 0.0203125
1 0.3578125 0.51015625 0.0296875 0.046875
4 0.40546875 0.53828125 0.046875 0.071875
4 0.42109375 0.40234375 0.021875 0.0296875
1 0.4078125 0.4046875 0.021875 0.0328125
3 0.38046875 0.5640625 0.034375 0.0890625
4 0.2203125 0.46953125 0.03125 0.028125
4 0.2296875 0.49453125 0.0234375 0.03125
1 0.17734375 0.4984375 0.0875 0.084375
3 0.1171875 0.44765625 0.0421875 0.0625
4 0.16953125 0.5890625 0.0328125 0.05
4 0.17890625 0.5421875 0.053125 0.0578125
3 0.11796875 0.5171875 0.0703125 0.0578125
3 0.0265625 0.55546875 0.0515625 0.04375
3 0.05078125 0.51328125 0.0734375 0.0640625
4 0.09296875 0.4765625 0.04375 0.0484375
4 0.0234375 0.48515625 0.028125 0.0390625