4 0.72265625 0.4546875 0.0484375 0.0515625
2 0.28046875 0.3625 0.109375 0.0765625
2 0.2 0.33671875 0.090625 0.0734375
3 0.41640625 0.4875 0.0734375 0.115625
2 0.5828125 0.51171875 0.071875 0.046875
2 0.48828125 0.5328125 0.0828125 0.0828125
2 0.38984375 0.65625 0.05625 0.0515625
3 0.3265625 0.52109375 0.0921875 0.046875
1 0.2140625 0.6859375 0.0734375 0.0828125
4 0.06953125 0.7703125 0.0921875 0.0625
4 0.23515625 0.078125 0.0765625 0.075
2 0.12265625 0.1390625 0.11875 0.1109375
4 0.0234375 0.48359375 0.046875 0.0640625
4 0.8 0.38515625 0.103125 0.1453125