3 0.2234375 0.55703125 0.046875 0.0890625
3 0.30546875 0.9203125 0.0890625 0.121875
3 0.753125 0.4359375 0.103125 0.115625
3 0.3515625 0.2359375 0.065625 0.1
3 0.4734375 0.24765625 0.1171875 0.0828125
3 0.29140625 0.09921875 0.090625 0.0421875
3 0.35390625 0.078125 0.0953125 0.0375
3 0.24921875 0.15234375 0.0828125 0.0578125
3 0.25390625 0.25546875 0.05625 0.0640625
2 0.46484375 0.1953125 0.0828125 0.08125
2 0.3546875 0.4296875 0.0921875 0.075
2 0.45390625 0.3671875 0.0671875 0.0546875
2 0.86875 0.33046875 0.0828125 0.0671875
2 0.440625 0.78046875 0.05 0.04375
4 0.6953125 0.9546875 0.1125 0.090625
2 0.41953125 0.415625 0.040625 0.05
4 0.39609375 0.35234375 0.0703125 0.0421875
1 0.5484375 0.334375 0.1 0.0640625
4 0.29140625 0.21484375 0.0625 0.0421875
2 0.1453125 0.9359375 0.0625 0.084375
4 0.21796875 0.93671875 0.09375 0.0953125
4 0.82421875 0.08046875 0.0671875 0.115625
2 0.65 0.23046875 0.078125 0.0984375
2 0.3234375 0.13046875 0.0515625 0.0375
4 0.09453125 0.5078125 0.0546875 0.04375