1 0.03984375 0.68125 0.06875 0.065625
1 0.24453125 0.97265625 0.0640625 0.0546875
4 0.14609375 0.9703125 0.078125 0.0578125
4 0.35 0.975 0.05 0.05
4 0.4671875 0.7 0.0890625 0.1296875
4 0.6671875 0.42890625 0.096875 0.0796875
2 0.75859375 0.85234375 0.05 0.0609375
2 0.65703125 0.75703125 0.0484375 0.034375
2 0.646875 0.67734375 0.053125 0.0734375
2 0.52421875 0.6421875 0.0734375 0.071875
2 0.428125 0.528125 0.0328125 0.0546875
4 0.33984375 0.521875 0.0390625 0.0359375
3 0.08671875 0.4046875 0.034375 0.0453125
2 0.18515625 0.39375 0.0296875 0.025
2 0.3953125 0.715625 0.0359375 0.0421875
3 0.28828125 0.88671875 0.0671875 0.0703125
2 0.5609375 0.86953125 0.0984375 0.0953125
3 0.73359375 0.5046875 0.0703125 0.053125
3 0.63125 0.478125 0.0390625 0.0453125
2 0.0734375 0.81328125 0.0890625 0.059375
3 0.12421875 0.884375 0.103125 0.05
4 0.8125 0.97109375 0.0578125 0.0375