4 0.87578125 0.33984375 0.0453125 0.0453125
3 0.8375 0.43125 0.0671875 0.0734375
3 0.8109375 0.47734375 0.053125 0.075
3 0.68515625 0.3765625 0.0296875 0.0296875
3 0.69375 0.3234375 0.040625 0.0453125
4 0.64296875 0.765625 0.071875 0.0890625
3 0.74375 0.6375 0.075 0.0765625
4 0.71953125 0.6828125 0.040625 0.053125
4 0.91484375 0.796875 0.071875 0.0890625
1 0.87265625 0.67265625 0.0421875 0.071875
4 0.76015625 0.39453125 0.040625 0.0359375
4 0.6421875 0.3859375 0.021875 0.0390625
4 0.64765625 0.49296875 0.0140625 0.0234375
3 0.63984375 0.47578125 0.0390625 0.034375
3 0.5765625 0.45390625 0.0390625 0.0765625
3 0.55390625 0.47890625 0.04375 0.0875
4 0.5359375 0.3546875 0.0171875 0.0296875
3 0.46875 0.46171875 0.0359375 0.0796875
4 0.49375 0.42578125 0.0234375 0.0328125
4 0.54140625 0.64375 0.0296875 0.0484375
4 0.5390625 0.60703125 0.0234375 0.028125
3 0.49921875 0.67578125 0.0453125 0.109375
3 0.42734375 0.603125 0.0296875 0.06875
3 0.45234375 0.51796875 0.0484375 0.0828125
1 0.309375 0.45078125 0.05625 0.053125
1 0.2734375 0.459375 0.0296875 0.0203125
1 0.33671875 0.4890625 0.028125 0.0484375
4 0.38125 0.5296875 0.0453125 0.075
4 0.428125 0.38828125 0.0203125 0.0328125
1 0.4140625 0.3890625 0.021875 0.0359375
3 0.3484375 0.5515625 0.028125 0.0953125
4 0.20078125 0.415625 0.03125 0.028125
4 0.2046875 0.44375 0.0203125 0.0328125
1 0.14921875 0.43515625 0.0890625 0.0875
3 0.096875 0.36796875 0.0421875 0.065625
4 0.1203125 0.5296875 0.03125 0.0515625
4 0.14140625 0.4828125 0.053125 0.059375
3 0.0828125 0.44296875 0.071875 0.0578125
3 0.02578125 0.42265625 0.0484375 0.0625
4 0.06484375 0.39375 0.04375 0.0515625