2 0.95 0.71796875 0.065625 0.1
4 0.8859375 0.7140625 0.1203125 0.134375
4 0.953125 0.4984375 0.09375 0.14375
4 0.23984375 0.390625 0.0921875 0.140625
4 0.38984375 0.70703125 0.11875 0.0796875
4 0.44140625 0.5921875 0.0859375 0.06875
4 0.2625 0.05703125 0.096875 0.0625
2 0.61875 0.91171875 0.06875 0.0921875
2 0.8625 0.2671875 0.1140625 0.1546875
2 0.0359375 0.26171875 0.059375 0.0703125
2 0.89140625 0.90390625 0.0859375 0.078125
3 0.7859375 0.7640625 0.0796875 0.1109375
2 0.415625 0.359375 0.103125 0.096875
4 0.11875 0.8828125 0.1984375 0.121875