2 0.128125 0.31328125 0.06875 0.1
4 0.18828125 0.3203125 0.121875 0.1328125
4 0.10078125 0.51875 0.11875 0.14375
4 0.77890625 0.66953125 0.0953125 0.1375
4 0.6578125 0.36015625 0.115625 0.0828125
4 0.6015625 0.465625 0.0859375 0.0703125
4 0.73515625 0.97578125 0.0953125 0.0484375
2 0.4546875 0.1515625 0.071875 0.0921875
2 0.18125 0.74609375 0.1171875 0.1546875
2 0.953125 0.8046875 0.040625 0.06875
2 0.1953125 0.14140625 0.084375 0.078125
3 0.2859375 0.28046875 0.0828125 0.1078125
2 0.61015625 0.68828125 0.103125 0.0984375
4 0.91484375 0.21171875 0.1703125 0.1296875