3 0.33203125 0.57421875 0.1109375 0.0375
3 0.5125 0.6921875 0.08125 0.109375
3 0.1078125 0.7171875 0.078125 0.0296875
3 0.12421875 0.959375 0.0859375 0.0453125
3 0.284375 0.978125 0.053125 0.025
3 0.11015625 0.8609375 0.0734375 0.0484375
3 0.08046875 0.8953125 0.053125 0.05
2 0.259375 0.85546875 0.0640625 0.046875
4 0.23359375 0.8546875 0.040625 0.059375
2 0.16953125 0.85234375 0.0703125 0.065625
2 0.1546875 0.97265625 0.0484375 0.0234375
4 0.08359375 0.93203125 0.0578125 0.0328125
2 0.25078125 0.71796875 0.028125 0.0375
1 0.390625 0.91015625 0.0921875 0.0859375
1 0.584375 0.990625 0.115625 0.01875
2 0.75 0.840625 0.121875 0.1265625
2 0.07265625 0.7015625 0.046875 0.0546875
2 0.16484375 0.38125 0.0546875 0.1078125
2 0.3140625 0.4 0.0421875 0.0484375
2 0.14375 0.446875 0.071875 0.0546875
4 0.16171875 0.2234375 0.0921875 0.1
2 0.39375 0.02734375 0.05625 0.0546875
4 0.45546875 0.1125 0.0609375 0.0515625
3 0.72578125 0.12890625 0.1140625 0.05
4 0.73359375 0.059375 0.10625 0.1
1 0.96484375 0.3234375 0.0703125 0.1
4 0.52109375 0.34921875 0.0796875 0.0828125