3 0.42578125 0.43671875 0.046875 0.0890625
3 0.25625 0.3890625 0.0328125 0.0890625
3 0.77265625 0.73671875 0.06875 0.1359375
3 0.63515625 0.95625 0.1390625 0.0828125
3 0.60078125 0.53984375 0.075 0.071875
3 0.88671875 0.61640625 0.05 0.0921875
2 0.24765625 0.671875 0.0484375 0.0703125
2 0.678125 0.7546875 0.0984375 0.11875
2 0.66171875 0.8609375 0.1890625 0.128125
2 0.7015625 0.91171875 0.059375 0.0828125
2 0.85234375 0.9359375 0.1203125 0.109375
2 0.76484375 0.92109375 0.053125 0.0765625
2 0.571875 0.703125 0.0578125 0.0421875
3 0.26640625 0.9265625 0.1171875 0.13125
4 0.06796875 0.74765625 0.0625 0.0984375
2 0.8296875 0.64921875 0.0375 0.0609375
4 0.47265625 0.82109375 0.0703125 0.1296875
4 0.32109375 0.5953125 0.040625 0.0734375