2 0.76953125 0.3765625 0.0921875 0.0578125
2 0.54140625 0.8640625 0.0921875 0.103125
2 0.2515625 0.9875 0.109375 0.025
2 0.41328125 0.62890625 0.0578125 0.059375
4 0.04453125 0.1546875 0.08125 0.146875
4 0.70234375 0.1984375 0.134375 0.121875
4 0.39921875 0.26796875 0.0671875 0.103125
2 0.009375 0.04921875 0.01875 0.0484375
3 0.7171875 0.70234375 0.0859375 0.0828125
3 0.8484375 0.72421875 0.053125 0.075
4 0.6671875 0.4078125 0.1140625 0.128125
3 0.65078125 0.45390625 0.096875 0.0703125
3 0.22578125 0.95546875 0.1015625 0.0890625
4 0.053125 0.57265625 0.103125 0.0734375