4 0.27734375 0.5578125 0.0484375 0.0515625
2 0.72421875 0.71796875 0.1109375 0.071875
2 0.80546875 0.7578125 0.0921875 0.071875
3 0.60234375 0.56875 0.071875 0.1171875
2 0.43203125 0.51953125 0.0734375 0.04375
2 0.53359375 0.5109375 0.08125 0.08125
2 0.65390625 0.39765625 0.0546875 0.0515625
3 0.70078125 0.546875 0.0953125 0.040625
1 0.840625 0.3921875 0.071875 0.084375
4 0.978125 0.3234375 0.04375 0.05625
4 0.73203125 0.99140625 0.0734375 0.0171875
2 0.85625 0.959375 0.11875 0.08125
4 0.1875 0.61953125 0.0984375 0.146875