4 0.11015625 0.38046875 0.0453125 0.0453125
3 0.15390625 0.4671875 0.0671875 0.0734375
3 0.1828125 0.51015625 0.05625 0.0765625
3 0.29921875 0.403125 0.03125 0.03125
3 0.28671875 0.3515625 0.040625 0.0453125
4 0.36640625 0.77890625 0.075 0.090625
3 0.259375 0.66171875 0.078125 0.08125
4 0.2859375 0.70390625 0.04375 0.0546875
4 0.10390625 0.82890625 0.0765625 0.0890625
1 0.13671875 0.70390625 0.0453125 0.0703125
4 0.2265625 0.4265625 0.0421875 0.0359375
4 0.3421875 0.409375 0.0234375 0.0390625
4 0.34296875 0.5140625 0.015625 0.0234375
3 0.35078125 0.496875 0.040625 0.0359375
3 0.41015625 0.47109375 0.04375 0.0765625
3 0.434375 0.49375 0.046875 0.0875
4 0.44296875 0.37109375 0.01875 0.0296875
3 0.515625 0.471875 0.040625 0.078125
4 0.4890625 0.4375 0.025 0.034375
4 0.4578125 0.65390625 0.0328125 0.05
4 0.45703125 0.61796875 0.025 0.028125
3 0.5 0.68125 0.05 0.1078125
3 0.56640625 0.60625 0.0328125 0.06875
3 0.5359375 0.525 0.0546875 0.0828125
1 0.6703125 0.45 0.059375 0.05625
1 0.70625 0.45546875 0.0296875 0.021875
1 0.64609375 0.4890625 0.03125 0.05
4 0.60625 0.53125 0.0484375 0.0765625
4 0.55078125 0.39765625 0.0234375 0.0328125
1 0.5640625 0.39609375 0.0234375 0.0359375
3 0.6390625 0.55 0.034375 0.0921875
4 0.77421875 0.4078125 0.03125 0.028125
4 0.771875 0.4359375 0.0234375 0.0328125
1 0.8265625 0.42421875 0.0921875 0.090625
3 0.87265625 0.3546875 0.04375 0.065625
4 0.86015625 0.51328125 0.034375 0.0515625
4 0.83671875 0.46953125 0.0578125 0.0609375
3 0.89140625 0.42578125 0.075 0.0609375
3 0.98359375 0.440625 0.0296875 0.0421875
3 0.95703125 0.4015625 0.075 0.06875
4 0.90546875 0.37734375 0.0453125 0.0515625
4 0.97578125 0.36484375 0.025 0.040625