2 0.70703125 0.346875 0.0875 0.0609375
2 0.54609375 0.81171875 0.0921875 0.1015625
2 0.296875 0.96875 0.10625 0.0625
2 0.40703125 0.609375 0.0578125 0.0578125
4 0.03515625 0.2140625 0.0703125 0.140625
4 0.628125 0.190625 0.13125 0.1234375
4 0.36015625 0.284375 0.071875 0.0984375
2 0.54375 0.01328125 0.115625 0.0265625
3 0.690625 0.64765625 0.0828125 0.08125
3 0.8109375 0.65546875 0.05625 0.071875
4 0.6171875 0.38515625 0.1140625 0.1265625
3 0.60625 0.42890625 0.0953125 0.071875
3 0.26796875 0.92734375 0.1 0.09375
1 0.3625 0.9828125 0.103125 0.034375
4 0.06796875 0.5953125 0.1109375 0.078125