3 0.5625 0.40234375 0.090625 0.059375
3 0.64609375 0.2515625 0.0890625 0.04375
3 0.20078125 0.66640625 0.140625 0.0859375
3 0.0359375 0.4875 0.071875 0.14375
3 0.42734375 0.5453125 0.0796875 0.08125
3 0.35859375 0.9703125 0.059375 0.0328125
3 0.290625 0.8015625 0.0953125 0.0609375
2 0.37890625 0.18125 0.075 0.05625
2 0.20625 0.571875 0.128125 0.1109375
2 0.1078125 0.53359375 0.153125 0.2015625
2 0.05078125 0.56015625 0.090625 0.0703125
2 0.02734375 0.6984375 0.0546875 0.13125
2 0.034375 0.61875 0.06875 0.0625
2 0.278125 0.4828125 0.0484375 0.0625
3 0.1328125 0.14296875 0.14375 0.13125
4 0.3453125 0.01484375 0.103125 0.0296875
2 0.27265625 0.73984375 0.0640625 0.0453125
4 0.1875 0.36171875 0.134375 0.0859375
4 0.43515625 0.26796875 0.0765625 0.0484375