3 0.3125 0.03359375 0.0296875 0.0421875
2 0.3328125 0.1515625 0.021875 0.0171875
1 0.53203125 0.02265625 0.0671875 0.0453125
4 0.46640625 0.28203125 0.0421875 0.040625
3 0.7796875 0.0359375 0.0796875 0.05625
3 0.8984375 0.21171875 0.08125 0.040625
3 0.87421875 0.0453125 0.0765625 0.06875
4 0.975 0.03359375 0.05 0.0359375
1 0.9734375 0.12109375 0.053125 0.0734375
4 0.98828125 0.2390625 0.0234375 0.06875
2 0.68359375 0.34296875 0.0453125 0.040625
4 0.6546875 0.421875 0.1140625 0.1046875
2 0.80546875 0.5171875 0.115625 0.090625
2 0.4453125 0.434375 0.04375 0.0296875
2 0.6859375 0.6578125 0.0546875 0.0375
2 0.6296875 0.753125 0.0453125 0.0390625
4 0.90234375 0.79453125 0.090625 0.0546875
4 0.4015625 0.62265625 0.065625 0.0828125
3 0.38125 0.80390625 0.0484375 0.0515625