3 0.5421875 0.728125 0.05625 0.0609375
2 0.725 0.953125 0.0515625 0.034375
3 0.43671875 0.74921875 0.1125 0.0890625
3 0.28671875 0.58828125 0.04375 0.10625
3 0.15859375 0.540625 0.08125 0.0953125
3 0.18203125 0.69609375 0.09375 0.084375
3 0.25078125 0.8484375 0.0984375 0.1
3 0.3546875 0.81953125 0.084375 0.1140625
4 0.43046875 0.8375 0.0703125 0.06875
4 0.95703125 0.321875 0.0546875 0.1109375
4 0.57421875 0.134375 0.05 0.04375
3 0.32890625 0.69375 0.10625 0.0734375
2 0.4546875 0.96640625 0.1125 0.0671875
2 0.5625 0.94296875 0.0703125 0.1140625