4 0.63828125 0.55703125 0.10625 0.140625
4 0.66640625 0.65625 0.1 0.0953125
2 0.80859375 0.634375 0.078125 0.0765625
3 0.85234375 0.515625 0.0453125 0.053125
3 0.7953125 0.45234375 0.0703125 0.0625
3 0.684375 0.61875 0.059375 0.0921875
3 0.38828125 0.13203125 0.0890625 0.109375
2 0.47734375 0.09609375 0.1125 0.1078125
4 0.36171875 0.471875 0.0921875 0.103125
2 0.61953125 0.8828125 0.1 0.1015625
2 0.45859375 0.225 0.0578125 0.0515625
4 0.02109375 0.5390625 0.0421875 0.08125
4 0.27578125 0.71796875 0.075 0.0921875
4 0.3765625 0.2484375 0.0625 0.040625