3 0.46640625 0.4734375 0.0609375 0.0546875
3 0.29765625 0.45625 0.1046875 0.0734375
3 0.10546875 0.3453125 0.0703125 0.0625
3 0.046875 0.37890625 0.0390625 0.053125
3 0.31015625 0.87578125 0.15 0.1125
3 0.446875 0.78984375 0.059375 0.159375
3 0.575 0.4234375 0.0640625 0.0640625
3 0.5484375 0.3828125 0.0546875 0.0640625
2 0.87734375 0.67734375 0.0671875 0.0671875
4 0.67734375 0.52265625 0.05 0.084375
2 0.49296875 0.7171875 0.1203125 0.18125
4 0.434375 0.56328125 0.0625 0.0796875
3 0.49296875 0.59140625 0.05 0.0453125
3 0.30390625 0.59453125 0.090625 0.1203125
2 0.3921875 0.63515625 0.0984375 0.10625
2 0.40546875 0.71875 0.053125 0.075
1 0.25625 0.72265625 0.0875 0.109375
2 0.20625 0.8109375 0.09375 0.1625
4 0.0390625 0.875 0.078125 0.1
1 0.48359375 0.96484375 0.0921875 0.0703125
3 0.75703125 0.94140625 0.1453125 0.1171875
4 0.6078125 0.71015625 0.103125 0.1609375