2 0.77734375 0.684375 0.090625 0.0578125
2 0.55078125 0.2 0.0921875 0.1015625
2 0.26328125 0.05234375 0.109375 0.071875
2 0.4234375 0.434375 0.0578125 0.059375
4 0.05703125 0.90546875 0.0796875 0.14375
4 0.71015625 0.8625 0.1328125 0.121875
4 0.40859375 0.79140625 0.0671875 0.1015625
3 0.725 0.3609375 0.084375 0.08125
3 0.8546875 0.3390625 0.053125 0.0734375
3 0.40078125 0.00546875 0.0578125 0.0109375
4 0.67578125 0.65390625 0.1125 0.1265625
3 0.659375 0.6078125 0.096875 0.0703125
3 0.23671875 0.10625 0.1015625 0.09375
1 0.33046875 0.0234375 0.1078125 0.046875
4 0.05859375 0.48828125 0.115625 0.075