2 0.78046875 0.63671875 0.090625 0.05625
2 0.50390625 0.19453125 0.090625 0.1015625
2 0.03046875 0.04609375 0.0609375 0.0328125
2 0.20703125 0.0859375 0.109375 0.0703125
2 0.4078125 0.43671875 0.05625 0.05625
4 0.1078125 0.9328125 0.08125 0.134375
4 0.73671875 0.81796875 0.1328125 0.1203125
4 0.4359375 0.7859375 0.06875 0.1015625
3 0.69140625 0.3296875 0.0828125 0.0796875
3 0.81484375 0.29296875 0.0546875 0.071875
3 0.3359375 0.01875 0.0578125 0.0203125
4 0.678125 0.61953125 0.1125 0.125
3 0.65703125 0.5765625 0.0953125 0.0703125
3 0.1875 0.14140625 0.1 0.09375
1 0.2671875 0.04296875 0.10625 0.0640625
4 0.0609375 0.5328125 0.1140625 0.0734375