4 0.70859375 0.2265625 0.059375 0.078125
4 0.584375 0.19296875 0.078125 0.0859375
2 0.85234375 0.1453125 0.1296875 0.0921875
3 0.60859375 0.01875 0.1 0.034375
3 0.54609375 0.09765625 0.071875 0.0875
2 0.41328125 0.46015625 0.0453125 0.0296875
3 0.19375 0.33203125 0.0359375 0.028125
4 0.31953125 0.56953125 0.046875 0.0421875
4 0.39140625 0.609375 0.0828125 0.128125
2 0.1890625 0.58359375 0.025 0.021875
2 0.8703125 0.48828125 0.1203125 0.084375
1 0.7421875 0.3890625 0.0828125 0.05
4 0.96484375 0.346875 0.0703125 0.065625
2 0.73125 0.59609375 0.0921875 0.0546875
2 0.70234375 0.678125 0.0859375 0.0578125
4 0.6578125 0.67734375 0.05625 0.0703125
3 0.69609375 0.59921875 0.0625 0.0953125
2 0.803125 0.5 0.0453125 0.0359375
4 0.54765625 0.384375 0.06875 0.0734375
2 0.70546875 0.984375 0.1046875 0.03125