3 0.5828125 0.3484375 0.0359375 0.1140625
3 0.6859375 0.5421875 0.1125 0.08125
3 0.7484375 0.1328125 0.028125 0.0796875
3 0.984375 0.16953125 0.03125 0.0859375
3 0.99296875 0.334375 0.0140625 0.053125
3 0.89375 0.14765625 0.05 0.075
3 0.93125 0.1203125 0.0515625 0.0515625
2 0.87578125 0.29921875 0.0453125 0.0671875
4 0.8765625 0.2734375 0.0609375 0.040625
2 0.88046875 0.2078125 0.065625 0.0703125
2 0.996875 0.203125 0.00625 0.046875
4 0.96875 0.128125 0.03125 0.059375
2 0.73515625 0.27734375 0.0390625 0.0296875
1 0.91953125 0.43828125 0.0875 0.090625
1 0.98671875 0.6421875 0.0203125 0.115625
2 0.8171875 0.79609375 0.1265625 0.121875
2 0.734375 0.0953125 0.0546875 0.0453125
2 0.40078125 0.16015625 0.1078125 0.0546875
2 0.40703125 0.31484375 0.0484375 0.0421875
2 0.4703125 0.14453125 0.05625 0.0703125
4 0.24140625 0.14296875 0.1 0.090625
2 0.0265625 0.3625 0.0453125 0.05625
4 0.10234375 0.4328125 0.0515625 0.0609375
3 0.09453125 0.70859375 0.0484375 0.1171875
4 0.03671875 0.7109375 0.0734375 0.10625
1 0.271875 0.9640625 0.0984375 0.059375
4 0.3375 0.5203125 0.084375 0.08125