3 0.12890625 0.04921875 0.109375 0.046875
1 0.4046875 0.28515625 0.0515625 0.0546875
3 0.5890625 0.2890625 0.034375 0.0265625
3 0.66796875 0.1703125 0.0234375 0.025
2 0.49453125 0.11875 0.0328125 0.021875
4 0.5453125 0.371875 0.0234375 0.0140625
4 0.409375 0.4359375 0.0515625 0.046875
2 0.3625 0.39140625 0.0265625 0.05
2 0.4015625 0.37734375 0.0421875 0.059375
4 0.22109375 0.584375 0.0953125 0.1203125
2 0.16640625 0.50390625 0.0453125 0.04375
2 0.4359375 0.60703125 0.0421875 0.0328125
2 0.05859375 0.04140625 0.065625 0.015625
2 0.171875 0.76484375 0.0984375 0.084375
2 0.10703125 0.27578125 0.0703125 0.028125
2 0.15546875 0.14296875 0.08125 0.084375
2 0.05234375 0.19375 0.0671875 0.0546875