2 0.88125 0.64375 0.0609375 0.09375
4 0.821875 0.64375 0.109375 0.121875
4 0.884375 0.440625 0.1046875 0.1328125
4 0.20703125 0.37578125 0.0828125 0.128125
4 0.36171875 0.6609375 0.1078125 0.0703125
4 0.403125 0.5515625 0.0796875 0.0640625
4 0.21171875 0.0640625 0.0890625 0.0578125
2 0.58359375 0.8390625 0.0625 0.0859375
2 0.778125 0.2296875 0.1046875 0.1421875
2 0.01953125 0.26484375 0.0390625 0.0640625
2 0.83671875 0.81875 0.078125 0.071875
3 0.73203125 0.69453125 0.0734375 0.1015625
2 0.36875 0.33671875 0.09375 0.0890625
3 0.78984375 0.9859375 0.0375 0.01875
4 0.11796875 0.8375 0.1796875 0.1125