3 0.45625 0.44609375 0.0671875 0.0640625
3 0.2890625 0.4015625 0.115625 0.090625
3 0.1140625 0.26015625 0.0765625 0.0703125
3 0.05390625 0.28515625 0.0390625 0.0546875
3 0.23515625 0.825 0.1640625 0.1328125
3 0.38671875 0.76015625 0.084375 0.165625
3 0.5734375 0.4125 0.071875 0.071875
3 0.55390625 0.36796875 0.0625 0.071875
2 0.83671875 0.71640625 0.075 0.075
4 0.66015625 0.52890625 0.0625 0.0921875
2 0.44375 0.6953125 0.1484375 0.196875
4 0.41015625 0.53125 0.0765625 0.0890625
3 0.4640625 0.56953125 0.0546875 0.05
3 0.2734375 0.5421875 0.109375 0.1328125
2 0.35703125 0.59609375 0.115625 0.1203125
2 0.35625 0.6828125 0.0625 0.0828125
1 0.2046875 0.66328125 0.1046875 0.1234375
2 0.14140625 0.74375 0.1171875 0.175
1 0.39375 0.94921875 0.1046875 0.0953125
3 0.6703125 0.94609375 0.165625 0.1078125
4 0.56171875 0.70625 0.1265625 0.1734375