3 0.225 0.62734375 0.053125 0.0890625
3 0.38359375 0.946875 0.0984375 0.10625
3 0.70703125 0.39375 0.109375 0.121875
3 0.27734375 0.290625 0.0734375 0.1015625
3 0.396875 0.275 0.121875 0.0921875
3 0.18984375 0.1734375 0.0921875 0.046875
3 0.24453125 0.1390625 0.096875 0.04375
3 0.16015625 0.23359375 0.0859375 0.0640625
3 0.1875 0.33125 0.059375 0.0671875
2 0.3765625 0.22578125 0.0875 0.0859375
2 0.321875 0.47578125 0.096875 0.08125
2 0.40390625 0.39453125 0.0703125 0.059375
2 0.79375 0.26796875 0.0859375 0.071875
2 0.48203125 0.79296875 0.053125 0.046875
4 0.76875 0.91328125 0.1203125 0.115625
2 0.38203125 0.44765625 0.04375 0.05
4 0.3453125 0.3921875 0.0703125 0.0453125
1 0.4875 0.34140625 0.1015625 0.0703125
4 0.2140625 0.284375 0.0640625 0.046875
2 0.234375 0.98125 0.06875 0.0375
4 0.3046875 0.97109375 0.1 0.0578125
4 0.69609375 0.04765625 0.0765625 0.0953125
2 0.56171875 0.21953125 0.0828125 0.1015625
2 0.22734375 0.19609375 0.0546875 0.0421875
4 0.090625 0.6078125 0.05625 0.0484375