4 0.8515625 0.3015625 0.0421875 0.040625
3 0.82578125 0.390625 0.0609375 0.065625
3 0.80625 0.4359375 0.0484375 0.06875
3 0.67734375 0.35703125 0.0296875 0.028125
3 0.6796875 0.30703125 0.0359375 0.040625
4 0.6828125 0.7234375 0.065625 0.0828125
3 0.7625 0.59375 0.06875 0.071875
4 0.7453125 0.63828125 0.0390625 0.0484375
4 0.93984375 0.721875 0.0671875 0.08125
1 0.8859375 0.6109375 0.0375 0.065625
4 0.74921875 0.365625 0.0390625 0.0328125
4 0.63828125 0.37109375 0.0203125 0.0375
4 0.65625 0.46953125 0.0140625 0.0203125
3 0.64609375 0.4546875 0.0359375 0.03125
3 0.58515625 0.44140625 0.0359375 0.0703125
3 0.56640625 0.4671875 0.0390625 0.08125
4 0.5359375 0.353125 0.0171875 0.0265625
3 0.48515625 0.46171875 0.03125 0.0734375
4 0.5046875 0.425 0.0203125 0.0296875
4 0.5734375 0.62265625 0.0265625 0.0453125
4 0.56796875 0.5890625 0.0234375 0.0265625
3 0.5390625 0.65703125 0.0390625 0.1015625
3 0.46171875 0.59765625 0.025 0.0640625
3 0.4765625 0.515625 0.0453125 0.0765625
1 0.3359375 0.46953125 0.053125 0.05
1 0.30234375 0.48046875 0.0296875 0.01875
1 0.365625 0.5015625 0.0265625 0.0453125
4 0.41171875 0.534375 0.040625 0.0703125
4 0.4390625 0.39765625 0.0203125 0.03125
1 0.42578125 0.4 0.01875 0.0328125
3 0.38359375 0.55859375 0.0265625 0.0890625
4 0.2296875 0.44921875 0.0296875 0.0265625
4 0.2375 0.475 0.0203125 0.03125
1 0.184375 0.4734375 0.08125 0.08125
3 0.12734375 0.41640625 0.0375 0.0609375
4 0.16875 0.5640625 0.0296875 0.0484375
4 0.1828125 0.51796875 0.05 0.05625
3 0.1234375 0.4875 0.06875 0.053125
3 0.025 0.51875 0.05 0.040625
3 0.0546875 0.47734375 0.0703125 0.059375
4 0.10078125 0.44453125 0.0390625 0.046875
4 0.03046875 0.44609375 0.025 0.0375