4 0.35703125 0.665625 0.0703125 0.0734375
3 0.67265625 0.83671875 0.0640625 0.134375
2 0.759375 0.49140625 0.06875 0.0921875
3 0.8546875 0.33984375 0.0796875 0.0703125
4 0.94140625 0.27265625 0.059375 0.0625
2 0.50078125 0.6734375 0.0828125 0.1265625
1 0.446875 0.74375 0.0984375 0.078125
2 0.321875 0.7828125 0.05 0.075
3 0.16953125 0.690625 0.1140625 0.0796875
3 0.34609375 0.5265625 0.0546875 0.053125
3 0.29765625 0.4578125 0.0828125 0.0734375
3 0.19609375 0.43515625 0.0796875 0.0828125
3 0.21328125 0.55546875 0.090625 0.115625
3 0.07734375 0.51953125 0.0390625 0.0734375
4 0.27578125 0.56328125 0.0546875 0.078125
4 0.015625 0.95 0.03125 0.034375