3 0.4296875 0.18515625 0.0828125 0.0546875
3 0.27734375 0.4203125 0.1296875 0.059375
2 0.29375 0.51484375 0.0484375 0.0484375
2 0.46875 0.53203125 0.0734375 0.109375
2 0.275 0.178125 0.0390625 0.0515625
3 0.02421875 0.24296875 0.0484375 0.1234375
3 0.359375 0.0296875 0.05625 0.0390625
2 0.3234375 0.04453125 0.0828125 0.065625
2 0.22890625 0.06015625 0.0703125 0.05
4 0.25546875 0.0484375 0.0515625 0.0546875
1 0.0734375 0.053125 0.0734375 0.0296875
2 0.4984375 0.17265625 0.046875 0.0453125
4 0.08984375 0.59375 0.11875 0.08125
4 0.22890625 0.80390625 0.0546875 0.0515625
4 0.603125 0.875 0.075 0.121875
4 0.49921875 0.65234375 0.1171875 0.128125