4 0.28046875 0.42421875 0.075 0.071875
3 0.15078125 0.771875 0.1375 0.065625
2 0.515625 0.8109375 0.0953125 0.071875
3 0.68359375 0.88671875 0.0734375 0.0828125
4 0.76484375 0.959375 0.065625 0.0515625
2 0.29296875 0.57265625 0.1296875 0.0859375
1 0.21328125 0.528125 0.08125 0.1
2 0.15625 0.40625 0.0765625 0.0515625
3 0.228125 0.23671875 0.0796875 0.1171875
3 0.4203125 0.39453125 0.053125 0.05625
3 0.48359375 0.33515625 0.075 0.0859375
3 0.4921875 0.22734375 0.0859375 0.084375
3 0.371875 0.2625 0.11875 0.0921875
3 0.3890625 0.11875 0.075 0.0390625
4 0.37265625 0.3265625 0.08125 0.0546875