3 0.11328125 0.978125 0.0890625 0.04375
3 0.71328125 0.86328125 0.0375 0.0421875
2 0.15234375 0.44453125 0.134375 0.0890625
2 0.33828125 0.17109375 0.0453125 0.0421875
2 0.24453125 0.30078125 0.05625 0.046875
4 0.55 0.3328125 0.103125 0.1265625
2 0.53828125 0.496875 0.05 0.034375
4 0.5375 0.659375 0.0421875 0.04375
1 0.525 0.84453125 0.0625 0.0546875
2 0.6625 0.75546875 0.0265625 0.01875
2 0.27890625 0.6421875 0.0453125 0.040625
3 0.0625 0.8234375 0.0484375 0.0375
4 0.3 0.5640625 0.121875 0.115625
3 0.19765625 0.9625 0.0796875 0.075
2 0.296875 0.8578125 0.065625 0.0359375
4 0.0078125 0.1625 0.015625 0.05