3 0.52578125 0.815625 0.1234375 0.071875
3 0.5390625 0.8546875 0.121875 0.0859375
3 0.6953125 0.80625 0.09375 0.05
3 0.35078125 0.63203125 0.1328125 0.1390625
3 0.05859375 0.4390625 0.1171875 0.153125
3 0.14609375 0.3609375 0.1359375 0.0640625
3 0.1703125 0.2046875 0.125 0.13125
3 0.16171875 0.1359375 0.121875 0.090625
3 0.36015625 0.0859375 0.103125 0.0796875
3 0.60859375 0.15 0.11875 0.0484375
3 0.5625 0.1984375 0.128125 0.0875
3 0.46171875 0.19609375 0.14375 0.0921875
3 0.38046875 0.26015625 0.096875 0.140625
3 0.321875 0.21015625 0.1125 0.1421875
3 0.24765625 0.18984375 0.090625 0.109375
3 0.434375 0.4078125 0.0796875 0.0625
3 0.4890625 0.440625 0.05625 0.08125
3 0.2421875 0.49609375 0.0890625 0.0734375
3 0.2609375 0.5703125 0.109375 0.04375
3 0.42265625 0.7546875 0.059375 0.0640625
3 0.66953125 0.8640625 0.053125 0.0390625
3 0.37890625 0.84296875 0.09375 0.075
3 0.6625 0.9328125 0.075 0.0421875
3 0.3140625 0.784375 0.065625 0.0453125
1 0.153125 0.68203125 0.1140625 0.1078125
1 0.39375 0.90625 0.10625 0.0796875
1 0.94140625 0.89140625 0.059375 0.0984375
1 0.25390625 0.0515625 0.1328125 0.1
1 0.290625 0.54140625 0.08125 0.053125
1 0.0125 0.8296875 0.025 0.1
2 0.4640625 0.54140625 0.0609375 0.0671875
3 0.23203125 0.334375 0.071875 0.1015625
4 0.68515625 0.36796875 0.0515625 0.053125
4 0.55859375 0.58828125 0.0828125 0.090625
1 0.5578125 0.48046875 0.0328125 0.03125
1 0.76171875 0.9109375 0.0578125 0.0578125
3 0.625 0.49140625 0.075 0.046875
4 0.56171875 0.28671875 0.0546875 0.0546875
4 0.290625 0.740625 0.0703125 0.0640625
4 0.32109375 0.9390625 0.065625 0.0421875
2 0.39921875 0.5546875 0.053125 0.0421875
4 0.18828125 0.44921875 0.0578125 0.0578125
2 0.56328125 0.97734375 0.0953125 0.0453125
1 0.871875 0.70078125 0.03125 0.03125
2 0.91171875 0.04453125 0.05625 0.0234375
1 0.646875 0.1890625 0.05625 0.040625