4 0.7265625 0.5296875 0.15 0.1109375
4 0.40703125 0.34921875 0.1 0.1140625
2 0.85234375 0.19453125 0.0734375 0.0625
2 0.7625 0.31640625 0.04375 0.0546875
2 0.678125 0.33828125 0.0859375 0.065625
2 0.65625 0.47421875 0.084375 0.0890625
2 0.546875 0.59375 0.0625 0.04375
4 0.55078125 0.690625 0.04375 0.0453125
3 0.4578125 0.97890625 0.0515625 0.0421875
2 0.43359375 0.875 0.0296875 0.034375
2 0.753125 0.60546875 0.0484375 0.04375
3 0.95234375 0.6984375 0.0828125 0.08125
2 0.89609375 0.40625 0.115625 0.1171875
3 0.4796875 0.2671875 0.0640625 0.0828125
3 0.465625 0.38125 0.0546875 0.05
2 0.89765625 0.91796875 0.06875 0.059375
3 0.96875 0.87421875 0.0625 0.1171875