4 0.725 0.58125 0.0828125 0.0796875
3 0.790625 0.22265625 0.140625 0.0859375
2 0.43125 0.2484375 0.1 0.0828125
3 0.25546875 0.203125 0.0828125 0.0890625
4 0.1640625 0.14140625 0.071875 0.06875
2 0.6875 0.440625 0.1375 0.103125
1 0.771875 0.4703125 0.09375 0.109375
2 0.8484375 0.57734375 0.08125 0.0625
3 0.8078125 0.753125 0.096875 0.125
3 0.59375 0.63515625 0.0609375 0.0640625
3 0.54296875 0.70234375 0.0859375 0.0921875
3 0.553125 0.8078125 0.0953125 0.09375
3 0.6640625 0.75390625 0.1265625 0.1078125
3 0.671875 0.89609375 0.078125 0.05
4 0.65234375 0.69140625 0.084375 0.0671875