3 0.7625 0.8234375 0.06875 0.0796875
3 0.65703125 0.98515625 0.0953125 0.0296875
3 0.3890625 0.89453125 0.040625 0.0484375
3 0.240625 0.578125 0.05625 0.05
4 0.5578125 0.6 0.053125 0.040625
4 0.6546875 0.5125 0.053125 0.040625
4 0.56796875 0.52421875 0.1015625 0.125
3 0.8875 0.50234375 0.059375 0.059375
2 0.57734375 0.84921875 0.109375 0.0828125
2 0.92890625 0.76875 0.065625 0.078125
3 0.61953125 0.409375 0.0359375 0.0359375
3 0.90234375 0.3109375 0.0734375 0.0453125
4 0.96953125 0.16796875 0.0609375 0.1171875
4 0.74296875 0.31015625 0.05625 0.0640625