4 0.403125 0.940625 0.1296875 0.1171875
4 0.046875 0.78203125 0.09375 0.1015625
2 0.284375 0.75859375 0.053125 0.053125
2 0.4125 0.75078125 0.103125 0.103125
2 0.46328125 0.6875 0.1 0.0640625
2 0.56171875 0.48125 0.059375 0.0640625
3 0.54609375 0.4234375 0.078125 0.078125
3 0.30078125 0.49765625 0.140625 0.0578125
3 0.1078125 0.440625 0.0890625 0.11875
3 0.5828125 0.18828125 0.078125 0.040625
3 0.50859375 0.171875 0.0828125 0.0484375
3 0.4421875 0.11796875 0.075 0.1109375
3 0.440625 0.184375 0.040625 0.0484375
3 0.47421875 0.2984375 0.04375 0.0671875
3 0.57421875 0.24921875 0.0703125 0.0375
3 0.596875 0.31875 0.0609375 0.0390625
3 0.60859375 0.29375 0.0515625 0.040625
4 0.6140625 0.24453125 0.05 0.034375
1 0.31484375 0.3484375 0.0890625 0.0671875
1 0.16328125 0.18984375 0.121875 0.0671875
2 0.43046875 0.26953125 0.0578125 0.0453125
2 0.54921875 0.22890625 0.0375 0.0328125
2 0.5390625 0.309375 0.0625 0.071875
2 0.42734375 0.4375 0.034375 0.04375