3 0.08984375 0.940625 0.0796875 0.09375
3 0.2609375 0.99765625 0.084375 0.0046875
3 0.7 0.8609375 0.034375 0.0390625
2 0.18671875 0.38671875 0.128125 0.0765625
2 0.40078125 0.1328125 0.0421875 0.0390625
2 0.29375 0.253125 0.053125 0.0421875
4 0.59375 0.3171875 0.0921875 0.11875
2 0.56484375 0.478125 0.0484375 0.0296875
4 0.54609375 0.63984375 0.0390625 0.040625
1 0.51484375 0.8234375 0.0578125 0.0484375
2 0.6609375 0.7484375 0.025 0.0171875
2 0.290625 0.59609375 0.0421875 0.0375
3 0.0546875 0.75390625 0.0484375 0.034375
4 0.32109375 0.52109375 0.1125 0.1046875
3 0.1765625 0.9109375 0.0734375 0.0796875
2 0.2875 0.8125 0.0640625 0.0296875
4 0.0421875 0.0890625 0.0734375 0.04375