3 0.43984375 0.47734375 0.0609375 0.0640625
3 0.40703125 0.3078125 0.084375 0.1125
3 0.278125 0.1234375 0.0671875 0.075
3 0.30625 0.06171875 0.0546875 0.0421875
3 0.8328125 0.28359375 0.125 0.159375
3 0.7578125 0.4296875 0.165625 0.0734375
3 0.3984375 0.5921875 0.06875 0.06875
3 0.35546875 0.56953125 0.06875 0.059375
2 0.6828125 0.8765625 0.071875 0.071875
4 0.5078125 0.6875 0.090625 0.0578125
2 0.6890625 0.48359375 0.190625 0.1375
4 0.528125 0.4375 0.0859375 0.071875
3 0.56171875 0.49375 0.0484375 0.053125
3 0.54765625 0.30234375 0.128125 0.103125
2 0.596875 0.38828125 0.1140625 0.109375
2 0.6828125 0.39375 0.0796875 0.059375
1 0.6734375 0.2421875 0.11875 0.0984375
2 0.75859375 0.184375 0.1703125 0.1078125
4 0.80703125 0.0265625 0.1078125 0.053125
1 0.95 0.4484375 0.1 0.103125
3 0.9375 0.728125 0.125 0.159375
4 0.6921875 0.6 0.1703125 0.1171875