3 0.4453125 0.65703125 0.0953125 0.0859375
3 0.61015625 0.63671875 0.065625 0.0828125
3 0.75390625 0.5671875 0.0796875 0.0828125
3 0.50390625 0.5421875 0.1078125 0.053125
3 0.609375 0.50625 0.078125 0.1
3 0.7328125 0.49453125 0.1109375 0.0703125
3 0.671875 0.40390625 0.071875 0.0828125
4 0.74765625 0.41328125 0.0546875 0.0640625
3 0.65 0.30390625 0.0671875 0.053125
2 0.9015625 0.3484375 0.165625 0.128125
2 0.89921875 0.1015625 0.0453125 0.059375
2 0.10859375 0.278125 0.0390625 0.046875
3 0.16015625 0.96015625 0.0796875 0.0796875
2 0.83046875 0.2453125 0.084375 0.078125
4 0.78125 0.35625 0.103125 0.284375