2 0.53203125 0.4890625 0.1109375 0.1203125
2 0.9609375 0.33515625 0.05 0.0734375
1 0.69921875 0.8828125 0.125 0.190625
3 0.2984375 0.37890625 0.1046875 0.1140625
3 0.68125 0.1109375 0.0796875 0.0765625
3 0.7984375 0.06875 0.05625 0.0953125
3 0.5625 0.26875 0.0734375 0.0796875
3 0.125 0.29921875 0.05 0.0875
3 0.0734375 0.3359375 0.0484375 0.05
3 0.41796875 0.8171875 0.15625 0.1890625
3 0.61796875 0.68359375 0.1359375 0.1484375
3 0.95234375 0.6328125 0.0953125 0.15
4 0.82421875 0.240625 0.090625 0.06875
4 0.66953125 0.48828125 0.09375 0.15
2 0.50625 0.68046875 0.0625 0.08125
2 0.5265625 0.6265625 0.0671875 0.090625
2 0.603125 0.5890625 0.1875 0.184375
1 0.3828125 0.609375 0.0796875 0.1140625
3 0.43125 0.47421875 0.0578125 0.13125
4 0.51953125 0.4359375 0.0828125 0.084375
2 0.3546875 0.396875 0.0421875 0.0578125
2 0.3796875 0.73046875 0.125 0.1453125
4 0.1796875 0.88828125 0.059375 0.078125