3 0.453125 0.63203125 0.084375 0.0453125
3 0.403125 0.79609375 0.0859375 0.0296875
3 0.75078125 0.30078125 0.1328125 0.0640625
3 0.96171875 0.43671875 0.0765625 0.1328125
3 0.55546875 0.46484375 0.06875 0.071875
3 0.53359375 0.02421875 0.0578125 0.0484375
3 0.63515625 0.1875 0.0875 0.046875
2 0.678125 0.809375 0.065625 0.0453125
2 0.765625 0.39296875 0.1140625 0.0921875
2 0.86875 0.41015625 0.121875 0.18125
2 0.91875 0.37265625 0.08125 0.0578125
2 0.94453125 0.22734375 0.103125 0.115625
2 0.92890625 0.3109375 0.075 0.05
2 0.7140625 0.49453125 0.040625 0.0546875
3 0.92578125 0.79609375 0.1265625 0.1109375
4 0.7484375 0.9765625 0.09375 0.040625
2 0.665625 0.24296875 0.0578125 0.0359375
4 0.8265625 0.59375 0.1265625 0.0640625
4 0.6046875 0.73671875 0.06875 0.0375