4 0.32890625 0.16484375 0.0765625 0.071875
2 0.303125 0.65234375 0.09375 0.125
2 0.2 0.75625 0.0890625 0.11875
3 0.34765625 0.496875 0.115625 0.115625
3 0.4328125 0.5921875 0.0671875 0.1046875
2 0.534375 0.4578125 0.059375 0.0578125
1 0.62421875 0.678125 0.1078125 0.0984375
4 0.6921875 0.75703125 0.0671875 0.0859375
2 0.678125 0.84375 0.0578125 0.0875
2 0.36015625 0.85078125 0.05 0.04375
2 0.3375 0.91875 0.0640625 0.0890625
2 0.01328125 0.5234375 0.0265625 0.053125
4 0.21875 0.084375 0.15 0.0984375
2 0.9765625 0.590625 0.046875 0.0875
2 0.378125 0.36328125 0.0859375 0.1