4 0.63828125 0.859375 0.040625 0.0421875
3 0.55546875 0.82109375 0.06875 0.0625
3 0.51484375 0.7953125 0.0703125 0.05
3 0.6109375 0.68203125 0.0296875 0.0296875
3 0.659375 0.69296875 0.040625 0.0375
4 0.25546875 0.63125 0.084375 0.0671875
3 0.36953125 0.728125 0.0734375 0.071875
4 0.328125 0.7046875 0.05 0.0390625
4 0.2171875 0.88046875 0.0828125 0.0703125
1 0.33359375 0.8453125 0.065625 0.040625
4 0.47421875 0.99140625 0.0328125 0.0171875
4 0.59140625 0.75078125 0.0328125 0.0390625
4 0.60390625 0.6421875 0.0359375 0.0203125
4 0.5046875 0.6453125 0.0203125 0.0140625
3 0.52109375 0.6375 0.03125 0.0375
3 0.54296875 0.58046875 0.071875 0.0375
3 0.52109375 0.5578125 0.08125 0.0421875
4 0.6359375 0.5453125 0.0265625 0.01875
3 0.53984375 0.48046875 0.075 0.0359375
4 0.571875 0.5046875 0.0296875 0.021875
4 0.36953125 0.5421875 0.046875 0.0296875
4 0.40390625 0.540625 0.0265625 0.025
3 0.34296875 0.50234375 0.1 0.04375
3 0.41171875 0.4375 0.0640625 0.028125
3 0.48828125 0.46328125 0.0765625 0.0484375
1 0.5546875 0.334375 0.0515625 0.0546875
1 0.5484375 0.30078125 0.0203125 0.028125
1 0.51875 0.359375 0.0453125 0.028125
4 0.4796875 0.3984375 0.0703125 0.04375
4 0.6078125 0.4453125 0.0296875 0.021875
1 0.60859375 0.4328125 0.0328125 0.0203125
3 0.46171875 0.3671875 0.0875 0.03125
4 0.590625 0.23515625 0.028125 0.03125
4 0.5640625 0.2390625 0.0296875 0.0203125
1 0.5734375 0.1875 0.0828125 0.0859375
3 0.6375 0.14140625 0.0609375 0.040625
4 0.4890625 0.1578125 0.05 0.0296875
4 0.53046875 0.17890625 0.0546875 0.0515625
3 0.5703125 0.12578125 0.05625 0.06875
3 0.5546875 0.02734375 0.0421875 0.0515625
3 0.58984375 0.0609375 0.0625 0.071875
4 0.615625 0.1109375 0.046875 0.0421875
4 0.62421875 0.0421875 0.0359375 0.025