4 0.26796875 0.446875 0.1390625 0.1
4 0.56484375 0.63515625 0.0890625 0.1046875
2 0.13046875 0.7609375 0.0671875 0.05625
2 0.221875 0.6484375 0.0390625 0.05
2 0.3046875 0.6328125 0.0796875 0.0609375
2 0.3328125 0.50234375 0.078125 0.0796875
2 0.44375 0.39453125 0.059375 0.0390625
4 0.44453125 0.3015625 0.0390625 0.0421875
3 0.54765625 0.0296875 0.0484375 0.0390625
2 0.56640625 0.13046875 0.028125 0.0328125
2 0.24609375 0.37265625 0.04375 0.040625
3 0.0609375 0.2734375 0.0765625 0.0734375
2 0.09921875 0.55625 0.10625 0.109375
3 0.49140625 0.71015625 0.059375 0.0765625
3 0.5109375 0.6015625 0.0515625 0.0453125
2 0.1234375 0.06328125 0.0640625 0.059375
3 0.05078125 0.103125 0.0609375 0.1109375