4 0.7921875 0.68828125 0.078125 0.0609375
4 0.81328125 0.5625 0.0859375 0.08125
2 0.8859375 0.8203125 0.09375 0.13125
3 0.98359375 0.56796875 0.0328125 0.0984375
3 0.9015625 0.51484375 0.0890625 0.075
2 0.5328125 0.42265625 0.03125 0.0453125
3 0.6359375 0.19453125 0.028125 0.034375
4 0.4171875 0.3421875 0.04375 0.046875
4 0.384375 0.41640625 0.1296875 0.0859375
2 0.3890625 0.215625 0.021875 0.0265625
2 0.55234375 0.87265625 0.0859375 0.1203125
1 0.6375 0.73671875 0.0515625 0.08125
4 0.7015625 0.9515625 0.065625 0.075
2 0.4328125 0.7484375 0.05625 0.09375
2 0.34921875 0.728125 0.059375 0.084375
4 0.3453125 0.684375 0.0703125 0.0578125
3 0.4265625 0.71328125 0.0953125 0.0640625
2 0.53515625 0.80859375 0.0375 0.04375
4 0.621875 0.54609375 0.0765625 0.0703125
2 0.040625 0.7640625 0.053125 0.1046875