3 0.4484375 0.1765625 0.08125 0.0484375
3 0.26328125 0.39765625 0.1296875 0.05
2 0.26875 0.4953125 0.04375 0.04375
2 0.44453125 0.53515625 0.065625 0.10625
2 0.2921875 0.14921875 0.0359375 0.05
3 0.02734375 0.1828125 0.0453125 0.1171875
3 0.39609375 0.01328125 0.0546875 0.0265625
2 0.35859375 0.02578125 0.0796875 0.0515625
2 0.259375 0.02421875 0.06875 0.0453125
4 0.28828125 0.02109375 0.0484375 0.0421875
1 0.1015625 0.0046875 0.075 0.009375
2 0.5203125 0.171875 0.04375 0.040625
4 0.0546875 0.55078125 0.109375 0.0734375
4 0.16640625 0.78203125 0.053125 0.05
4 0.53828125 0.90078125 0.0671875 0.1203125
4 0.4609375 0.66171875 0.1109375 0.121875