3 0.5625 0.38984375 0.0953125 0.0828125
3 0.38671875 0.38984375 0.0625 0.084375
3 0.225 0.44453125 0.078125 0.0796875
3 0.48515625 0.503125 0.1125 0.04375
3 0.36953125 0.528125 0.0734375 0.1
3 0.2375 0.525 0.1140625 0.0625
3 0.29140625 0.62734375 0.06875 0.0828125
4 0.2125 0.6078125 0.05 0.0640625
3 0.30078125 0.7359375 0.0671875 0.0515625
2 0.0671875 0.653125 0.1140625 0.1125
2 0.86796875 0.83359375 0.0359375 0.046875
3 0.903125 0.1078125 0.078125 0.0765625
2 0.10234375 0.775 0.0828125 0.075
4 0.16796875 0.66328125 0.0734375 0.303125