4 0.83671875 0.57421875 0.065625 0.0703125
2 0.40546875 0.76640625 0.11875 0.084375
2 0.34765625 0.89609375 0.1125 0.0828125
3 0.53046875 0.67265625 0.1078125 0.1078125
3 0.41484375 0.62890625 0.1 0.0609375
2 0.5015625 0.490625 0.0546875 0.05625
1 0.27109375 0.4859375 0.090625 0.1
4 0.1765625 0.4515625 0.0828125 0.0625
3 0.109375 0.0953125 0.1453125 0.0984375
2 0.103125 0.49375 0.0828125 0.053125
2 0.20703125 0.7828125 0.040625 0.046875
2 0.153125 0.828125 0.0859375 0.059375
2 0.621875 0.98046875 0.0484375 0.0203125
4 0.9515625 0.64296875 0.096875 0.1484375
2 0.22421875 0.1265625 0.08125 0.0609375
2 0.64140625 0.59765625 0.09375 0.078125