4 0.58125 0.05859375 0.1375 0.1171875
4 0.17109375 0.07109375 0.125 0.1078125
2 0.40078125 0.18671875 0.0578125 0.059375
2 0.5203125 0.23984375 0.109375 0.1109375
2 0.5453125 0.3203125 0.1046875 0.071875
2 0.56328125 0.55390625 0.0640625 0.06875
3 0.52734375 0.603125 0.0828125 0.08125
3 0.31953125 0.4421875 0.14375 0.065625
3 0.1140625 0.425 0.096875 0.125
3 0.47578125 0.8421875 0.0828125 0.046875
3 0.39921875 0.83046875 0.0875 0.053125
3 0.31640625 0.8578125 0.08125 0.1171875
3 0.3390625 0.79375 0.04375 0.0515625
3 0.4125 0.696875 0.05 0.06875
3 0.490625 0.78125 0.0734375 0.0421875
3 0.53828125 0.72265625 0.0625 0.0421875
3 0.53984375 0.75078125 0.0546875 0.0453125
4 0.5265625 0.8 0.0515625 0.0375
1 0.27890625 0.590625 0.09375 0.071875
1 0.07421875 0.68671875 0.1265625 0.075
2 0.3609375 0.70859375 0.059375 0.05
2 0.459375 0.79140625 0.0390625 0.034375
2 0.47890625 0.71015625 0.06875 0.0765625
2 0.41875 0.546875 0.0359375 0.046875