4 0.61328125 0.6640625 0.075 0.0765625
3 0.32265625 0.86328125 0.075 0.1359375
2 0.203125 0.53671875 0.0765625 0.0953125
3 0.0953125 0.39921875 0.084375 0.078125
4 0.01796875 0.34140625 0.0359375 0.0671875
2 0.47421875 0.6859375 0.0921875 0.1296875
1 0.53359375 0.75 0.1015625 0.0859375
2 0.65859375 0.775 0.0546875 0.075
3 0.79765625 0.66953125 0.1171875 0.0859375
3 0.60859375 0.528125 0.0578125 0.05625
3 0.6484375 0.45625 0.0875 0.078125
3 0.74609375 0.42421875 0.0875 0.0890625
3 0.74140625 0.54296875 0.0984375 0.11875
3 0.8703125 0.49453125 0.04375 0.0734375
4 0.68203125 0.55703125 0.059375 0.0796875
4 0.978125 0.90546875 0.04375 0.0390625