3 0.4546875 0.40234375 0.0875 0.0546875
3 0.37734375 0.25546875 0.0859375 0.0421875
3 0.7984375 0.6625 0.1328125 0.0796875
3 0.96328125 0.49453125 0.0734375 0.1359375
3 0.58359375 0.5421875 0.0765625 0.0796875
3 0.64375 0.96171875 0.0609375 0.05
3 0.71015625 0.79140625 0.090625 0.0578125
2 0.6359375 0.19296875 0.0703125 0.0546875
2 0.79609375 0.571875 0.1234375 0.1046875
2 0.89140625 0.53671875 0.14375 0.1921875
2 0.9453125 0.5625 0.0859375 0.065625
2 0.96953125 0.696875 0.0609375 0.125
2 0.96328125 0.61875 0.0734375 0.059375
2 0.728125 0.484375 0.046875 0.059375
3 0.87421875 0.159375 0.1359375 0.1234375
4 0.66953125 0.02421875 0.0984375 0.0484375
2 0.72890625 0.7328125 0.0609375 0.04375
4 0.8171875 0.3703125 0.128125 0.08125
4 0.58046875 0.275 0.071875 0.0453125