3 0.5296875 0.72890625 0.0578125 0.0609375
2 0.72109375 0.9390625 0.0546875 0.0484375
3 0.43125 0.75703125 0.1109375 0.0921875
3 0.2765625 0.6125 0.0484375 0.103125
3 0.1515625 0.57578125 0.08125 0.0953125
3 0.184375 0.72265625 0.0921875 0.084375
3 0.26015625 0.86328125 0.0984375 0.1
3 0.35703125 0.8296875 0.0859375 0.1109375
4 0.43125 0.840625 0.071875 0.06875
4 0.9234375 0.30625 0.1046875 0.11875
4 0.52109375 0.16015625 0.0484375 0.04375
3 0.32421875 0.71015625 0.1046875 0.075
2 0.465625 0.96328125 0.115625 0.0734375
2 0.5640625 0.934375 0.075 0.1125