2 0.3859375 0.5921875 0.059375 0.0984375
2 0.43828125 0.54140625 0.0703125 0.1
3 0.575 0.47578125 0.1140625 0.0546875
2 0.61796875 0.36953125 0.0734375 0.0890625
2 0.18359375 0.68515625 0.1046875 0.0828125
4 0.17265625 0.54140625 0.0796875 0.0953125
2 0.7359375 0.53515625 0.0515625 0.0734375
2 0.56796875 0.56171875 0.0359375 0.0875
1 0.72890625 0.6609375 0.0859375 0.0734375
4 0.76171875 0.971875 0.0734375 0.0484375
4 0.8046875 0.83828125 0.0640625 0.1109375
4 0.58671875 0.9 0.08125 0.078125
4 0.50703125 0.0515625 0.1421875 0.103125