1 0.4125 0.75 0.0546875 0.0578125
3 0.60390625 0.70859375 0.0375 0.028125
3 0.71015625 0.815625 0.028125 0.028125
2 0.53984375 0.9046875 0.034375 0.0234375
4 0.54140625 0.63125 0.0265625 0.015625
4 0.3875 0.59296875 0.05625 0.0484375
2 0.3484375 0.64765625 0.0265625 0.053125
2 0.390625 0.65546875 0.04375 0.0640625
4 0.16171875 0.4765625 0.103125 0.128125
2 0.12109375 0.57109375 0.0484375 0.0484375
2 0.3796875 0.409375 0.04375 0.0359375
2 0.07421875 0.29921875 0.1046875 0.090625
2 0.10546875 0.81953125 0.0734375 0.03125
2 0.1828125 0.94921875 0.0890625 0.0890625
2 0.06953125 0.915625 0.0609375 0.059375