3 0.26328125 0.0953125 0.0328125 0.040625
2 0.30234375 0.203125 0.0234375 0.01875
1 0.46875 0.04765625 0.0671875 0.05
4 0.45 0.3046875 0.0453125 0.0421875
3 0.70390625 0.025 0.0828125 0.05
3 0.846875 0.16484375 0.0796875 0.0453125
3 0.79296875 0.02421875 0.0828125 0.0484375
1 0.90546875 0.06796875 0.065625 0.0765625
4 0.94296875 0.175 0.0421875 0.0703125
2 0.66484375 0.325 0.046875 0.04375
4 0.65078125 0.4046875 0.11875 0.1109375
2 0.80859375 0.46953125 0.1203125 0.0984375
2 0.45546875 0.45078125 0.04375 0.03125
2 0.7203125 0.62265625 0.0546875 0.040625
2 0.6828125 0.72109375 0.0484375 0.0421875
4 0.946875 0.715625 0.090625 0.059375
4 0.44609375 0.6359375 0.0703125 0.0859375
3 0.45703125 0.8109375 0.0515625 0.053125