2 0.47421875 0.54921875 0.0453125 0.0328125
2 0.3390625 0.459375 0.0734375 0.0734375
4 0.2703125 0.56875 0.1203125 0.109375
2 0.25234375 0.65234375 0.05 0.0421875
2 0.07421875 0.5125 0.10625 0.1078125
4 0.03203125 0.7375 0.0296875 0.0546875
4 0.0625 0.965625 0.053125 0.06875
1 0.05 0.86328125 0.0453125 0.0640625
3 0.09375 0.796875 0.0375 0.0453125
3 0.22109375 0.97109375 0.0671875 0.0578125
3 0.1453125 0.93359375 0.08125 0.1015625
1 0.4328125 0.98203125 0.06875 0.0359375
3 0.63984375 0.915625 0.03125 0.0421875
3 0.61171875 0.803125 0.0234375 0.0265625
3 0.77578125 0.97109375 0.0296875 0.0171875
4 0.48203125 0.6890625 0.04375 0.04375
4 0.50546875 0.33515625 0.0859375 0.10625
3 0.4921875 0.17109375 0.0515625 0.05625
2 0.22734375 0.2546875 0.05 0.0484375
2 0.2015625 0.34453125 0.0453125 0.04375