4 0.18671875 0.2703125 0.075 0.0890625
4 0.30703125 0.21015625 0.0953125 0.1015625
2 0.04921875 0.21640625 0.0984375 0.1171875
3 0.328125 0.10625 0.090625 0.103125
2 0.53515625 0.45 0.0515625 0.0375
3 0.73359375 0.27578125 0.0390625 0.034375
4 0.65234375 0.5421875 0.05625 0.053125
4 0.5875 0.5984375 0.1109375 0.146875
2 0.7890625 0.53203125 0.0296875 0.0265625
2 0.0734375 0.56953125 0.1375 0.1078125
1 0.18515625 0.44296875 0.09375 0.0671875
2 0.23671875 0.65234375 0.1046875 0.0734375
2 0.2828125 0.73046875 0.0984375 0.075
4 0.328125 0.72109375 0.0703125 0.0828125
3 0.27421875 0.64765625 0.08125 0.1078125
2 0.14453125 0.56796875 0.0515625 0.046875
4 0.3828125 0.39921875 0.084375 0.0890625