3 0.51875 0.1921875 0.1390625 0.090625
3 0.5109375 0.14921875 0.1375 0.1046875
3 0.33828125 0.18046875 0.103125 0.0625
3 0.68125 0.41015625 0.15625 0.1625
3 0.94375 0.64765625 0.0984375 0.1640625
3 0.8625 0.72421875 0.1484375 0.0859375
3 0.815625 0.88671875 0.146875 0.153125
3 0.81484375 0.95234375 0.1390625 0.0953125
3 0.59921875 0.96875 0.1171875 0.0625
3 0.34609375 0.88671875 0.1296875 0.0671875
3 0.4 0.8421875 0.1453125 0.10625
3 0.50625 0.8578125 0.1625 0.115625
3 0.60078125 0.8 0.11875 0.159375
3 0.65546875 0.8609375 0.1375 0.1640625
3 0.73203125 0.89140625 0.1078125 0.125
3 0.5625 0.63671875 0.0921875 0.0765625
3 0.51015625 0.59375 0.06875 0.090625
3 0.778125 0.56796875 0.103125 0.0859375
3 0.76796875 0.4875 0.1171875 0.059375
3 0.61953125 0.2703125 0.0703125 0.0734375
3 0.3734375 0.1234375 0.059375 0.046875
3 0.678125 0.1828125 0.10625 0.0890625
3 0.38984375 0.05 0.084375 0.053125
3 0.7390625 0.25390625 0.0765625 0.05625
1 0.89609375 0.38203125 0.134375 0.1265625
1 0.6703125 0.1125 0.121875 0.0984375
1 0.09921875 0.059375 0.053125 0.103125
1 0.709375 0.98828125 0.14375 0.0234375
1 0.73203125 0.51328125 0.090625 0.065625
2 0.5484375 0.490625 0.071875 0.0765625
3 0.7671875 0.740625 0.0890625 0.115625
4 0.2921875 0.646875 0.059375 0.0625
4 0.4546875 0.42890625 0.096875 0.1046875
1 0.44140625 0.54375 0.0375 0.0375
1 0.28203125 0.0609375 0.0671875 0.0671875
3 0.371875 0.52421875 0.0859375 0.0578125
4 0.41171875 0.74921875 0.0625 0.0625
4 0.75859375 0.30234375 0.0796875 0.075
4 0.7515625 0.0875 0.0734375 0.053125
2 0.61875 0.48515625 0.059375 0.05
4 0.828125 0.625 0.0671875 0.0671875
2 0.50078125 0.02265625 0.1046875 0.0453125
1 0.1375 0.26875 0.0375 0.0375
1 0.309375 0.84140625 0.0625 0.0484375