3 0.64609375 0.43515625 0.090625 0.1
3 0.6234375 0.603125 0.0859375 0.0703125
3 0.5484375 0.75 0.0859375 0.084375
3 0.528125 0.49296875 0.0578125 0.1109375
3 0.4890625 0.6015625 0.103125 0.0828125
3 0.47421875 0.7265625 0.0734375 0.1140625
3 0.3828125 0.6625 0.0875 0.075
4 0.39140625 0.73984375 0.0671875 0.0578125
3 0.28046875 0.63828125 0.0546875 0.0671875
2 0.32109375 0.89453125 0.13125 0.165625
2 0.06875 0.8875 0.059375 0.040625
2 0.26328125 0.0828125 0.046875 0.040625
3 0.96015625 0.146875 0.0796875 0.084375
2 0.2171875 0.82265625 0.08125 0.0875
4 0.33203125 0.775 0.290625 0.1109375