3 0.865625 0.9421875 0.0625 0.109375
1 0.67890625 0.63984375 0.059375 0.0578125
3 0.70234375 0.459375 0.028125 0.0359375
3 0.8296875 0.4015625 0.0265625 0.0265625
2 0.85390625 0.5765625 0.025 0.034375
4 0.61640625 0.48984375 0.0171875 0.025
4 0.534375 0.6109375 0.05 0.0546875
2 0.56953125 0.66328125 0.05 0.0328125
2 0.5890625 0.62734375 0.0625 0.0484375
4 0.36171875 0.7703125 0.1265625 0.1078125
2 0.43046875 0.8359375 0.05 0.05
2 0.37265625 0.56015625 0.0359375 0.04375
2 0.871875 0.9890625 0.04375 0.021875
2 0.1796875 0.790625 0.0953125 0.10625
2 0.6421875 0.928125 0.0375 0.06875
2 0.778125 0.90078125 0.090625 0.090625
2 0.71171875 0.9796875 0.0609375 0.040625