3 0.3484375 0.4203125 0.115625 0.0390625
3 0.54609375 0.31484375 0.0828125 0.1140625
3 0.1296875 0.2515625 0.08125 0.028125
3 0.16796875 0.0125 0.0890625 0.025
3 0.33515625 0.0046875 0.0546875 0.009375
3 0.1453125 0.10390625 0.0765625 0.05
3 0.1171875 0.06640625 0.053125 0.0515625
2 0.29921875 0.12265625 0.0671875 0.046875
4 0.27265625 0.12109375 0.040625 0.0609375
2 0.20625 0.1171875 0.0703125 0.0671875
4 0.125 0.02734375 0.0609375 0.0328125
2 0.27734375 0.26484375 0.0296875 0.0390625
1 0.440625 0.07734375 0.09375 0.0875
1 0.6484375 0.0109375 0.11875 0.0171875
2 0.8046875 0.18203125 0.1234375 0.1296875
2 0.0921875 0.265625 0.046875 0.05625
2 0.15859375 0.6046875 0.05625 0.1109375
2 0.31484375 0.5984375 0.0421875 0.05
2 0.1421875 0.53515625 0.071875 0.05625
4 0.140625 0.76796875 0.09375 0.1015625
2 0.3625 0.9796875 0.0578125 0.0328125
4 0.43515625 0.90859375 0.0609375 0.0515625
3 0.71640625 0.91640625 0.1171875 0.05
4 0.71875 0.96875 0.10625 0.0625
1 0.96953125 0.7359375 0.046875 0.1015625
4 0.52421875 0.66953125 0.08125 0.084375