4 0.96484375 0.5890625 0.0703125 0.13125
4 0.8296875 0.96484375 0.109375 0.0703125
2 0.8 0.725 0.0578125 0.0578125
2 0.7890625 0.5875 0.1109375 0.109375
2 0.71875 0.53359375 0.0703125 0.10625
2 0.49453125 0.43203125 0.06875 0.0640625
3 0.4328125 0.44921875 0.0828125 0.084375
3 0.5171875 0.71328125 0.059375 0.1515625
3 0.46015625 0.921875 0.128125 0.09375
3 0.178125 0.41484375 0.0421875 0.084375
3 0.16171875 0.4953125 0.0484375 0.0890625
3 0.10546875 0.56796875 0.1203125 0.0796875
3 0.17734375 0.5671875 0.0515625 0.04375
3 0.29921875 0.5296875 0.071875 0.046875
3 0.24375 0.421875 0.0375 0.075
3 0.31875 0.39609375 0.0421875 0.0640625
3 0.2921875 0.38515625 0.04375 0.05625
4 0.23828125 0.3796875 0.0375 0.053125
1 0.35546875 0.70078125 0.0703125 0.0953125
1 0.1875 0.8671875 0.0703125 0.13125
2 0.26875 0.57734375 0.0484375 0.0609375
2 0.22265625 0.44921875 0.034375 0.0375
2 0.309375 0.459375 0.0765625 0.06875
2 0.45 0.57734375 0.046875 0.0359375