3 0.58671875 0.12578125 0.1296875 0.0671875
3 0.60546875 0.084375 0.1265625 0.0828125
3 0.76796875 0.1546875 0.0984375 0.046875
3 0.378125 0.30234375 0.134375 0.1421875
3 0.0515625 0.4765625 0.103125 0.15625
3 0.12890625 0.571875 0.1421875 0.0625
3 0.13828125 0.74140625 0.125 0.134375
3 0.12109375 0.8140625 0.1265625 0.090625
3 0.32734375 0.88984375 0.10625 0.0796875
3 0.6 0.8484375 0.125 0.04375
3 0.55703125 0.7921875 0.1328125 0.084375
3 0.44921875 0.78359375 0.1484375 0.090625
3 0.36875 0.70625 0.0953125 0.1453125
3 0.30078125 0.753125 0.1125 0.1484375
3 0.21875 0.765625 0.0890625 0.1125
3 0.44375 0.553125 0.0828125 0.0640625
3 0.5046875 0.5234375 0.0546875 0.084375
3 0.24765625 0.4359375 0.09375 0.071875
3 0.27578125 0.359375 0.115625 0.0390625
3 0.4703125 0.1796875 0.0609375 0.0640625
3 0.746875 0.08984375 0.0546875 0.0375
3 0.4328125 0.07890625 0.0953125 0.0734375
3 0.7484375 0.01796875 0.0796875 0.0296875
3 0.35703125 0.1359375 0.06875 0.0453125
1 0.17265625 0.2265625 0.1171875 0.1078125
1 0.45703125 0.02578125 0.1109375 0.0515625
1 0.21015625 0.915625 0.1359375 0.0984375
1 0.3046875 0.39375 0.0859375 0.053125
1 0.02734375 0.05078125 0.0421875 0.1015625
2 0.490625 0.4125 0.0609375 0.06875
3 0.21875 0.60859375 0.0703125 0.10625
4 0.70703125 0.625 0.053125 0.0546875
4 0.59765625 0.3734375 0.0828125 0.0921875
1 0.58359375 0.4890625 0.0328125 0.03125
1 0.85078125 0.05 0.0578125 0.0578125
3 0.65703125 0.4859375 0.078125 0.0453125
4 0.5671875 0.6984375 0.0546875 0.05625
4 0.32734375 0.1796875 0.071875 0.0640625
2 0.421875 0.39140625 0.053125 0.0421875
4 0.184375 0.48125 0.0578125 0.0578125
1 0.9453125 0.2875 0.03125 0.03125
2 0.9125 0.99296875 0.059375 0.0140625
1 0.646875 0.8125 0.05625 0.040625