4 0.2140625 0.71796875 0.071875 0.0875
4 0.33515625 0.77265625 0.0921875 0.0984375
2 0.0640625 0.77578125 0.128125 0.1140625
3 0.28125 0.94765625 0.1046875 0.05625
3 0.35859375 0.875 0.0875 0.1
2 0.5515625 0.528125 0.05 0.0359375
3 0.7546875 0.69375 0.0390625 0.034375
4 0.6640625 0.4328125 0.0546875 0.05
4 0.5984375 0.3796875 0.1046875 0.1421875
2 0.8 0.4390625 0.028125 0.0265625
2 0.09140625 0.4265625 0.134375 0.103125
1 0.20625 0.54765625 0.090625 0.0640625
4 0.00625 0.559375 0.0125 0.06875
2 0.25078125 0.33828125 0.1015625 0.0703125
2 0.29296875 0.26015625 0.0953125 0.071875
4 0.33828125 0.26796875 0.06875 0.078125
3 0.28671875 0.3421875 0.078125 0.10625
2 0.16171875 0.42578125 0.05 0.04375
4 0.403125 0.58359375 0.08125 0.0875