4 0.16171875 0.584375 0.0609375 0.0671875
2 0.59140625 0.75 0.1125 0.0796875
2 0.6546875 0.87265625 0.10625 0.075
3 0.465625 0.665625 0.1 0.1
3 0.575 0.61640625 0.096875 0.05625
2 0.484375 0.48671875 0.05 0.053125
1 0.7078125 0.4703125 0.084375 0.0953125
4 0.7984375 0.43125 0.0765625 0.0578125
3 0.8453125 0.07734375 0.1375 0.1
2 0.87265625 0.46953125 0.0796875 0.0484375
2 0.7859375 0.75625 0.0390625 0.04375
2 0.840625 0.79765625 0.0828125 0.0546875
2 0.390625 0.97734375 0.0484375 0.0328125
4 0.04921875 0.6578125 0.0984375 0.140625
2 0.73515625 0.11875 0.078125 0.0578125
2 0.35390625 0.5984375 0.0890625 0.0734375